101,1661,1,0
101,1656,2,0
101,1662,3,0
101,1663,4,0
101,1664,5,0
101,1047,6,0
101,548,7,0
101,501,8,0
101,675,9,0
101,522,10,0
101,523,11,0
101,524,12,0
101,534,13,0
101,535,14,0
101,536,15,0
101,537,16,0
101,1099,17,0
101,964,18,0
101,968,19,0
101,1030,20,0
101,1054,21,0
101,1055,22,0
101,910,23,0
101,1003,24,0
101,992,25,0
101,520,26,0
101,629,27,0
101,639,28,0
101,640,29,0
101,670,30,0
101,641,31,0
101,642,32,0
101,643,33,0
101,644,34,0
101,645,35,0
101,4000,36,0
101,3026,37,0
101,646,38,0
101,747,39,0
101,748,40,0
101,749,41,0
101,750,42,0
101,751,43,0
101,752,44,0
101,753,45,0
101,754,46,0
101,855,47,0
101,856,48,0
101,857,49,0
101,826,50,0
101,858,51,0
101,859,52,0
101,860,53,0
101,861,54,0
101,862,55,0
101,831,56,0
101,863,57,0
101,1191,58,0
101,864,59,0
101,865,60,0
101,866,61,0
101,867,62,0
101,868,63,0
101,869,64,0
101,9160,65,0
101,9026,66,0
101,9001,67,0
101,9002,68,0
101,9003,69,0
101,9004,70,0
101,9005,71,0
101,9006,72,0
101,9007,73,0
101,9008,74,0
101,9009,75,0
101,9010,76,0
101,9011,77,0
101,9014,78,0
101,9098,79,0
101,9080,80,0
101,9000,81,0
101,1303,82,1
102,1303,1,0
102,310,2,0
102,9013,3,0
102,811,4,0
102,9015,5,0
102,9016,6,0
102,9017,7,0
102,9018,8,0
102,9019,9,0
102,815,10,0
102,9020,11,0
102,871,12,0
102,872,13,0
102,873,14,0
102,874,15,0
102,875,16,0
102,3536,17,0
102,876,18,0
102,877,19,0
102,1192,20,0
102,878,21,0
102,1354,22,0
102,1377,23,0
102,1378,24,0
102,1379,25,0
102,1380,26,0
102,1302,27,0
102,1381,28,0
102,827,29,0
102,1382,30,0
102,1283,31,0
102,784,32,0
102,785,33,0
102,786,34,0
102,787,35,0
102,788,36,0
102,1189,37,0
102,1190,38,0
102,1152,39,0
102,1153,40,0
102,149,41,0
102,3139,42,0
102,1194,43,0
102,3169,44,0
102,1195,45,0
102,1196,46,0
102,1197,47,0
102,1198,48,0
102,1199,49,0
102,1101,50,0
102,1100,51,0
102,1102,52,0
102,993,53,0
102,914,54,0
102,991,55,0
102,1629,56,0
102,1087,57,0
102,1072,58,0
102,1094,59,0
102,1071,60,0
102,1069,61,0
102,1049,62,0
102,1029,63,0
102,1099,64,0
102,1035,65,0
102,1036,66,0
102,1037,67,0
102,1678,68,0
102,1006,69,0
102,1665,70,0
102,1666,71,0
102,1095,72,0
102,1002,73,0
102,1667,74,0
102,1141,75,0
102,1660,76,0
102,958,77,0
102,1661,78,1
301,1403,1,0
301,480,2,0
301,481,3,0
301,3013,4,0
301,1425,5,0
301,74,6,0
301,75,7,0
301,76,8,0
301,77,9,0
301,66,10,0
301,78,11,0
301,1215,12,0
301,1216,13,0
301,1217,14,0
301,1218,15,0
301,1219,16,0
301,1220,17,0
301,1221,18,0
301,1222,19,0
301,1223,20,0
301,1224,21,0
301,1225,22,0
301,1326,23,0
301,1327,24,0
301,1325,25,0
301,1328,26,0
301,1329,27,0
301,1330,28,0
301,1331,29,0
301,1332,30,0
301,1333,31,0
301,1334,32,0
301,1335,33,0
301,1336,34,0
301,1337,35,0
301,1339,36,0
301,9161,37,0
301,9022,38,0
301,9023,39,0
301,9024,40,0
301,9025,41,0
301,2892,42,0
301,9027,43,0
301,9028,44,0
301,9029,45,0
301,9030,46,0
301,9031,47,0
301,9052,48,0
301,9162,49,0
301,9008,50,0
301,9009,51,0
301,9010,52,0
301,9011,53,0
301,9014,54,0
301,9098,55,0
301,9080,56,0
301,9000,57,0
301,6001,58,1
302,3150,1,0
302,310,2,0
302,9013,3,0
302,1304,4,0
302,9034,5,0
302,9035,6,0
302,9036,7,0
302,9037,8,0
302,9038,9,0
302,2955,10,0
302,9040,11,0
302,9041,12,0
302,9042,13,0
302,9043,14,0
302,9044,15,0
302,1305,16,0
302,1340,17,0
302,1341,18,0
302,1342,19,0
302,1343,20,0
302,1344,21,0
302,1345,22,0
302,1346,23,0
302,1347,24,0
302,1348,25,0
302,1349,26,0
302,1350,27,0
302,1351,28,0
302,1352,29,0
302,1353,30,0
302,2268,31,0
302,1255,32,0
302,1256,33,0
302,1257,34,0
302,1258,35,0
302,1259,36,0
302,1260,37,0
302,1261,38,0
302,1262,39,0
302,1263,40,0
302,1264,41,0
302,59,42,0
302,68,43,0
302,69,44,0
302,70,45,0
302,2140,46,0
302,1975,47,0
302,813,48,0
302,578,49,0
302,1821,50,0
302,666,51,0
302,6000,52,1
401,600,1,0
401,672,2,0
401,671,3,0
401,644,4,0
401,645,5,0
401,3168,6,0
401,620,7,0
401,630,8,0
401,628,9,0
401,621,10,0
401,604,11,0
401,606,12,0
401,631,13,0
401,607,14,0
401,686,15,0
401,687,16,0
401,688,17,0
401,693,18,0
401,694,19,0
401,758,20,0
401,759,21,0
401,2622,22,0
401,722,23,0
401,720,24,0
401,1902,25,0
401,3372,26,0
401,3376,27,0
401,704,28,0
401,760,29,0
401,705,30,0
401,706,31,0
401,707,32,0
401,710,33,0
401,711,34,0
401,712,35,0
401,713,36,0
401,714,37,0
401,716,38,0
401,729,39,0
401,730,40,0
401,400,41,0
401,402,42,0
401,403,43,0
401,405,44,0
401,426,45,0
401,407,46,0
401,9097,47,0
401,9058,48,0
401,9000,49,0
401,6001,50,1
402,9058,1,0
402,9060,2,0
402,422,3,0
402,1399,4,0
402,423,5,0
402,424,6,0
402,461,7,0
402,409,8,0
402,410,9,0
402,411,10,0
402,412,11,0
402,413,12,0
402,414,13,0
402,415,14,0
402,731,15,0
402,732,16,0
402,733,17,0
402,734,18,0
402,735,19,0
402,736,20,0
402,737,21,0
402,738,22,0
402,739,23,0
402,740,24,0
402,741,25,0
402,742,26,0
402,761,27,0
402,743,28,0
402,3377,29,0
402,3373,30,0
402,719,31,0
402,792,32,0
402,721,33,0
402,723,34,0
402,3198,35,0
402,700,36,0
402,2332,37,0
402,695,38,0
402,696,39,0
402,697,40,0
402,698,41,0
402,699,42,0
402,702,43,0
402,620,44,0
402,630,45,0
402,628,46,0
402,621,47,0
402,604,48,0
402,606,49,0
402,631,50,0
402,607,51,0
402,1195,52,0
402,1196,53,0
402,600,54,1
503,446,1,0
503,471,2,0
503,447,3,0
503,448,4,0
503,408,5,0
503,450,6,0
503,451,7,0
503,2745,8,0
503,452,9,0
503,469,10,0
503,468,11,0
503,467,12,0
503,449,13,0
503,466,14,0
503,465,15,0
503,464,16,0
503,463,17,0
503,462,18,0
503,470,19,0
503,461,20,0
503,459,21,0
503,458,22,0
503,879,23,0
503,880,24,0
503,1091,25,0
503,1355,26,0
503,1364,27,0
503,1356,28,0
503,1357,29,0
503,1358,30,0
503,1359,31,0
503,1550,32,0
503,1549,33,0
503,1548,34,0
503,3122,35,0
503,2047,36,0
503,2046,37,0
503,2045,38,0
503,2043,39,0
503,2042,40,0
503,2041,41,0
503,2040,42,0
503,2638,43,0
503,2637,44,0
503,2655,45,0
503,2502,46,0
503,2503,47,0
503,886,48,0
503,1004,49,0
503,925,50,0
503,941,51,0
503,942,52,0
503,966,53,0
503,967,54,0
503,2493,55,0
503,2509,56,0
503,2591,57,0
503,5100,58,1
504,5100,1,0
504,2481,2,0
504,2482,3,0
504,2492,4,0
504,1832,5,0
504,1890,6,0
504,1891,7,0
504,978,8,0
504,1892,9,0
504,1893,10,0
504,999,11,0
504,1894,12,0
504,1895,13,0
504,967,14,0
504,802,15,0
504,1010,16,0
504,1065,17,0
504,309,18,0
504,2520,19,0
504,2521,20,0
504,2687,21,0
504,2606,22,0
504,2605,23,0
504,2003,24,0
504,2004,25,0
504,2005,26,0
504,2007,27,0
504,2008,28,0
504,2010,29,0
504,2011,30,0
504,3144,31,0
504,1512,32,0
504,1513,33,0
504,1514,34,0
504,1315,35,0
504,1316,36,0
504,1317,37,0
504,1318,38,0
504,1300,39,0
504,1319,40,0
504,820,41,0
504,821,42,0
504,822,43,0
504,423,44,0
504,424,45,0
504,426,46,0
504,428,47,0
504,427,48,0
504,429,49,0
504,430,50,0
504,431,51,0
504,420,52,0
504,432,53,0
504,433,54,0
504,434,55,0
504,440,56,0
504,2744,57,0
504,441,58,0
504,442,59,0
504,443,60,0
504,444,61,0
504,445,62,0
504,472,63,0
504,446,64,1
601,1106,1,0
601,1198,2,0
601,1199,3,0
601,1174,4,0
601,1108,5,0
601,1173,6,0
601,1110,7,0
601,1172,8,0
601,1112,9,0
601,1114,10,0
601,1134,11,0
601,1116,12,0
601,1117,13,0
601,1118,14,0
601,1119,15,0
601,1120,16,0
601,1121,17,0
601,1794,18,0
601,1122,19,0
601,1123,20,0
601,1124,21,0
601,1795,22,0
601,1125,23,0
601,1126,24,0
601,1127,25,0
601,1167,26,0
601,1165,27,0
601,1128,28,0
601,3039,29,0
601,3125,30,0
601,661,31,0
601,662,32,0
601,663,33,0
601,3040,34,0
601,6158,35,0
601,6159,36,0
601,6160,37,0
601,6202,38,0
601,3043,39,0
601,1498,40,0
601,3033,41,0
601,1428,42,0
601,1446,43,0
601,4030,44,0
601,1456,45,0
601,6000,46,1
602,477,1,0
602,4020,2,0
602,577,3,0
602,4021,4,0
602,1511,5,0
602,589,6,0
602,6203,7,0
602,6161,8,0
602,6162,9,0
602,6163,10,0
602,3045,11,0
602,3160,12,0
602,648,13,0
602,649,14,0
602,650,15,0
602,651,16,0
602,3046,17,0
602,1474,18,0
602,1166,19,0
602,1168,20,0
602,1175,21,0
602,1176,22,0
602,1177,23,0
602,1178,24,0
602,1447,25,0
602,1179,26,0
602,1180,27,0
602,1181,28,0
602,1182,29,0
602,1183,30,0
602,1144,31,0
602,1145,32,0
602,1169,33,0
602,1146,34,0
602,1147,35,0
602,1188,36,0
602,1171,37,0
602,1106,38,1
703,766,1,0
703,480,2,0
703,1582,3,0
703,1588,4,0
703,2213,5,0
703,1593,6,0
703,322,7,0
703,1992,8,0
703,2304,9,0
703,1471,10,0
703,2048,11,0
703,2002,12,0
703,2012,13,0
703,2013,14,0
703,2014,15,0
703,2015,16,0
703,3367,17,0
703,12,18,0
703,3211,19,0
703,2070,20,0
703,38,21,0
703,39,22,0
703,40,23,0
703,41,24,0
703,42,25,0
703,2689,26,0
703,2144,27,0
703,43,28,0
703,44,29,0
703,2061,30,0
703,3258,31,0
703,1133,32,0
703,2904,33,0
703,9970,34,0
703,9971,35,0
703,2956,36,0
703,9972,37,0
703,3197,38,0
703,2910,39,0
703,2995,40,0
703,2911,41,0
703,3553,42,0
703,2913,43,0
703,2934,44,0
703,2915,45,0
703,2916,46,0
703,2917,47,0
703,2918,48,0
703,2891,49,0
703,2919,50,0
703,2920,51,0
703,2933,52,0
703,2320,53,0
703,2321,54,0
703,2322,55,0
703,2323,56,0
703,2324,57,0
703,2360,58,0
703,2361,59,0
703,1835,60,0
703,3347,61,0
703,2747,62,0
703,2853,63,1
704,2853,1,0
704,2748,2,0
704,1836,3,0
704,2362,4,0
704,2363,5,0
704,2364,6,0
704,1681,7,0
704,2365,8,0
704,2366,9,0
704,2367,10,0
704,2368,11,0
704,2925,12,0
704,2927,13,0
704,2928,14,0
704,2953,15,0
704,2932,16,0
704,3815,17,0
704,2908,18,0
704,2909,19,0
704,2901,20,0
704,9960,21,0
704,9961,22,0
704,9962,23,0
704,3300,24,0
704,3301,25,0
704,2905,26,0
704,1088,27,0
704,3272,28,0
704,2147,29,0
704,2145,30,0
704,20,31,0
704,21,32,0
704,2343,33,0
704,2344,34,0
704,14,35,0
704,37,36,0
704,79,37,0
704,3254,38,0
704,47,39,0
704,3097,40,0
704,3212,41,0
704,1749,42,0
704,3213,43,0
704,2035,44,0
704,2621,45,0
704,2039,46,0
704,2037,47,0
704,1068,48,0
704,2083,49,0
704,2031,50,0
704,2289,51,0
704,1988,52,0
704,340,53,0
704,294,54,0
704,1595,55,0
704,899,56,0
704,6000,57,1
803,348,1,0
803,345,2,0
803,311,3,0
803,326,4,0
803,336,5,0
803,324,6,0
803,334,7,0
803,380,8,0
803,381,9,0
803,382,10,0
803,383,11,0
803,384,12,0
803,385,13,0
803,386,14,0
803,387,15,0
803,416,16,0
803,493,17,0
803,495,18,0
803,797,19,0
803,496,20,0
803,497,21,0
803,498,22,0
803,499,23,0
803,491,24,0
803,894,25,0
803,895,26,0
803,1296,27,0
803,2221,28,0
803,2267,29,0
803,2268,30,0
803,2269,31,0
803,1238,32,0
803,1239,33,0
803,1240,34,0
803,1241,35,0
803,1242,36,0
803,1227,37,0
803,68,38,0
803,69,39,0
803,70,40,0
803,2140,41,0
803,586,42,0
803,1421,43,0
803,1498,44,0
803,3033,45,0
803,1428,46,0
803,1446,47,0
803,4030,48,0
803,1456,49,0
803,6000,50,1
804,597,1,0
804,4020,2,0
804,577,3,0
804,4021,4,0
804,585,5,0
804,587,6,0
804,74,7,0
804,75,8,0
804,76,9,0
804,77,10,0
804,66,11,0
804,1243,12,0
804,1228,13,0
804,1229,14,0
804,1230,15,0
804,1231,16,0
804,1232,17,0
804,2217,18,0
804,1225,19,0
804,2219,20,0
804,2220,21,0
804,1237,22,0
804,838,23,0
804,839,24,0
804,762,25,0
804,763,26,0
804,764,27,0
804,365,28,0
804,799,29,0
804,488,30,0
804,366,31,0
804,367,32,0
804,368,33,0
804,854,34,0
804,369,35,0
804,370,36,0
804,371,37,0
804,372,38,0
804,373,39,0
804,374,40,0
804,375,41,0
804,376,42,0
804,335,43,0
804,337,44,0
804,339,45,0
804,341,46,0
804,348,47,1
901,3570,1,0
901,3501,2,0
901,4121,3,0
901,4120,4,0
901,4111,5,0
901,4123,6,0
901,4112,7,0
901,4115,8,0
901,4116,9,0
901,4117,10,0
901,4910,11,0
901,4911,12,0
901,4912,13,0
901,4913,14,0
901,4914,15,0
901,4915,16,0
901,4916,17,0
901,4917,18,0
901,2448,19,0
901,3231,20,0
901,4918,21,0
901,4920,22,0
901,2450,23,0
901,2435,24,0
901,2436,25,0
901,2453,26,0
901,1704,27,0
901,1801,28,0
901,1705,29,0
901,1751,30,0
901,1707,31,0
901,3504,32,0
901,1807,33,0
901,1487,34,0
901,2335,35,0
901,1496,36,0
901,1497,37,0
901,1412,38,0
901,1488,39,0
901,1489,40,0
901,1494,41,0
901,1490,42,0
901,1491,43,0
901,840,44,0
901,1492,45,0
901,1493,46,0
901,1416,47,0
901,1424,48,0
901,851,49,0
901,2970,50,0
901,2585,51,0
901,1456,52,0
901,6000,53,1
902,597,1,0
902,1838,2,0
902,3192,3,0
902,849,4,0
902,1404,5,0
902,1405,6,0
902,1415,7,0
902,1480,8,0
902,1481,9,0
902,837,10,0
902,1482,11,0
902,1483,12,0
902,1495,13,0
902,1484,14,0
902,1485,15,0
902,1468,16,0
902,1410,17,0
902,1478,18,0
902,1479,19,0
902,1486,20,0
902,1633,21,0
902,1808,22,0
902,3308,23,0
902,1700,24,0
902,1752,25,0
902,1702,26,0
902,1800,27,0
902,1703,28,0
902,2452,29,0
902,2400,30,0
902,2401,31,0
902,4101,32,0
902,1042,33,0
902,1882,34,0
902,2437,35,0
902,2438,36,0
902,4921,37,0
902,4922,38,0
902,4923,39,0
902,4924,40,0
902,4925,41,0
902,4926,42,0
902,4927,43,0
902,4928,44,0
902,4100,45,0
902,4125,46,0
902,4102,47,0
902,4103,48,0
902,4104,49,0
902,4113,50,0
902,4942,51,0
902,4105,52,0
902,4124,53,0
902,4118,54,0
902,4119,55,0
902,4122,56,0
902,3535,57,0
902,3566,58,0
902,3537,59,0
902,3570,60,1
1003,597,1,0
1003,480,2,0
1003,481,3,0
1003,1822,4,0
1003,1508,5,0
1003,1509,6,0
1003,1510,7,0
1003,1061,8,0
1003,1600,9,0
1003,3343,10,0
1003,1798,11,0
1003,1603,12,0
1003,1604,13,0
1003,1605,14,0
1003,1606,15,0
1003,1993,16,0
1003,3358,17,0
1003,3357,18,0
1003,3345,19,0
1003,2100,20,0
1003,3030,21,0
1003,3421,22,0
1003,3408,23,0
1003,3409,24,0
1003,3410,25,0
1003,3411,26,0
1003,3412,27,0
1003,3413,28,0
1003,3414,29,0
1003,3415,30,0
1003,1848,31,0
1003,1854,32,0
1003,2105,33,0
1003,3015,34,0
1003,2106,35,0
1003,2111,36,0
1003,1459,37,0
1003,1461,38,0
1003,1462,39,0
1003,1463,40,0
1003,1464,41,0
1003,1465,42,0
1003,1398,43,0
1003,1466,44,0
1003,783,45,0
1003,67,46,0
1003,789,47,0
1003,1883,48,0
1003,2466,49,0
1003,2467,50,0
1003,3277,51,0
1003,2468,52,0
1003,2245,53,0
1003,2246,54,0
1003,2247,55,0
1003,2248,56,0
1003,2249,57,0
1003,2250,58,0
1003,2325,59,0
1003,72,60,0
1003,73,61,0
1003,778,62,0
1003,94,63,0
1003,2153,64,0
1003,2154,65,0
1003,1294,66,0
1003,3306,67,0
1003,1295,68,0
1003,2342,69,0
1003,1458,70,0
1003,6002,71,1
1004,2266,1,0
1004,2290,2,0
1004,346,3,0
1004,3307,4,0
1004,1783,5,0
1004,352,6,0
1004,1694,7,0
1004,2394,8,0
1004,22,9,0
1004,830,10,0
1004,3175,11,0
1004,23,12,0
1004,24,13,0
1004,2238,14,0
1004,2239,15,0
1004,2240,16,0
1004,2241,17,0
1004,2242,18,0
1004,2243,19,0
1004,2454,20,0
1004,3276,21,0
1004,2461,22,0
1004,2462,23,0
1004,2463,24,0
1004,401,25,0
1004,54,26,0
1004,404,27,0
1004,1669,28,0
1004,1670,29,0
1004,1671,30,0
1004,1672,31,0
1004,1673,32,0
1004,1674,33,0
1004,1675,34,0
1004,1676,35,0
1004,3147,36,0
1004,2112,37,0
1004,2113,38,0
1004,2114,39,0
1004,2120,40,0
1004,2197,41,0
1004,3002,42,0
1004,3309,43,0
1004,3310,44,0
1004,3311,45,0
1004,3312,46,0
1004,3313,47,0
1004,1857,48,0
1004,2667,49,0
1004,1634,50,0
1004,1635,51,0
1004,2551,52,0
1004,3416,53,0
1004,590,54,0
1004,591,55,0
1004,592,56,0
1004,3356,57,0
1004,1981,58,0
1004,1987,59,0
1004,1608,60,0
1004,1616,61,0
1004,1609,62,0
1004,1610,63,0
1004,1878,64,0
1004,1612,65,0
1004,1614,66,0
1004,1066,67,0
1004,1521,68,0
1004,1522,69,0
1004,1523,70,0
1004,2577,71,0
1004,666,72,0
1004,597,73,1
1103,3150,1,0
1103,310,2,0
1103,9013,3,0
1103,811,4,0
1103,9015,5,0
1103,9016,6,0
1103,9017,7,0
1103,9018,8,0
1103,9019,9,0
1103,815,10,0
1103,9020,11,0
1103,2886,12,0
1103,2958,13,0
1103,2931,14,0
1103,2952,15,0
1103,2826,16,0
1103,893,17,0
1103,2827,18,0
1103,2828,19,0
1103,2829,20,0
1103,2844,21,0
1103,2843,22,0
1103,2842,23,0
1103,2819,24,0
1103,2870,25,0
1103,2900,26,0
1103,2935,27,0
1103,2936,28,0
1103,2937,29,0
1103,2963,30,0
1103,2964,31,0
1103,2989,32,0
1103,2987,33,0
1103,2800,34,0
1103,2801,35,0
1103,2802,36,0
1103,2897,37,0
1103,2848,38,1
1104,2848,1,0
1104,3009,2,0
1104,2771,3,0
1104,2772,4,0
1104,2707,5,0
1104,3279,6,0
1104,2736,7,0
1104,2737,8,0
1104,2738,9,0
1104,2704,10,0
1104,2986,11,0
1104,2988,12,0
1104,2860,13,0
1104,2883,14,0
1104,2847,15,0
1104,2846,16,0
1104,2845,17,0
1104,2811,18,0
1104,2812,19,0
1104,2899,20,0
1104,2813,21,0
1104,2116,22,0
1104,379,23,0
1104,2294,24,0
1104,2882,25,0
1104,9068,26,0
1104,9069,27,0
1104,9071,28,0
1104,9072,29,0
1104,9073,30,0
1104,9074,31,0
1104,9075,32,0
1104,9076,33,0
1104,9077,34,0
1104,9078,35,0
1104,9079,36,0
1104,9012,37,0
1104,9026,38,0
1104,9001,39,0
1104,9002,40,0
1104,9003,41,0
1104,9004,42,0
1104,9005,43,0
1104,9006,44,0
1104,9007,45,0
1104,9008,46,0
1104,9009,47,0
1104,9010,48,0
1104,9011,49,0
1104,9014,50,0
1104,9098,51,0
1104,9080,52,0
1104,9000,53,0
1104,3150,54,1
1201,2850,1,0
1201,3009,2,0
1201,2771,3,0
1201,2772,4,0
1201,2707,5,0
1201,2709,6,0
1201,2902,7,0
1201,2924,8,0
1201,2954,9,0
1201,2986,10,0
1201,2988,11,0
1201,379,12,0
1201,2294,13,0
1201,2882,14,0
1201,2880,15,0
1201,9107,16,0
1201,9108,17,0
1201,9109,18,0
1201,9110,19,0
1201,9111,20,0
1201,9150,21,0
1201,9112,22,0
1201,9113,23,0
1201,9114,24,0
1201,9115,25,0
1201,9116,26,0
1201,2862,27,1
1202,2862,1,0
1202,2863,2,0
1202,9119,3,0
1202,9120,4,0
1202,9121,5,0
1202,9122,6,0
1202,9123,7,0
1202,9124,8,0
1202,9125,9,0
1202,2879,10,0
1202,2886,11,0
1202,2958,12,0
1202,2989,13,0
1202,2987,14,0
1202,3278,15,0
1202,2709,16,0
1202,2902,17,0
1202,2924,18,0
1202,2800,19,0
1202,2801,20,0
1202,2802,21,0
1202,2897,22,0
1202,2850,23,1
1303,101,1,0
1303,283,2,0
1303,244,3,0
1303,245,4,0
1303,288,5,0
1303,566,6,0
1303,503,7,0
1303,504,8,0
1303,1,9,0
1303,2887,10,0
1303,1038,11,0
1303,1039,12,0
1303,198,13,0
1303,1040,14,0
1303,1041,15,0
1303,1090,16,0
1303,1029,17,0
1303,1014,18,0
1303,1151,19,0
1303,146,20,0
1303,147,21,0
1303,148,22,0
1303,2678,23,0
1303,2506,24,0
1303,2508,25,0
1303,2560,26,0
1303,2561,27,0
1303,2170,28,0
1303,58,29,0
1303,1757,30,0
1303,313,31,0
1303,3403,32,0
1303,153,33,0
1303,154,34,0
1303,155,35,0
1303,156,36,0
1303,1712,37,0
1303,157,38,0
1303,3034,39,0
1303,519,40,0
1303,521,41,0
1303,2636,42,0
1303,2194,43,0
1303,2568,44,0
1303,2569,45,0
1303,2253,46,0
1303,2254,47,0
1303,2255,48,0
1303,2256,49,0
1303,2257,50,0
1303,2258,51,0
1303,3184,52,0
1303,2293,53,0
1303,6002,54,1
1304,780,1,0
1304,2199,2,0
1304,2107,3,0
1304,2196,4,0
1304,2570,5,0
1304,2232,6,0
1304,2233,7,0
1304,2234,8,0
1304,2235,9,0
1304,2236,10,0
1304,2571,11,0
1304,2193,12,0
1304,532,13,0
1304,2640,14,0
1304,540,15,0
1304,541,16,0
1304,1411,17,0
1304,546,18,0
1304,570,19,0
1304,571,20,0
1304,572,21,0
1304,573,22,0
1304,2170,23,0
1304,58,24,0
1304,3402,25,0
1304,3219,26,0
1304,3221,27,0
1304,3222,28,0
1304,3303,29,0
1304,3342,30,0
1304,3304,31,0
1304,2679,32,0
1304,160,33,0
1304,161,34,0
1304,162,35,0
1304,349,36,0
1304,350,37,0
1304,990,38,0
1304,1015,39,0
1304,1031,40,0
1304,1032,41,0
1304,199,42,0
1304,1033,43,0
1304,1034,44,0
1304,545,45,0
1304,2,46,0
1304,579,47,0
1304,564,48,0
1304,598,49,0
1304,565,50,0
1304,502,51,0
1304,103,52,0
1304,104,53,0
1304,105,54,0
1304,106,55,0
1304,101,56,1
1401,297,1,0
1401,283,2,0
1401,244,3,0
1401,245,4,0
1401,246,5,0
1401,247,6,0
1401,248,7,0
1401,249,8,0
1401,250,9,0
1401,1186,10,0
1401,1187,11,0
1401,251,12,0
1401,252,13,0
1401,253,14,0
1401,254,15,0
1401,255,16,0
1401,256,17,0
1401,257,18,0
1401,258,19,0
1401,259,20,0
1401,260,21,0
1401,289,22,0
1401,2104,23,0
1401,261,24,0
1401,262,25,0
1401,263,26,0
1401,264,27,0
1401,265,28,0
1401,224,29,0
1401,325,30,0
1401,326,31,0
1401,341,32,0
1401,314,33,1
1402,314,1,0
1402,345,2,0
1402,311,3,0
1402,302,4,0
1402,377,5,0
1402,378,6,0
1402,303,7,0
1402,306,8,0
1402,226,9,0
1402,227,10,0
1402,228,11,0
1402,229,12,0
1402,2123,13,0
1402,290,14,0
1402,230,15,0
1402,231,16,0
1402,232,17,0
1402,233,18,0
1402,234,19,0
1402,235,20,0
1402,236,21,0
1402,3022,22,0
1402,237,23,0
1402,238,24,0
1402,1454,25,0
1402,239,26,0
1402,240,27,0
1402,241,28,0
1402,242,29,0
1402,243,30,0
1402,104,31,0
1402,105,32,0
1402,106,33,0
1402,3702,34,0
1402,287,35,0
1402,286,36,0
1402,212,37,0
1402,1556,38,0
1402,2117,39,0
1402,2333,40,0
1402,2348,41,0
1402,529,42,0
1402,2339,43,0
1402,2317,44,0
1402,1695,45,0
1402,2319,46,0
1402,3004,47,0
1402,2329,48,0
1402,3473,49,0
1402,3720,50,0
1402,2350,51,0
1402,1684,52,0
1402,2351,53,0
1402,2352,54,0
1402,2682,55,0
1402,2353,56,0
1402,2906,57,0
1402,297,58,1
1501,2591,1,0
1501,2510,2,0
1501,2513,3,0
1501,2515,4,0
1501,2516,5,0
1501,2623,6,0
1501,2615,7,0
1501,2632,8,0
1501,2187,9,0
1501,2188,10,0
1501,2189,11,0
1501,307,12,0
1501,2190,13,0
1501,2191,14,0
1501,2192,15,0
1501,2161,16,0
1501,2162,17,0
1501,2163,18,0
1501,2634,19,0
1501,2164,20,0
1501,2664,21,0
1501,2665,22,0
1501,2666,23,0
1501,2672,24,0
1501,2673,25,0
1501,2674,26,0
1501,2675,27,0
1501,2676,28,0
1501,2683,29,0
1501,2684,30,0
1501,2685,31,0
1501,2686,32,0
1501,2691,33,0
1501,2692,34,0
1501,2693,35,0
1501,2694,36,0
1501,2688,37,0
1501,2320,38,0
1501,2321,39,0
1501,2322,40,0
1501,2759,41,0
1501,2761,42,0
1501,2762,43,0
1501,2763,44,0
1501,2699,45,0
1501,2766,46,0
1501,2767,47,0
1501,2768,48,0
1501,2769,49,0
1501,2747,50,0
1501,2804,51,1
1502,2804,1,0
1502,2702,2,0
1502,2749,3,0
1502,2750,4,0
1502,2751,5,0
1502,2752,6,0
1502,2755,7,0
1502,2756,8,0
1502,2757,9,0
1502,2717,10,0
1502,2718,11,0
1502,2758,12,0
1502,2650,13,0
1502,2651,14,0
1502,2652,15,0
1502,2653,16,0
1502,2654,17,0
1502,2656,18,0
1502,2657,19,0
1502,2658,20,0
1502,2659,21,0
1502,3035,22,0
1502,1000,23,0
1502,2668,24,0
1502,2669,25,0
1502,1001,26,0
1502,2670,27,0
1502,2175,28,0
1502,2176,29,0
1502,2177,30,0
1502,2635,31,0
1502,2179,32,0
1502,2180,33,0
1502,920,34,0
1502,2139,35,0
1502,2149,36,0
1502,308,37,0
1502,2171,38,0
1502,2172,39,0
1502,2186,40,0
1502,2341,41,0
1502,2231,42,0
1502,5015,43,0
1502,2507,44,0
1502,2546,45,0
1502,2493,46,0
1502,2509,47,0
1502,2591,48,1
1603,2708,1,0
1603,2854,2,0
1603,2840,3,0
1603,2855,4,0
1603,2856,5,0
1603,2857,6,0
1603,2858,7,0
1603,2805,8,0
1603,3251,9,0
1603,1983,10,0
1603,2806,11,0
1603,2807,12,0
1603,2808,13,0
1603,2809,14,0
1603,2866,15,0
1603,2847,16,0
1603,2846,17,0
1603,2845,18,0
1603,2811,19,0
1603,2812,20,0
1603,2899,21,0
1603,2813,22,0
1603,2116,23,0
1603,2900,24,0
1603,2959,25,0
1603,2960,26,0
1603,2961,27,0
1603,2903,28,0
1603,2962,29,0
1603,2963,30,0
1603,2964,31,0
1603,2966,32,0
1603,2957,33,0
1603,2952,34,0
1603,2826,35,0
1603,2814,36,0
1603,2815,37,0
1603,2864,38,0
1603,2816,39,0
1603,2817,40,0
1603,2818,41,0
1603,2870,42,1
1604,2708,1,0
1604,2860,2,0
1604,2821,3,0
1604,2822,4,0
1604,2823,5,0
1604,2824,6,0
1604,2839,7,0
1604,2825,8,0
1604,2813,9,0
1604,2116,10,0
1604,2900,11,0
1604,2959,12,0
1604,2960,13,0
1604,2961,14,0
1604,2903,15,0
1604,2962,16,0
1604,2963,17,0
1604,2964,18,0
1604,2966,19,0
1604,2957,20,0
1604,2952,21,0
1604,2826,22,0
1604,893,23,0
1604,2827,24,0
1604,2828,25,0
1604,2829,26,0
1604,2844,27,0
1604,2843,28,0
1604,2842,29,0
1604,2830,30,0
1604,2831,31,0
1604,2832,32,0
1604,985,33,0
1604,2888,34,0
1604,2833,35,0
1604,1984,36,0
1604,3460,37,0
1604,2834,38,0
1604,2835,39,0
1604,2836,40,0
1604,2837,41,0
1604,2890,42,0
1604,2838,43,0
1604,2739,44,0
1604,2740,45,1
1903,342,1,0
1903,345,2,0
1903,311,3,0
1903,326,4,0
1903,336,5,0
1903,324,6,0
1903,334,7,0
1903,304,8,0
1903,332,9,0
1903,330,10,0
1903,709,11,0
1903,728,12,0
1903,726,13,0
1903,724,14,0
1903,562,15,0
1903,722,16,0
1903,720,17,0
1903,1902,18,0
1903,718,19,0
1903,796,20,0
1903,769,21,0
1903,1212,22,0
1903,1210,23,0
1903,1208,24,0
1903,1206,25,0
1903,1204,26,0
1903,4003,27,0
1903,2577,28,0
1903,666,29,0
1903,6000,30,0
1903,480,31,0
1903,1916,32,0
1903,1900,33,0
1903,1901,34,0
1903,2608,35,0
1903,2663,36,0
1903,1950,37,0
1903,190,38,0
1903,1960,39,0
1903,1961,40,0
1903,1899,41,0
1903,1837,42,0
1903,1949,43,0
1903,1927,44,0
1903,1948,45,0
1903,1930,46,0
1903,1989,47,0
1903,1931,48,0
1903,152,49,0
1903,1932,50,0
1903,1933,51,0
1903,1855,52,0
1903,1856,53,0
1903,1869,54,0
1903,1880,55,0
1903,1926,56,0
1903,4703,57,0
1903,1905,58,0
1903,95,59,0
1903,96,60,0
1903,1906,61,0
1903,1888,62,0
1903,1698,63,0
1903,1907,64,0
1903,4006,65,0
1903,1908,66,0
1903,2182,67,0
1903,4700,68,0
1903,4701,69,0
1903,4702,70,0
1903,2713,71,0
1903,2714,72,0
1903,1817,73,0
1903,1802,74,0
1903,1804,75,0
1903,1809,76,0
1903,48,77,0
1903,1841,78,0
1903,63,79,0
1903,3012,80,0
1903,64,81,0
1903,1805,82,0
1903,1806,83,0
1903,673,84,0
1903,3027,85,0
1903,1816,86,0
1903,3060,87,0
1903,1968,88,0
1903,1823,89,0
1903,53,90,0
1903,1846,91,0
1903,13,92,1
1904,2182,1,0
1904,4213,2,0
1904,2518,3,0
1904,1912,4,0
1904,3132,5,0
1904,1889,6,0
1904,1913,7,0
1904,97,8,0
1904,98,9,0
1904,1914,10,0
1904,13,11,0
1904,3057,12,0
1904,3058,13,0
1904,3059,14,0
1904,1816,15,0
1904,3060,16,0
1904,1968,17,0
1904,4700,18,0
1904,4701,19,0
1904,1927,20,0
1904,1948,21,0
1904,1930,22,0
1904,1989,23,0
1904,1931,24,0
1904,152,25,0
1904,1932,26,0
1904,1933,27,0
1904,1855,28,0
1904,1856,29,0
1904,1869,30,0
1904,1880,31,0
1904,1926,32,0
1904,4703,33,0
1904,1898,34,0
1904,1969,35,0
1904,1980,36,0
1904,1917,37,0
1904,191,38,0
1904,1951,39,0
1904,1918,40,0
1904,2216,41,0
1904,1959,42,0
1904,1919,43,0
1904,1915,44,0
1904,6000,45,0
1904,480,46,0
1904,481,47,0
1904,1822,48,0
1904,4005,49,0
1904,1103,50,0
1904,1105,51,0
1904,1107,52,0
1904,2536,53,0
1904,1109,54,0
1904,1111,55,0
1904,1104,56,0
1904,1113,57,0
1904,1115,58,0
1904,717,59,0
1904,719,60,0
1904,792,61,0
1904,721,62,0
1904,723,63,0
1904,562,64,0
1904,725,65,0
1904,727,66,0
1904,329,67,0
1904,331,68,0
1904,305,69,0
1904,333,70,0
1904,335,71,0
1904,337,72,0
1904,339,73,0
1904,341,74,0
1904,342,75,1
2001,1460,1,0
2001,1488,2,0
2001,1489,3,0
2001,1494,4,0
2001,1490,5,0
2001,1491,6,0
2001,840,7,0
2001,1492,8,0
2001,1493,9,0
2001,1416,10,0
2001,1424,11,0
2001,851,12,0
2001,2970,13,0
2001,2585,14,0
2001,1456,15,0
2001,85,16,0
2001,480,17,0
2001,1589,18,0
2001,1501,19,0
2001,1502,20,0
2001,1503,21,0
2001,2681,22,0
2001,1504,23,0
2001,1518,24,0
2001,1516,25,0
2001,1505,26,0
2001,1506,27,0
2001,1507,28,0
2001,1524,29,0
2001,1525,30,0
2001,1585,31,0
2001,1526,32,0
2001,1527,33,0
2001,1528,34,0
2001,1529,35,0
2001,1530,36,0
2001,1531,37,0
2001,1532,38,0
2001,1533,39,0
2001,1590,40,0
2001,1393,41,0
2001,1394,42,0
2001,1395,43,0
2001,9163,44,0
2001,9063,45,0
2001,9064,46,0
2001,9065,47,0
2001,9066,48,0
2001,9067,49,0
2001,9068,50,0
2001,9069,51,0
2001,9071,52,0
2001,9072,53,0
2001,9073,54,0
2001,9074,55,0
2001,9075,56,0
2001,9076,57,0
2001,9077,58,0
2001,9078,59,0
2001,9079,60,0
2001,9012,61,0
2001,9000,62,0
2001,6001,63,1
2002,1632,1,0
2002,310,2,0
2002,9013,3,0
2002,1304,4,0
2002,9081,5,0
2002,9082,6,0
2002,9096,7,0
2002,9083,8,0
2002,9084,9,0
2002,9085,10,0
2002,9086,11,0
2002,9087,12,0
2002,9089,13,0
2002,9090,14,0
2002,9091,15,0
2002,9092,16,0
2002,9093,17,0
2002,9094,18,0
2002,9095,19,0
2002,1307,20,0
2002,1309,21,0
2002,1551,22,0
2002,2286,23,0
2002,1534,24,0
2002,1535,25,0
2002,1536,26,0
2002,1537,27,0
2002,1538,28,0
2002,1539,29,0
2002,1540,30,0
2002,1541,31,0
2002,1542,32,0
2002,1586,33,0
2002,1543,34,0
2002,1591,35,0
2002,1545,36,0
2002,1546,37,0
2002,1547,38,0
2002,1517,39,0
2002,1583,40,0
2002,1571,41,0
2002,1572,42,0
2002,1573,43,0
2002,1574,44,0
2002,1844,45,0
2002,1005,46,0
2002,6000,47,0
2002,3390,48,0
2002,1838,49,0
2002,3192,50,0
2002,849,51,0
2002,1404,52,0
2002,1405,53,0
2002,1415,54,0
2002,1480,55,0
2002,1481,56,0
2002,837,57,0
2002,1482,58,0
2002,1483,59,0
2002,1495,60,0
2002,1484,61,0
2002,1485,62,0
2002,1468,63,0
2002,1460,64,1
2201,2859,1,0
2201,2860,2,0
2201,2803,3,0
2201,2872,4,0
2201,2865,5,0
2201,2873,6,0
2201,2867,7,0
2201,2884,8,0
2201,2874,9,0
2201,3365,10,0
2201,9100,11,0
2201,2946,12,0
2201,7200,13,0
2201,2700,14,0
2201,9127,15,1
2202,9127,1,0
2202,9128,2,0
2202,9129,3,0
2202,2851,4,0
2202,9131,5,0
2202,9132,6,0
2202,9133,7,0
2202,9101,8,0
2202,9102,9,0
2202,9103,10,0
2202,2868,11,0
2202,2877,12,0
2202,2869,13,0
2202,2876,14,0
2202,2871,15,0
2202,2870,16,0
2202,2859,17,1
2301,563,1,0
2301,565,2,0
2301,502,3,0
2301,103,4,0
2301,104,5,0
2301,105,6,0
2301,106,7,0
2301,139,8,0
2301,208,9,0
2301,209,10,0
2301,210,11,0
2301,211,12,0
2301,581,13,0
2301,214,14,0
2301,215,15,0
2301,225,16,0
2301,909,17,0
2301,216,18,0
2301,217,19,0
2301,295,20,0
2301,296,21,0
2301,219,22,0
2301,218,23,0
2301,221,24,0
2301,222,25,0
2301,223,26,0
2301,224,27,0
2301,325,28,0
2301,326,29,0
2301,341,30,0
2301,348,31,0
2301,345,32,0
2301,311,33,0
2301,323,34,0
2301,353,35,0
2301,354,36,0
2301,355,37,0
2301,356,38,0
2301,357,39,0
2301,435,40,0
2301,436,41,0
2301,437,42,0
2301,1813,43,0
2301,438,44,0
2301,439,45,0
2301,440,46,0
2301,2744,47,0
2301,441,48,0
2301,442,49,0
2301,443,50,0
2301,444,51,0
2301,445,52,0
2301,472,53,0
2301,446,54,1
2302,446,1,0
2302,471,2,0
2302,447,3,0
2302,448,4,0
2302,408,5,0
2302,450,6,0
2302,451,7,0
2302,2745,8,0
2302,452,9,0
2302,453,10,0
2302,454,11,0
2302,3274,12,0
2302,455,13,0
2302,456,14,0
2302,457,15,0
2302,358,16,0
2302,359,17,0
2302,360,18,0
2302,361,19,0
2302,362,20,0
2302,881,21,0
2302,363,22,0
2302,341,23,0
2302,314,24,0
2302,345,25,0
2302,311,26,0
2302,302,27,0
2302,377,28,0
2302,378,29,0
2302,267,30,0
2302,268,31,0
2302,637,32,0
2302,269,33,0
2302,270,34,0
2302,272,35,0
2302,291,36,0
2302,292,37,0
2302,274,38,0
2302,275,39,0
2302,843,40,0
2302,276,41,0
2302,277,42,0
2302,278,43,0
2302,266,44,0
2302,279,45,0
2302,280,46,0
2302,281,47,0
2302,282,48,0
2302,2649,49,0
2302,139,50,1
2403,779,1,0
2403,2018,2,0
2403,2904,3,0
2403,9970,4,0
2403,9971,5,0
2403,2956,6,0
2403,9972,7,0
2403,3197,8,0
2403,2198,9,0
2403,1729,10,0
2403,1733,11,0
2403,2211,12,0
2403,1736,13,0
2403,543,14,0
2403,1764,15,0
2403,595,16,0
2403,936,17,0
2403,3246,18,0
2403,1755,19,0
2403,1765,20,0
2403,2730,21,0
2403,1786,22,0
2403,2741,23,0
2403,2898,24,0
2403,2967,25,0
2403,2968,26,0
2403,2971,27,0
2403,2985,28,0
2403,2990,29,0
2403,2991,30,0
2403,2992,31,0
2403,2994,32,0
2403,3120,33,0
2403,2997,34,0
2403,2998,35,0
2403,2999,36,0
2403,2920,37,0
2403,2933,38,0
2403,2784,39,0
2403,2781,40,0
2403,2705,41,0
2403,2788,42,0
2403,2789,43,0
2403,2790,44,0
2403,2791,45,0
2403,2725,46,0
2403,2792,47,0
2403,2793,48,0
2403,2794,49,0
2403,2795,50,0
2403,2796,51,0
2403,2897,52,0
2403,2804,53,1
2404,2804,1,0
2404,3009,2,0
2404,2771,3,0
2404,2772,4,0
2404,2773,5,0
2404,2774,6,0
2404,2775,7,0
2404,2776,8,0
2404,2777,9,0
2404,2778,10,0
2404,2779,11,0
2404,2780,12,0
2404,2798,13,0
2404,2786,14,0
2404,2797,15,0
2404,2782,16,0
2404,2783,17,0
2404,2925,18,0
2404,2940,19,0
2404,2941,20,0
2404,2942,21,0
2404,3003,22,0
2404,2943,23,0
2404,2944,24,0
2404,2945,25,0
2404,2982,26,0
2404,2983,27,0
2404,1396,28,0
2404,2984,29,0
2404,1397,30,0
2404,2981,31,0
2404,2980,32,0
2404,2979,33,0
2404,2978,34,0
2404,2977,35,0
2404,2976,36,0
2404,2975,37,0
2404,2974,38,0
2404,2973,39,0
2404,2230,40,0
2404,575,41,0
2404,1776,42,0
2404,2214,43,0
2404,1797,44,0
2404,9045,45,0
2404,2210,46,0
2404,9962,47,0
2404,3300,48,0
2404,3301,49,0
2404,2905,50,0
2404,779,51,1
2500,1925,1,0
2500,1961,2,0
2500,3080,3,0
2500,1944,4,0
2500,1938,5,0
2500,1939,6,0
2500,1940,7,0
2500,1942,8,0
2500,1994,9,0
2500,2552,10,0
2500,1935,11,0
2500,1936,12,0
2500,1945,13,0
2500,1937,14,0
2500,1858,15,0
2500,1859,16,0
2500,1860,17,0
2500,1943,18,0
2500,1941,19,0
2500,3018,20,0
2500,1946,21,1
2601,1089,1,0
2601,1015,2,0
2601,1063,3,0
2601,1251,4,0
2601,1266,5,0
2601,981,6,0
2601,980,7,0
2601,904,8,0
2601,1127,9,0
2601,1167,10,0
2601,1165,11,0
2601,1128,12,0
2601,1129,13,0
2601,1130,14,0
2601,1131,15,0
2601,1132,16,0
2601,1135,17,0
2601,584,18,0
2601,585,19,0
2601,587,20,0
2601,1745,21,0
2601,1400,22,0
2601,460,23,0
2601,19,24,0
2601,1498,25,0
2601,3033,26,0
2601,1428,27,0
2601,1446,28,0
2601,4030,29,0
2601,1456,30,0
2601,85,31,0
2601,480,32,0
2601,481,33,0
2601,3013,34,0
2601,1425,35,0
2601,2519,36,0
2601,1270,37,0
2601,1271,38,0
2601,1272,39,0
2601,1273,40,0
2601,1274,41,0
2601,1276,42,0
2601,1277,43,0
2601,1383,44,0
2601,1384,45,0
2601,1385,46,0
2601,1386,47,0
2601,1387,48,0
2601,1388,49,0
2601,1389,50,0
2601,1390,51,0
2601,1391,52,0
2601,1392,53,0
2601,1393,54,0
2601,1394,55,0
2601,1395,56,0
2601,9163,57,0
2601,9063,58,0
2601,9064,59,0
2601,9065,60,0
2601,9066,61,0
2601,9067,62,0
2601,9068,63,0
2601,9069,64,0
2601,9071,65,0
2601,9072,66,0
2601,9073,67,0
2601,9074,68,0
2601,9075,69,0
2601,9076,70,0
2601,9077,71,0
2601,9078,72,0
2601,9079,73,0
2601,9012,74,0
2601,9000,75,0
2601,6001,76,1
2602,1306,1,0
2602,310,2,0
2602,9013,3,0
2602,1304,4,0
2602,9081,5,0
2602,9082,6,0
2602,9096,7,0
2602,9083,8,0
2602,9084,9,0
2602,9085,10,0
2602,9086,11,0
2602,9087,12,0
2602,9089,13,0
2602,9090,14,0
2602,9091,15,0
2602,9092,16,0
2602,9093,17,0
2602,9094,18,0
2602,9095,19,0
2602,1307,20,0
2602,1309,21,0
2602,1551,22,0
2602,1552,23,0
2602,1553,24,0
2602,1554,25,0
2602,1555,26,0
2602,1557,27,0
2602,1558,28,0
2602,1559,29,0
2602,1560,30,0
2602,1561,31,0
2602,1563,32,0
2602,1564,33,0
2602,1565,34,0
2602,1566,35,0
2602,1567,36,0
2602,1568,37,0
2602,1569,38,0
2602,588,39,0
2602,586,40,0
2602,813,41,0
2602,578,42,0
2602,1821,43,0
2602,666,44,0
2602,3390,45,0
2602,316,46,0
2602,417,47,0
2602,1427,48,0
2602,775,49,0
2602,1421,50,0
2602,4020,51,0
2602,577,52,0
2602,4021,53,0
2602,1511,54,0
2602,1422,55,0
2602,3232,56,0
2602,1476,57,0
2602,1477,58,0
2602,1472,59,0
2602,1473,60,0
2602,1474,61,0
2602,1166,62,0
2602,1168,63,0
2602,1499,64,0
2602,903,65,0
2602,902,66,0
2602,971,67,0
2602,968,68,0
2602,969,69,0
2602,1069,70,0
2602,1049,71,0
2602,2601,72,0
2602,1016,73,0
2602,1017,74,0
2602,9,75,0
2602,793,76,0
2602,794,77,0
2602,795,78,0
2602,349,79,0
2602,350,80,0
2602,1089,81,1
2803,562,1,0
2803,700,2,0
2803,701,3,0
2803,1607,4,0
2803,1619,5,0
2803,1620,6,0
2803,1621,7,0
2803,1622,8,0
2803,6126,9,0
2803,3123,10,0
2803,1401,11,0
2803,1870,12,0
2803,1871,13,0
2803,1872,14,0
2803,1873,15,0
2803,1874,16,0
2803,1875,17,0
2803,1876,18,0
2803,1668,19,0
2803,1625,20,0
2803,1626,21,0
2803,1627,22,0
2803,3043,23,0
2803,3287,24,0
2803,3224,25,0
2803,3289,26,0
2803,2970,27,0
2803,2585,28,0
2803,1456,29,0
2803,6000,30,1
2804,477,1,0
2804,1838,2,0
2804,3288,3,0
2804,1617,4,0
2804,1774,5,0
2804,3286,6,0
2804,589,7,0
2804,1641,8,0
2804,1642,9,0
2804,1643,10,0
2804,1644,11,0
2804,1861,12,0
2804,1862,13,0
2804,1863,14,0
2804,1864,15,0
2804,1865,16,0
2804,1866,17,0
2804,1867,18,0
2804,1868,19,0
2804,1646,20,0
2804,6126,21,0
2804,3123,22,0
2804,1647,23,0
2804,1648,24,0
2804,1651,25,0
2804,1649,26,0
2804,71,27,0
2804,758,28,0
2804,759,29,0
2804,2622,30,0
2804,562,31,1
2903,4009,1,0
2903,136,2,0
2903,135,3,0
2903,141,4,0
2903,133,5,0
2903,3095,6,0
2903,132,7,0
2903,131,8,0
2903,130,9,0
2903,142,10,0
2903,129,11,0
2903,150,12,0
2903,144,13,0
2903,128,14,0
2903,127,15,0
2903,125,16,0
2903,126,17,0
2903,124,18,0
2903,123,19,0
2903,122,20,0
2903,288,21,0
2903,566,22,0
2903,503,23,0
2903,505,24,0
2903,506,25,0
2903,507,26,0
2903,508,27,0
2903,509,28,0
2903,510,29,0
2903,511,30,0
2903,512,31,0
2903,513,32,0
2903,516,33,0
2903,517,34,0
2903,501,35,0
2903,1007,36,0
2903,1008,37,0
2903,1009,38,0
2903,1026,39,0
2903,1027,40,0
2903,1028,41,0
2903,1029,42,0
2903,3199,43,0
2903,1719,44,0
2903,1720,45,0
2903,1792,46,1
2904,1715,1,0
2904,1717,2,0
2904,1718,3,0
2904,4008,4,0
2904,1015,5,0
2904,1016,6,0
2904,1017,7,0
2904,9,8,0
2904,1018,9,0
2904,1019,10,0
2904,1020,11,0
2904,1021,12,0
2904,1150,13,0
2904,549,14,0
2904,550,15,0
2904,551,16,0
2904,552,17,0
2904,553,18,0
2904,554,19,0
2904,555,20,0
2904,556,21,0
2904,557,22,0
2904,558,23,0
2904,559,24,0
2904,579,25,0
2904,564,26,0
2904,563,27,0
2904,565,28,0
2904,502,29,0
2904,103,30,0
2904,121,31,0
2904,120,32,0
2904,119,33,0
2904,118,34,0
2904,117,35,0
2904,116,36,0
2904,138,37,0
2904,137,38,0
2904,114,39,0
2904,143,40,0
2904,113,41,0
2904,112,42,0
2904,111,43,0
2904,110,44,0
2904,115,45,0
2904,109,46,0
2904,108,47,0
2904,140,48,0
2904,4508,49,0
2904,287,50,0
2904,286,51,0
2904,212,52,0
2904,1631,53,0
2904,284,54,0
2904,2359,55,0
2904,285,56,0
2904,2358,57,0
2904,2649,58,0
2904,4009,59,1
3001,2850,1,0
3001,2702,2,0
3001,2749,3,0
3001,2750,4,0
3001,2751,5,0
3001,2752,6,0
3001,2755,7,0
3001,2756,8,0
3001,2757,9,0
3001,2717,10,0
3001,2718,11,0
3001,2719,12,0
3001,2720,13,0
3001,2721,14,0
3001,2722,15,0
3001,2324,16,0
3001,2723,17,0
3001,2724,18,0
3001,2777,19,0
3001,2778,20,0
3001,2779,21,0
3001,2780,22,0
3001,2798,23,0
3001,2786,24,0
3001,2797,25,0
3001,2782,26,0
3001,2783,27,0
3001,2938,28,0
3001,2939,29,0
3001,2924,30,0
3001,2954,31,0
3001,2986,32,0
3001,2988,33,0
3001,379,34,0
3001,2923,35,1
3002,2923,1,0
3002,2958,2,0
3002,2989,3,0
3002,2987,4,0
3002,3278,5,0
3002,2709,6,0
3002,2993,7,0
3002,2996,8,0
3002,2784,9,0
3002,2781,10,0
3002,2705,11,0
3002,2788,12,0
3002,2789,13,0
3002,2790,14,0
3002,2791,15,0
3002,2725,16,0
3002,2726,17,0
3002,2727,18,0
3002,2728,19,0
3002,2729,20,0
3002,2731,21,0
3002,2716,22,0
3002,2761,23,0
3002,2762,24,0
3002,2763,25,0
3002,2699,26,0
3002,2766,27,0
3002,2767,28,0
3002,2768,29,0
3002,2769,30,0
3002,2747,31,0
3002,2850,32,1
3203,1267,1,0
3203,1268,2,0
3203,1269,3,0
3203,842,4,0
3203,4010,5,0
3203,81,6,0
3203,418,7,0
3203,419,8,0
3203,49,9,0
3203,4530,10,0
3203,4531,11,0
3203,4532,12,0
3203,4533,13,0
3203,3295,14,0
3203,3296,15,0
3203,3298,16,1
3204,3298,1,0
3204,3297,2,0
3204,3294,3,0
3204,3293,4,0
3204,3292,5,0
3204,3291,6,0
3204,3290,7,0
3204,82,8,0
3204,83,9,0
3204,88,10,0
3204,1149,11,0
3204,4011,12,0
3204,398,13,0
3204,800,14,0
3204,2587,15,1
3401,3402,1,0
3401,313,2,0
3401,3403,3,0
3401,3404,4,0
3401,5747,5,0
3401,3336,6,0
3401,3341,7,0
3401,3335,8,0
3401,3352,9,0
3401,3532,10,0
3401,3518,11,0
3401,3510,12,0
3401,2212,13,0
3401,2203,14,0
3401,3500,15,0
3401,3509,16,0
3401,3516,17,0
3401,1775,18,0
3401,2128,19,0
3401,3517,20,0
3401,1725,21,0
3401,1799,22,0
3401,1707,23,0
3401,3504,24,0
3401,1807,25,0
3401,1911,26,0
3401,1896,27,0
3401,2270,28,0
3401,2151,29,0
3401,2271,30,0
3401,1966,31,0
3401,1999,32,0
3401,1697,33,0
3401,1954,34,0
3401,836,35,0
3401,1957,36,0
3401,1967,37,0
3401,1956,38,0
3401,1976,39,0
3401,1977,40,0
3401,1978,41,0
3401,1979,42,0
3401,1985,43,0
3401,1986,44,0
3401,6000,45,1
3402,766,1,0
3402,480,2,0
3402,1970,3,0
3402,1971,4,0
3402,1972,5,0
3402,1973,6,0
3402,1974,7,0
3402,1630,8,0
3402,1955,9,0
3402,1962,10,0
3402,1952,11,0
3402,1449,12,0
3402,1953,13,0
3402,1696,14,0
3402,1998,15,0
3402,2889,16,0
3402,1963,17,0
3402,1796,18,0
3402,1897,19,0
3402,4,20,0
3402,1964,21,0
3402,1633,22,0
3402,1808,23,0
3402,3308,24,0
3402,1700,25,0
3402,667,26,0
3402,3522,27,0
3402,3248,28,0
3402,1773,29,0
3402,3302,30,0
3402,3524,31,0
3402,3525,32,0
3402,3511,33,0
3402,2357,34,0
3402,773,35,0
3402,3526,36,0
3402,3527,37,0
3402,3528,38,0
3402,3529,39,0
3402,3531,40,0
3402,3530,41,0
3402,3508,42,0
3402,5751,43,0
3402,3399,44,0
3402,3401,45,0
3402,2170,46,0
3402,58,47,0
3402,3402,48,1
3501,3570,1,0
3501,3501,2,0
3501,3539,3,0
3501,3540,4,0
3501,3352,5,0
3501,3532,6,0
3501,3518,7,0
3501,3510,8,0
3501,3508,9,0
3501,2212,10,0
3501,2203,11,0
3501,3500,12,0
3501,3509,13,0
3501,3516,14,0
3501,1775,15,0
3501,599,16,0
3501,3517,17,0
3501,1725,18,0
3501,1799,19,0
3501,1707,20,0
3501,3504,21,0
3501,1807,22,0
3501,1911,23,0
3501,1896,24,0
3501,2270,25,0
3501,2151,26,0
3501,2271,27,0
3501,1966,28,0
3501,1999,29,0
3501,1697,30,0
3501,1954,31,0
3501,836,32,0
3501,1957,33,0
3501,1967,34,0
3501,1956,35,0
3501,1976,36,0
3501,2291,37,0
3501,2283,38,0
3501,1991,39,0
3501,3519,40,0
3501,322,41,0
3501,1992,42,0
3501,2304,43,0
3501,1471,44,0
3501,2048,45,0
3501,2002,46,0
3501,2012,47,0
3501,2013,48,0
3501,2014,49,0
3501,2015,50,0
3501,2016,51,0
3501,3149,52,0
3501,2017,53,0
3501,3266,54,0
3501,2038,55,0
3501,2029,56,0
3501,2030,57,0
3501,2066,58,0
3501,9026,59,0
3501,9001,60,0
3501,9002,61,0
3501,9003,62,0
3501,9004,63,0
3501,9005,64,0
3501,9006,65,0
3501,9007,66,0
3501,9008,67,0
3501,9009,68,0
3501,9010,69,0
3501,9011,70,0
3501,9014,71,0
3501,9098,72,0
3501,9080,73,0
3501,9000,74,0
3501,804,75,1
3502,804,1,0
3502,310,2,0
3502,9013,3,0
3502,811,4,0
3502,9015,5,0
3502,9016,6,0
3502,9017,7,0
3502,9018,8,0
3502,9019,9,0
3502,815,10,0
3502,9020,11,0
3502,5009,12,0
3502,2032,13,0
3502,3505,14,0
3502,1618,15,0
3502,3195,16,0
3502,2033,17,0
3502,3148,18,0
3502,2764,19,0
3502,2035,20,0
3502,2621,21,0
3502,2039,22,0
3502,2037,23,0
3502,1068,24,0
3502,2083,25,0
3502,2031,26,0
3502,2289,27,0
3502,1988,28,0
3502,340,29,0
3502,3521,30,0
3502,482,31,0
3502,3068,32,0
3502,1630,33,0
3502,1955,34,0
3502,1962,35,0
3502,1952,36,0
3502,1449,37,0
3502,1953,38,0
3502,1696,39,0
3502,1998,40,0
3502,2889,41,0
3502,1963,42,0
3502,1796,43,0
3502,1897,44,0
3502,4,45,0
3502,1964,46,0
3502,1633,47,0
3502,1808,48,0
3502,3308,49,0
3502,1700,50,0
3502,667,51,0
3502,3522,52,0
3502,3523,53,0
3502,1772,54,0
3502,1773,55,0
3502,3302,56,0
3502,3524,57,0
3502,3525,58,0
3502,3511,59,0
3502,3526,60,0
3502,3527,61,0
3502,3528,62,0
3502,3529,63,0
3502,3531,64,0
3502,3530,65,0
3502,3508,66,0
3502,3534,67,0
3502,3502,68,0
3502,3538,69,0
3502,3535,70,0
3502,3566,71,0
3502,3537,72,0
3502,3570,73,1
3603,1073,1,0
3603,964,2,0
3603,1049,3,0
3603,2601,4,0
3603,1016,5,0
3603,1017,6,0
3603,9,7,0
3603,1043,8,0
3603,1044,9,0
3603,1045,10,0
3603,937,11,0
3603,946,12,0
3603,947,13,0
3603,948,14,0
3603,949,15,0
3603,950,16,0
3603,951,17,0
3603,952,18,0
3603,953,19,0
3603,965,20,0
3603,954,21,0
3603,955,22,0
3603,956,23,0
3603,973,24,0
3603,957,25,0
3603,898,26,0
3603,959,27,0
3603,960,28,0
3603,961,29,0
3603,929,30,0
3603,930,31,0
3603,931,32,0
3603,932,33,0
3603,934,34,0
3603,935,35,0
3603,928,36,0
3603,962,37,0
3603,4506,38,0
3603,4548,39,1
3604,4548,1,0
3604,4514,2,0
3604,4515,3,0
3604,1213,4,0
3604,927,5,0
3604,974,6,0
3604,975,7,0
3604,976,8,0
3604,977,9,0
3604,2746,10,0
3604,3378,11,0
3604,3380,12,0
3604,3382,13,0
3604,1164,14,0
3604,1139,15,0
3604,897,16,0
3604,1170,17,0
3604,527,18,0
3604,1652,19,0
3604,1653,20,0
3604,1654,21,0
3604,1656,22,0
3604,1662,23,0
3604,1657,24,0
3604,1658,25,0
3604,1280,26,0
3604,1281,27,0
3604,1282,28,0
3604,1376,29,0
3604,1284,30,0
3604,1285,31,0
3604,1048,32,0
3604,1025,33,0
3604,1026,34,0
3604,1027,35,0
3604,1028,36,0
3604,1029,37,0
3604,1073,38,1
3703,1475,1,0
3703,1410,2,0
3703,1478,3,0
3703,1479,4,0
3703,1486,5,0
3703,1469,6,0
3703,1413,7,0
3703,1414,8,0
3703,2318,9,0
3703,1417,10,0
3703,891,11,0
3703,3053,12,0
3703,892,13,0
3703,2421,14,0
3703,2895,15,0
3703,2912,16,0
3703,2495,17,0
3703,2349,18,0
3703,1743,19,0
3703,1744,20,0
3703,1748,21,0
3703,1750,22,0
3703,1754,23,0
3703,1763,24,0
3703,1829,25,0
3703,1830,26,1
3704,1830,1,0
3704,2881,2,0
3704,2885,3,0
3704,2259,4,0
3704,2260,5,0
3704,2227,6,0
3704,2229,7,0
3704,3023,8,0
3704,2173,9,0
3704,1451,10,0
3704,2517,11,0
3704,1452,12,0
3704,1453,13,0
3704,1487,14,0
3704,2335,15,0
3704,1496,16,0
3704,1497,17,0
3704,1412,18,0
3704,1475,19,1
3803,600,1,0
3803,672,2,0
3803,671,3,0
3803,1142,4,0
3803,1143,5,0
3803,1185,6,0
3803,1200,7,0
3803,1233,8,0
3803,648,9,0
3803,649,10,0
3803,650,11,0
3803,651,12,0
3803,652,13,0
3803,653,14,0
3803,654,15,0
3803,655,16,0
3803,1410,17,0
3803,1478,18,0
3803,1479,19,0
3803,1486,20,0
3803,1469,21,0
3803,1413,22,0
3803,1414,23,0
3803,2318,24,0
3803,1417,25,0
3803,891,26,0
3803,3053,27,0
3803,892,28,0
3803,2421,29,0
3803,2895,30,0
3803,2912,31,0
3803,2495,32,0
3803,1250,33,0
3803,2841,34,0
3803,1699,35,0
3803,1713,36,0
3803,1731,37,0
3803,3014,38,0
3803,1738,39,0
3803,1739,40,0
3803,1740,41,0
3803,1741,42,0
3803,1441,43,0
3803,1442,44,0
3803,1443,45,0
3803,2417,46,0
3803,2378,47,0
3803,2300,48,0
3803,2301,49,0
3803,2302,50,0
3803,2371,51,0
3803,2372,52,0
3803,2373,53,0
3803,2374,54,0
3803,2375,55,0
3803,2158,56,0
3803,2159,57,0
3803,3019,58,0
3803,1011,59,0
3803,1012,60,0
3803,1051,61,0
3803,3689,62,0
3803,1053,63,0
3803,3121,64,0
3803,3020,65,0
3803,3021,66,0
3803,3840,67,0
3803,3841,68,0
3803,3843,69,0
3803,3842,70,0
3803,3146,71,0
3803,3145,72,0
3803,3298,73,0
3803,3812,74,0
3803,1850,75,0
3803,2573,76,0
3803,1597,77,0
3803,1598,78,0
3803,2334,79,0
3803,93,80,0
3803,2342,81,0
3803,6002,82,1
3804,665,1,0
3804,2290,2,0
3804,2581,3,0
3804,3016,4,0
3804,3017,5,0
3804,2617,6,0
3804,2660,7,0
3804,2661,8,0
3804,2662,9,0
3804,3801,10,0
3804,3800,11,0
3804,3298,12,0
3804,3812,13,0
3804,2354,14,0
3804,3866,15,0
3804,3869,16,0
3804,3867,17,0
3804,3868,18,0
3804,3075,19,0
3804,3076,20,0
3804,1056,21,0
3804,1057,22,0
3804,1058,23,0
3804,1059,24,0
3804,1060,25,0
3804,2110,26,0
3804,2109,27,0
3804,2379,28,0
3804,2380,29,0
3804,2381,30,0
3804,2382,31,0
3804,2383,32,0
3804,2314,33,0
3804,2315,34,0
3804,2316,35,0
3804,2554,36,0
3804,2418,37,0
3804,2377,38,0
3804,2496,39,0
3804,1444,40,0
3804,1445,41,0
3804,1743,42,0
3804,1744,43,0
3804,1748,44,0
3804,1750,45,0
3804,1754,46,0
3804,1763,47,0
3804,1829,48,0
3804,1830,49,0
3804,2881,50,0
3804,2885,51,0
3804,2259,52,0
3804,2260,53,0
3804,2227,54,0
3804,2229,55,0
3804,3023,56,0
3804,2173,57,0
3804,1451,58,0
3804,2517,59,0
3804,1452,60,0
3804,1453,61,0
3804,1487,62,0
3804,2335,63,0
3804,1496,64,0
3804,1497,65,0
3804,1412,66,0
3804,656,67,0
3804,658,68,0
3804,677,69,0
3804,659,70,0
3804,660,71,0
3804,661,72,0
3804,662,73,0
3804,663,74,0
3804,1234,75,0
3804,1235,76,0
3804,1742,77,0
3804,1753,78,0
3804,1831,79,0
3804,1196,80,0
3804,600,81,1
3901,2127,1,0
3901,2290,2,0
3901,2581,3,0
3901,3016,4,0
3901,3017,5,0
3901,2328,6,0
3901,943,7,0
3901,2544,8,0
3901,3024,9,0
3901,82,10,0
3901,83,11,0
3901,88,12,0
3901,1149,13,0
3901,3047,14,0
3901,3048,15,0
3901,3049,16,0
3901,3907,17,0
3901,3908,18,0
3901,3054,19,0
3901,3503,20,0
3901,3507,21,0
3901,3055,22,0
3901,1693,23,0
3901,399,24,0
3901,2458,25,0
3901,2472,26,0
3901,1881,27,0
3901,2459,28,0
3901,2572,29,0
3901,2460,30,0
3901,3276,31,0
3901,2461,32,0
3901,2462,33,0
3901,2463,34,0
3901,401,35,0
3901,54,36,0
3901,404,37,0
3901,3056,38,0
3901,1250,39,0
3901,2841,40,0
3901,2181,41,0
3901,2252,42,0
3901,1613,43,0
3901,2103,44,0
3901,3057,45,0
3901,3058,46,0
3901,3059,47,0
3901,3060,48,0
3901,1927,49,0
3901,1948,50,0
3901,1930,51,0
3901,1989,52,0
3901,1931,53,0
3901,152,54,0
3901,1932,55,0
3901,1933,56,0
3901,1934,57,0
3901,2552,58,0
3901,3550,59,0
3901,603,60,0
3901,3005,61,0
3901,3900,62,0
3901,2331,63,0
3901,3127,64,0
3901,31,65,0
3901,2085,66,0
3901,2084,67,0
3901,2055,68,0
3901,2095,69,0
3901,576,70,0
3901,32,71,0
3901,33,72,0
3901,34,73,0
3901,2575,74,0
3901,3261,75,0
3901,39,76,0
3901,40,77,0
3901,41,78,0
3901,42,79,0
3901,2689,80,0
3901,2144,81,0
3901,43,82,0
3901,44,83,0
3901,3008,84,0
3901,1133,85,0
3901,1088,86,1
3902,1088,1,0
3902,2639,2,0
3902,2145,3,0
3902,20,4,0
3902,21,5,0
3902,2343,6,0
3902,2344,7,0
3902,14,8,0
3902,37,9,0
3902,79,10,0
3902,3254,11,0
3902,3255,12,0
3902,2631,13,0
3902,3256,14,0
3902,2077,15,0
3902,2078,16,0
3902,45,17,0
3902,46,18,0
3902,50,19,0
3902,80,20,0
3902,3102,21,0
3902,51,22,0
3902,3543,23,0
3902,2133,24,0
3902,178,25,0
3902,5301,26,0
3902,2215,27,0
3902,3180,28,0
3902,3107,29,0
3902,624,30,0
3902,625,31,0
3902,626,32,0
3902,1904,33,0
3902,3061,34,0
3902,3062,35,0
3902,3063,36,0
3902,1158,37,0
3902,1236,38,0
3902,2327,39,0
3902,2914,40,0
3902,2881,41,0
3902,2885,42,0
3902,3064,43,0
3902,783,44,0
3902,67,45,0
3902,789,46,0
3902,1883,47,0
3902,2466,48,0
3902,2467,49,0
3902,3277,50,0
3902,2468,51,0
3902,2063,52,0
3902,1886,53,0
3902,1887,54,0
3902,2469,55,0
3902,2471,56,0
3902,2470,57,0
3902,790,58,0
3902,887,59,0
3902,3065,60,0
3902,3066,61,0
3902,3067,62,0
3902,3069,63,0
3902,657,64,0
3902,3909,65,0
3902,3910,66,0
3902,3072,67,0
3902,3073,68,0
3902,3074,69,0
3902,81,70,0
3902,418,71,0
3902,419,72,0
3902,49,73,0
3902,3025,74,0
3902,91,75,0
3902,92,76,0
3902,2340,77,0
3902,3077,78,0
3902,93,79,0
3902,2342,80,0
3902,1458,81,0
3902,6002,82,1
4201,919,1,0
4201,888,2,0
4201,2385,3,0
4201,2386,4,0
4201,2387,5,0
4201,2388,6,0
4201,2389,7,0
4201,2108,8,0
4201,3200,9,0
4201,6111,10,0
4201,3201,11,0
4201,1156,12,0
4201,2158,13,0
4201,2159,14,0
4201,2160,15,0
4201,533,16,0
4201,351,17,0
4201,539,18,0
4201,828,19,0
4201,528,20,0
4201,1423,21,0
4201,3115,22,0
4201,6880,23,0
4201,2505,24,0
4201,2533,25,0
4201,6138,26,0
4201,4203,27,0
4201,188,28,0
4201,852,29,0
4201,2049,30,0
4201,2626,31,0
4201,2391,32,0
4201,847,33,0
4201,2392,34,0
4201,4001,35,0
4201,1093,36,0
4201,1137,37,0
4201,3082,38,0
4201,3140,39,0
4201,2395,40,0
4201,2396,41,0
4201,2397,42,0
4201,2497,43,0
4201,2483,44,0
4201,3346,45,0
4201,1519,46,0
4201,2498,47,0
4201,2514,48,0
4201,2515,49,0
4201,2516,50,0
4201,802,51,0
4201,2550,52,0
4201,2553,53,0
4201,3226,54,0
4201,2555,55,0
4201,2603,56,0
4201,2607,57,0
4201,2939,58,0
4201,2924,59,0
4201,2800,60,0
4201,2801,61,0
4201,2802,62,0
4201,2897,63,0
4201,2849,64,1
4202,2849,1,0
4202,3009,2,0
4202,2771,3,0
4202,2772,4,0
4202,2707,5,0
4202,3279,6,0
4202,2709,7,0
4202,2993,8,0
4202,2770,9,0
4202,2785,10,0
4202,2787,11,0
4202,327,12,0
4202,1815,13,0
4202,328,14,0
4202,2545,15,0
4202,2507,16,0
4202,2546,17,0
4202,2547,18,0
4202,2548,19,0
4202,2499,20,0
4202,1520,21,0
4202,3975,22,0
4202,2590,23,0
4202,2556,24,0
4202,2557,25,0
4202,2558,26,0
4202,2559,27,0
4202,1138,28,0
4202,6146,29,0
4202,3101,30,0
4202,1584,31,0
4202,1431,32,0
4202,1432,33,0
4202,1433,34,0
4202,2355,35,0
4202,1435,36,0
4202,2512,37,0
4202,1500,38,0
4202,206,39,0
4202,3116,40,0
4202,4205,41,0
4202,4204,42,0
4202,3117,43,0
4202,3118,44,0
4202,3051,45,0
4202,2562,46,0
4202,3052,47,0
4202,2384,48,0
4202,99,49,0
4202,829,50,0
4202,2376,51,0
4202,2609,52,0
4202,2131,53,0
4202,2110,54,0
4202,2109,55,0
4202,2134,56,0
4202,2135,57,0
4202,2564,58,0
4202,2565,59,0
4202,2566,60,0
4202,2567,61,0
4202,2282,62,0
4202,6002,63,1
4303,779,1,0
4303,3272,2,0
4303,2147,3,0
4303,2145,4,0
4303,20,5,0
4303,21,6,0
4303,2343,7,0
4303,2344,8,0
4303,14,9,0
4303,37,10,0
4303,79,11,0
4303,3254,12,0
4303,3255,13,0
4303,2631,14,0
4303,3256,15,0
4303,2077,16,0
4303,2078,17,0
4303,45,18,0
4303,46,19,0
4303,50,20,0
4303,80,21,0
4303,3102,22,0
4303,51,23,0
4303,52,24,0
4303,1943,25,0
4303,1941,26,0
4303,3018,27,0
4303,1946,28,0
4303,1925,29,0
4303,1802,30,0
4303,1803,31,0
4303,1804,32,0
4303,1809,33,0
4303,48,34,0
4303,1823,35,0
4303,53,36,0
4303,1846,37,0
4303,601,38,0
4303,544,39,0
4303,623,40,0
4303,3282,41,0
4303,2881,42,0
4303,2885,43,0
4303,3064,44,0
4303,783,45,0
4303,67,46,0
4303,789,47,0
4303,2407,48,0
4303,2415,49,0
4303,2419,50,0
4303,2430,51,0
4303,2465,52,0
4303,2301,53,0
4303,2302,54,0
4303,2371,55,0
4303,2372,56,0
4303,2373,57,0
4303,2374,58,0
4303,2375,59,0
4303,3840,60,0
4303,3841,61,0
4303,3843,62,0
4303,3842,63,0
4303,2573,64,0
4303,1597,65,0
4303,1598,66,0
4303,2334,67,0
4303,93,68,0
4303,2342,69,0
4303,1458,70,0
4303,6002,71,1
4304,1374,1,0
4304,2290,2,0
4304,2581,3,0
4304,3016,4,0
4304,3017,5,0
4304,2617,6,0
4304,2660,7,0
4304,2661,8,0
4304,2662,9,0
4304,3866,10,0
4304,3869,11,0
4304,3867,12,0
4304,3868,13,0
4304,2379,14,0
4304,2380,15,0
4304,2382,16,0
4304,2383,17,0
4304,2314,18,0
4304,2315,19,0
4304,2316,20,0
4304,2347,21,0
4304,2592,22,0
4304,2599,23,0
4304,2429,24,0
4304,401,25,0
4304,54,26,0
4304,404,27,0
4304,3056,28,0
4304,1250,29,0
4304,2841,30,0
4304,2181,31,0
4304,3440,32,0
4304,622,33,0
4304,605,34,0
4304,602,35,0
4304,1839,36,0
4304,1840,37,0
4304,1847,38,0
4304,1818,39,0
4304,1819,40,0
4304,1820,41,0
4304,1920,42,0
4304,26,43,0
4304,27,44,0
4304,28,45,0
4304,29,46,0
4304,30,47,0
4304,603,48,0
4304,3005,49,0
4304,31,50,0
4304,2085,51,0
4304,2084,52,0
4304,2055,53,0
4304,2095,54,0
4304,32,55,0
4304,33,56,0
4304,34,57,0
4304,2575,58,0
4304,3261,59,0
4304,39,60,0
4304,40,61,0
4304,41,62,0
4304,42,63,0
4304,2689,64,0
4304,2144,65,0
4304,43,66,0
4304,44,67,0
4304,2061,68,0
4304,3258,69,1
4403,490,1,0
4403,994,2,0
4403,901,3,0
4403,989,4,0
4403,996,5,0
4403,997,6,0
4403,986,7,0
4403,1708,8,0
4403,1728,9,0
4403,1701,10,0
4403,1752,11,0
4403,1702,12,0
4403,1800,13,0
4403,1703,14,0
4403,2452,15,0
4403,2400,16,0
4403,2401,17,0
4403,4101,18,0
4403,2402,19,0
4403,2403,20,0
4403,2456,21,0
4403,2404,22,0
4403,2405,23,0
4403,2406,24,0
4403,2407,25,0
4403,2408,26,0
4403,2169,27,0
4403,2409,28,0
4403,782,29,0
4403,2410,30,0
4403,2457,31,0
4403,2411,32,0
4403,2412,33,0
4403,2413,34,0
4403,2414,35,0
4403,2417,36,0
4403,2378,37,0
4403,2300,38,0
4403,2301,39,0
4403,2302,40,0
4403,2303,41,0
4403,2305,42,0
4403,2306,43,0
4403,2307,44,0
4403,2369,45,0
4403,2308,46,0
4403,2398,47,0
4403,2326,48,0
4403,2200,49,0
4403,2201,50,0
4403,2264,51,0
4403,2296,52,0
4403,2265,53,0
4403,6002,54,1
4404,2228,1,0
4404,2223,2,0
4404,2297,3,0
4404,2224,4,0
4404,2284,5,0
4404,2336,6,0
4404,1226,7,0
4404,2330,8,0
4404,2309,9,0
4404,2310,10,0
4404,2311,11,0
4404,2312,12,0
4404,2338,13,0
4404,2313,14,0
4404,883,15,0
4404,2314,16,0
4404,2315,17,0
4404,2316,18,0
4404,2554,19,0
4404,2418,20,0
4404,2422,21,0
4404,2423,22,0
4404,2424,23,0
4404,2425,24,0
4404,2426,25,0
4404,2490,26,0
4404,2427,27,0
4404,2168,28,0
4404,2428,29,0
4404,2429,30,0
4404,2464,31,0
4404,2431,32,0
4404,2432,33,0
4404,2455,34,0
4404,2433,35,0
4404,2434,36,0
4404,2435,37,0
4404,2436,38,0
4404,2453,39,0
4404,1704,40,0
4404,1801,41,0
4404,1705,42,0
4404,1751,43,0
4404,1706,44,0
4404,1722,45,0
4404,1709,46,0
4404,2356,47,0
4404,983,48,0
4404,987,49,0
4404,988,50,0
4404,995,51,0
4404,900,52,0
4404,984,53,0
4404,490,54,1
4503,297,1,0
4503,283,2,0
4503,244,3,0
4503,245,4,0
4503,288,5,0
4503,500,6,0
4503,567,7,0
4503,515,8,0
4503,484,9,0
4503,485,10,0
4503,530,11,0
4503,683,12,0
4503,2922,13,0
4503,514,14,0
4503,489,15,0
4503,1136,16,0
4503,3141,17,0
4503,3114,18,0
4503,3143,19,0
4503,3142,20,0
4503,4540,21,0
4503,4500,22,0
4503,4501,23,0
4503,129,24,0
4503,150,25,0
4503,144,26,0
4503,4502,27,0
4503,320,28,0
4503,4549,29,0
4503,4526,30,0
4503,4536,31,0
4503,4527,32,0
4503,4538,33,0
4503,4509,34,0
4503,4541,35,0
4503,4545,36,0
4503,583,37,0
4503,1253,38,0
4503,998,39,0
4503,1023,40,0
4503,1024,41,0
4503,1096,42,0
4503,4519,43,0
4503,4505,44,0
4503,4506,45,0
4503,4551,46,0
4503,4507,47,0
4503,772,48,0
4503,2357,49,0
4503,773,50,0
4503,3512,51,0
4503,774,52,0
4503,3513,53,0
4503,3514,54,0
4503,3515,55,0
4503,2820,56,0
4503,1766,57,0
4503,1767,58,0
4503,3306,59,0
4503,1295,60,0
4503,2342,61,0
4503,6002,62,1
4504,812,1,0
4504,2290,2,0
4504,346,3,0
4504,3307,4,0
4504,1783,5,0
4504,1784,6,0
4504,1785,7,0
4504,3086,8,0
4504,3305,9,0
4504,4002,10,0
4504,1788,11,0
4504,4550,12,0
4504,1790,13,0
4504,2212,14,0
4504,4512,15,0
4504,4513,16,0
4504,4548,17,0
4504,4514,18,0
4504,4515,19,0
4504,4529,20,0
4504,4516,21,0
4504,1046,22,0
4504,1098,23,0
4504,1047,24,0
4504,1252,25,0
4504,678,26,0
4504,4518,27,0
4504,4526,28,0
4504,4536,29,0
4504,4527,30,0
4504,4538,31,0
4504,4509,32,0
4504,4541,33,0
4504,4545,34,0
4504,4547,35,0
4504,338,36,0
4504,4520,37,0
4504,4521,38,0
4504,114,39,0
4504,143,40,0
4504,4522,41,0
4504,2351,42,0
4504,2352,43,0
4504,2682,44,0
4504,2353,45,0
4504,2906,46,0
4504,680,47,0
4504,486,48,0
4504,487,49,0
4504,525,50,0
4504,682,51,0
4504,596,52,0
4504,518,53,0
4504,684,54,0
4504,685,55,0
4504,568,56,0
4504,569,57,0
4504,502,58,0
4504,103,59,0
4504,104,60,0
4504,105,61,0
4504,106,62,0
4504,297,63,1
4603,1792,1,0
4603,2165,2,0
4603,3402,3,0
4603,313,4,0
4603,3403,5,0
4603,3404,6,0
4603,5747,7,0
4603,3336,8,0
4603,3341,9,0
4603,3335,10,0
4603,5711,11,0
4603,5712,12,0
4603,5713,13,0
4603,5723,14,0
4603,5733,15,0
4603,5745,16,0
4603,3344,17,0
4603,3065,18,0
4603,392,19,0
4603,870,20,0
4603,393,21,0
4603,819,22,0
4603,394,23,0
4603,395,24,0
4603,396,25,0
4603,397,26,0
4603,841,27,0
4603,398,28,0
4603,800,29,0
4603,2587,30,0
4603,2588,31,0
4603,2589,32,0
4603,2342,33,0
4603,1458,34,0
4603,6002,35,1
4604,1374,1,0
4604,2290,2,0
4604,2581,3,0
4604,2582,4,0
4604,2584,5,0
4604,1267,6,0
4604,1268,7,0
4604,1269,8,0
4604,842,9,0
4604,1298,10,0
4604,1278,11,0
4604,1279,12,0
4604,1286,13,0
4604,3130,14,0
4604,1287,15,0
4604,1288,16,0
4604,1289,17,0
4604,1693,18,0
4604,5624,19,0
4604,5625,20,0
4604,5626,21,0
4604,5627,22,0
4604,5628,23,0
4604,5629,24,0
4604,5630,25,0
4604,3531,26,0
4604,3530,27,0
4604,3508,28,0
4604,5751,29,0
4604,3399,30,0
4604,3401,31,0
4604,2170,32,0
4604,1689,33,0
4604,715,34,0
4604,3366,35,0
4604,1792,36,1
4803,1013,1,0
4803,1719,2,0
4803,1720,3,0
4803,1792,4,0
4803,2165,5,0
4803,2128,6,0
4803,1772,7,0
4803,1757,8,0
4803,58,9,0
4803,192,10,0
4803,298,11,0
4803,1759,12,0
4803,1760,13,0
4803,2058,14,0
4803,2101,15,0
4803,2671,16,0
4803,2644,17,0
4803,2261,18,0
4803,2262,19,0
4803,2298,20,0
4803,2263,21,0
4803,2264,22,0
4803,2296,23,0
4803,2265,24,0
4803,780,25,1
4804,780,1,0
4804,2223,2,0
4804,2297,3,0
4804,2224,4,0
4804,2225,5,0
4804,2251,6,0
4804,2226,7,0
4804,2645,8,0
4804,2648,9,0
4804,2125,10,0
4804,2126,11,0
4804,1761,12,0
4804,1762,13,0
4804,299,14,0
4804,2420,15,0
4804,57,16,0
4804,1689,17,0
4804,599,18,0
4804,3248,19,0
4804,3366,20,0
4804,1715,21,0
4804,1717,22,0
4804,1718,23,0
4804,1049,24,0
4804,1029,25,0
4804,1013,26,1
4901,3203,1,0
4901,3204,2,0
4901,4906,3,0
4901,4907,4,0
4901,4909,5,0
4901,4002,6,0
4901,1788,7,0
4901,4550,8,0
4901,5751,9,0
4901,3399,10,0
4901,3401,11,0
4901,2170,12,0
4901,3402,13,0
4901,4910,14,0
4901,4911,15,0
4901,4912,16,0
4901,4913,17,0
4901,4914,18,0
4901,4915,19,0
4901,4916,20,0
4901,4917,21,0
4901,2448,22,0
4901,4918,23,0
4901,4920,24,1
4902,4920,1,0
4902,2437,2,0
4902,2438,3,0
4902,4921,4,0
4902,4922,5,0
4902,4923,6,0
4902,4924,7,0
4902,4925,8,0
4902,4926,9,0
4902,4927,10,0
4902,4928,11,0
4902,3402,12,0
4902,313,13,0
4902,3403,14,0
4902,3404,15,0
4902,5747,16,0
4902,3512,17,0
4902,774,18,0
4902,3513,19,0
4902,4929,20,0
4902,4930,21,0
4902,4931,22,0
4902,4932,23,0
4902,3205,24,0
4902,3206,25,0
4902,5750,26,0
4902,5748,27,0
4902,5752,28,0
4902,5749,29,0
4902,4902,30,0
4902,4903,31,0
4902,889,32,0
4902,3203,33,1
5103,885,1,0
5103,1301,2,0
5103,1313,3,0
5103,1314,4,0
5103,1320,5,0
5103,1321,6,0
5103,1322,7,0
5103,1308,8,0
5103,1576,9,0
5103,1577,10,0
5103,1578,11,0
5103,2760,12,0
5103,2701,13,0
5103,1570,14,0
5103,2019,15,0
5103,2184,16,0
5103,2020,17,0
5103,2021,18,0
5103,2022,19,0
5103,2094,20,0
5103,2641,21,0
5103,2023,22,0
5103,2155,23,0
5103,2156,24,0
5103,2697,25,0
5103,2642,26,0
5103,2643,27,0
5103,2473,28,0
5103,2474,29,0
5103,2475,30,0
5103,2476,31,0
5103,2477,32,0
5103,2478,33,0
5103,2479,34,0
5103,2480,35,0
5103,5100,36,0
5103,2481,37,0
5103,2482,38,0
5103,2492,39,0
5103,2493,40,0
5103,2509,41,0
5103,2591,42,0
5103,2510,43,1
5104,2510,1,0
5104,2513,2,0
5104,2494,3,0
5104,922,4,0
5104,2484,5,0
5104,2485,6,0
5104,2486,7,0
5104,2487,8,0
5104,2488,9,0
5104,2489,10,0
5104,2698,11,0
5104,2690,12,0
5104,2157,13,0
5104,2024,14,0
5104,2051,15,0
5104,2185,16,0
5104,2025,17,0
5104,2052,18,0
5104,2026,19,0
5104,2027,20,0
5104,2006,21,0
5104,2028,22,0
5104,1515,23,0
5104,273,24,0
5104,1579,25,0
5104,1580,26,0
5104,1581,27,0
5104,1310,28,0
5104,1323,29,0
5104,1324,30,0
5104,1360,31,0
5104,1361,32,0
5104,1362,33,0
5104,1311,34,0
5104,810,35,0
5104,809,36,0
5104,808,37,0
5104,921,38,0
5104,807,39,0
5104,806,40,0
5104,805,41,0
5104,885,42,1
5303,1208,1,0
5303,59,2,0
5303,1243,3,0
5303,1228,4,0
5303,1229,5,0
5303,3283,6,0
5303,1600,7,0
5303,3343,8,0
5303,1798,9,0
5303,1603,10,0
5303,1604,11,0
5303,1605,12,0
5303,1606,13,0
5303,1993,14,0
5303,3358,15,0
5303,635,16,0
5303,634,17,0
5303,177,18,0
5303,3543,19,0
5303,2133,20,0
5303,178,21,0
5303,5301,22,0
5303,2215,23,0
5303,3180,24,0
5303,3107,25,0
5303,179,26,0
5303,180,27,0
5303,3700,28,0
5303,181,29,0
5303,3000,30,0
5303,182,31,0
5303,5305,32,0
5303,5310,33,0
5303,689,34,0
5303,690,35,0
5303,691,36,0
5303,3418,37,0
5303,3299,38,0
5303,1154,39,0
5303,1852,40,0
5303,2182,41,1
5304,2182,1,0
5304,1163,2,0
5304,1148,3,0
5304,593,4,0
5304,636,5,0
5304,681,6,0
5304,5306,7,0
5304,818,8,0
5304,193,9,0
5304,3137,10,0
5304,3001,11,0
5304,194,12,0
5304,3701,13,0
5304,3362,14,0
5304,196,15,0
5304,1933,16,0
5304,1934,17,0
5304,2552,18,0
5304,3550,19,0
5304,197,20,0
5304,3900,21,0
5304,2331,22,0
5304,3127,23,0
5304,3128,24,0
5304,3110,25,0
5304,633,26,0
5304,632,27,0
5304,1981,28,0
5304,1987,29,0
5304,1608,30,0
5304,1616,31,0
5304,1609,32,0
5304,1610,33,0
5304,1878,34,0
5304,1612,35,0
5304,1614,36,0
5304,3284,37,0
5304,1240,38,0
5304,1241,39,0
5304,1242,40,0
5304,1227,41,0
5304,1215,42,0
5304,1216,43,0
5304,3281,44,0
5304,1208,45,1
5703,3150,1,0
5703,310,2,0
5703,9013,3,0
5703,811,4,0
5703,9015,5,0
5703,9016,6,0
5703,9017,7,0
5703,9018,8,0
5703,9019,9,0
5703,815,10,0
5703,5009,11,0
5703,2018,12,0
5703,5701,13,0
5703,5702,14,0
5703,5703,15,0
5703,5704,16,0
5703,5007,17,0
5703,5705,18,0
5703,5706,19,0
5703,5707,20,0
5703,5724,21,0
5703,2538,22,0
5703,2539,23,0
5703,2529,24,0
5703,2540,25,0
5703,2595,26,0
5703,2500,27,0
5703,2596,28,0
5703,2597,29,0
5703,2598,30,0
5703,2894,31,0
5703,5709,32,0
5703,5725,33,0
5703,5726,34,0
5703,5727,35,0
5703,5728,36,0
5703,5744,37,0
5703,3163,38,0
5703,5302,39,0
5703,5729,40,0
5703,5303,41,0
5703,5304,42,0
5703,5770,43,0
5703,5771,44,0
5703,5772,45,0
5703,5773,46,0
5703,5774,47,0
5703,3104,48,0
5703,6133,49,0
5703,3082,50,0
5703,3191,51,0
5703,3135,52,0
5703,3100,53,0
5703,3133,54,0
5703,6134,55,0
5703,1418,56,0
5703,1423,57,0
5703,3051,58,0
5703,2562,59,0
5703,3052,60,0
5703,2134,61,0
5703,5781,62,0
5703,5782,63,0
5703,2200,64,0
5703,2201,65,0
5703,2264,66,0
5703,2296,67,0
5703,2265,68,0
5703,6002,69,1
5704,2127,1,0
5704,2223,2,0
5704,2297,3,0
5704,2224,4,0
5704,2284,5,0
5704,5783,6,0
5704,5784,7,0
5704,2108,8,0
5704,3200,9,0
5704,6111,10,0
5704,3201,11,0
5704,1156,12,0
5704,3202,13,0
5704,6120,14,0
5704,3134,15,0
5704,3136,16,0
5704,1138,17,0
5704,6146,18,0
5704,6112,19,0
5704,5775,20,0
5704,5776,21,0
5704,5777,22,0
5704,5778,23,0
5704,5779,24,0
5704,5780,25,0
5704,5730,26,0
5704,5731,27,0
5704,5732,28,0
5704,5734,29,0
5704,5735,30,0
5704,2121,31,0
5704,5736,32,0
5704,5737,33,0
5704,5738,34,0
5704,2647,35,0
5704,5714,36,0
5704,5715,37,0
5704,5716,38,0
5704,5717,39,0
5704,5718,40,0
5704,5739,41,0
5704,5740,42,0
5704,5741,43,0
5704,5742,44,0
5704,5743,45,0
5704,5007,46,0
5704,5016,47,0
5704,5017,48,0
5704,5018,49,0
5704,5719,50,0
5704,5720,51,0
5704,5721,52,0
5704,5722,53,0
5704,9026,54,0
5704,9001,55,0
5704,9002,56,0
5704,9003,57,0
5704,9004,58,0
5704,9005,59,0
5704,9006,60,0
5704,9007,61,0
5704,9008,62,0
5704,9009,63,0
5704,9010,64,0
5704,9011,65,0
5704,9014,66,0
5704,9098,67,0
5704,9080,68,0
5704,9000,69,0
5704,3150,70,1
6103,664,1,0
6103,1838,2,0
6103,3192,3,0
6103,849,4,0
6103,1404,5,0
6103,1405,6,0
6103,1415,7,0
6103,833,8,0
6103,834,9,0
6103,1246,10,0
6103,1247,11,0
6103,6105,12,0
6103,3556,13,0
6103,6106,14,0
6103,2580,15,0
6103,6107,16,0
6103,6108,17,0
6103,6109,18,0
6103,6110,19,0
6103,2416,20,0
6103,3108,21,0
6103,6124,22,0
6103,87,23,0
6103,3104,24,0
6103,6133,25,0
6103,3082,26,0
6103,6164,27,0
6103,6165,28,0
6103,6169,29,0
6103,6166,30,0
6103,6670,31,0
6103,6610,32,0
6103,6611,33,0
6103,6612,34,0
6103,6613,35,0
6103,6614,36,0
6103,6624,37,0
6103,3191,38,0
6103,3135,39,0
6103,3100,40,0
6103,3133,41,0
6103,6134,42,0
6103,6135,43,0
6103,6136,44,0
6103,6172,45,0
6103,6156,46,0
6103,170,47,0
6103,62,48,0
6103,3115,49,0
6103,6880,50,1
6104,6880,1,0
6104,2505,2,0
6104,2533,3,0
6104,6138,4,0
6104,6139,5,0
6104,6120,6,0
6104,3134,7,0
6104,3136,8,0
6104,6624,9,0
6104,6615,10,0
6104,6609,11,0
6104,6616,12,0
6104,6617,13,0
6104,6618,14,0
6104,6619,15,0
6104,6182,16,0
6104,6183,17,0
6104,6184,18,0
6104,1138,19,0
6104,6146,20,0
6104,6112,21,0
6104,2969,22,0
6104,3037,23,0
6104,6113,24,0
6104,6125,25,0
6104,6114,26,0
6104,6115,27,0
6104,6116,28,0
6104,6117,29,0
6104,2602,30,0
6104,6118,31,0
6104,3555,32,0
6104,6119,33,0
6104,2137,34,0
6104,1184,35,0
6104,832,36,0
6104,1140,37,0
6104,1416,38,0
6104,1424,39,0
6104,851,40,0
6104,2970,41,0
6104,2585,42,0
6104,1456,43,0
6104,6000,44,1
6401,2582,1,0
6401,3170,2,0
6401,3171,3,0
6401,3172,4,0
6401,3173,5,0
6401,3174,6,0
6401,1688,7,0
6401,3175,8,0
6401,23,9,0
6401,3176,10,0
6401,2234,11,0
6401,2235,12,0
6401,3177,13,0
6401,3178,14,0
6401,3179,15,0
6401,3181,16,0
6401,3182,17,0
6401,3183,18,0
6401,3184,19,0
6401,2293,20,0
6401,2297,21,0
6401,2326,22,1
6402,2326,1,0
6402,2200,2,0
6402,2201,3,0
6402,2264,4,0
6402,2296,5,0
6402,2265,6,0
6402,2290,7,0
6402,2581,8,0
6402,2582,9,0
6402,3170,10,0
6402,3171,11,0
6402,3172,12,0
6402,3173,13,0
6402,3174,14,0
6402,1688,15,0
6402,3175,16,0
6402,23,17,0
6402,3176,18,0
6402,2234,19,0
6402,2235,20,0
6402,3177,21,0
6402,3178,22,0
6402,3179,23,0
6402,3181,24,0
6402,3182,25,0
6402,3183,26,0
6402,3184,27,0
6402,3185,28,1
6603,364,1,0
6603,1838,2,0
6603,3192,3,0
6603,2926,4,0
6603,2907,5,0
6603,11,6,0
6603,3028,7,0
6603,3010,8,0
6603,1244,9,0
6603,3029,10,0
6603,1293,11,0
6603,1450,12,0
6603,3031,13,0
6603,1592,14,0
6603,776,15,0
6603,777,16,0
6603,3119,17,0
6603,3126,18,0
6603,6602,19,0
6603,6603,20,0
6603,6604,21,0
6603,6605,22,0
6603,6606,23,0
6603,6607,24,0
6603,6608,25,0
6603,6670,26,0
6603,6610,27,0
6603,6611,28,0
6603,6612,29,0
6603,6613,30,0
6603,6614,31,0
6603,6600,32,1
6604,6600,1,0
6604,6615,2,0
6604,6609,3,0
6604,6616,4,0
6604,6617,5,0
6604,6618,6,0
6604,6619,7,0
6604,6167,8,0
6604,6168,9,0
6604,6620,10,0
6604,6621,11,0
6604,6622,12,0
6604,6623,13,0
6604,3905,14,0
6604,6627,15,0
6604,3906,16,0
6604,25,17,0
6604,781,18,0
6604,2167,19,0
6604,1824,20,0
6604,2166,21,0
6604,1825,22,0
6604,1826,23,0
6604,844,24,0
6604,1827,25,0
6604,1828,26,0
6604,1877,27,0
6604,3032,28,0
6604,1879,29,0
6604,1965,30,0
6604,2921,31,0
6604,2970,32,0
6604,2585,33,0
6604,1456,34,0
6604,6000,35,1
6703,3325,1,0
6703,3326,2,0
6703,3340,3,0
6703,3337,4,0
6703,3332,5,0
6703,3334,6,0
6703,1777,7,0
6703,1778,8,0
6703,1779,9,0
6703,1780,10,0
6703,1781,11,0
6703,1782,12,0
6703,2165,13,0
6703,1756,14,0
6703,192,15,0
6703,298,16,0
6703,4915,17,0
6703,4916,18,0
6703,4917,19,0
6703,2448,20,0
6703,4918,21,0
6703,4920,22,1
6704,4920,1,0
6704,2437,2,0
6704,2438,3,0
6704,4921,4,0
6704,299,5,0
6704,2420,6,0
6704,715,7,0
6704,3366,8,0
6704,767,9,0
6704,768,10,0
6704,3433,11,0
6704,770,12,0
6704,771,13,0
6704,3314,14,0
6704,3317,15,0
6704,3338,16,0
6704,3339,17,0
6704,3322,18,0
6704,3323,19,0
6704,3324,20,0
6704,3518,21,1
6803,6171,1,0
6803,1838,2,0
6803,3192,3,0
6803,2926,4,0
6803,1952,5,0
6803,1833,6,0
6803,2680,7,0
6803,1834,8,0
6803,6810,9,0
6803,494,10,0
6803,1249,11,0
6803,1429,12,0
6803,1440,13,0
6803,6815,14,0
6803,6811,15,0
6803,2197,16,1
6804,2197,1,0
6804,3002,2,0
6804,1159,3,0
6804,1160,4,0
6804,1161,5,0
6804,1162,6,0
6804,1157,7,0
6804,6812,8,0
6804,6813,9,0
6804,6814,10,0
6804,1967,11,0
6804,1965,12,0
6804,2921,13,0
6804,2970,14,0
6804,2585,15,0
6804,1456,16,0
6804,6171,17,1
7001,1802,1,0
7001,1803,2,0
7001,1804,3,0
7001,1809,4,0
7001,1810,5,0
7001,1811,6,0
7001,850,7,0
7001,1812,8,0
7001,1841,9,0
7001,63,10,0
7001,3012,11,0
7001,64,12,0
7001,3063,13,0
7001,3119,14,0
7001,3126,15,0
7001,3079,16,0
7001,647,17,0
7001,673,18,0
7001,3027,19,0
7001,835,20,0
7001,2574,21,0
7001,2713,22,0
7001,2714,23,0
7001,1851,24,0
7001,3080,25,0
7001,1944,26,0
7001,1929,27,0
7001,3131,28,0
7001,1904,29,0
7001,9068,30,0
7001,9069,31,0
7001,9071,32,0
7001,9072,33,0
7001,9073,34,0
7001,9074,35,0
7001,9075,36,0
7001,9076,37,0
7001,9077,38,0
7001,9078,39,0
7001,9079,40,0
7001,9012,41,0
7001,9000,42,0
7001,1632,43,1
7002,1632,1,0
7002,310,2,0
7002,9013,3,0
7002,811,4,0
7002,9015,5,0
7002,9016,6,0
7002,9017,7,0
7002,9018,8,0
7002,9019,9,0
7002,815,10,0
7002,1927,11,0
7002,1948,12,0
7002,1928,13,0
7002,1947,14,0
7002,3252,15,0
7002,1923,16,0
7002,3081,17,0
7002,1980,18,0
7002,1802,19,0
7002,1803,20,0
7002,1804,21,0
7002,1809,22,0
7002,1810,23,0
7002,1811,24,0
7002,850,25,0
7002,1812,26,0
7002,1841,27,0
7002,63,28,0
7002,3012,29,0
7002,64,30,0
7002,3063,31,0
7002,3119,32,0
7002,3126,33,0
7002,3079,34,0
7002,647,35,0
7002,673,36,0
7002,3027,37,0
7002,835,38,0
7002,2574,39,0
7002,2713,40,0
7002,2714,41,0
7002,1851,42,1
7101,4549,1,0
7101,4526,2,0
7101,4536,3,0
7101,4527,4,0
7101,4538,5,0
7101,4509,6,0
7101,4541,7,0
7101,4545,8,0
7101,4547,9,0
7101,680,10,0
7101,486,11,0
7101,487,12,0
7101,525,13,0
7101,682,14,0
7101,596,15,0
7101,518,16,0
7101,684,17,0
7101,685,18,0
7101,568,19,0
7101,569,20,0
7101,503,21,0
7101,504,22,0
7101,579,23,0
7101,564,24,0
7101,1682,25,0
7101,565,26,0
7101,9000,27,0
7101,1632,28,1
7102,1632,1,0
7102,3423,2,0
7102,1682,3,0
7102,565,4,0
7102,500,5,0
7102,567,6,0
7102,515,7,0
7102,484,8,0
7102,485,9,0
7102,530,10,0
7102,683,11,0
7102,2922,12,0
7102,514,13,0
7102,489,14,0
7102,1136,15,0
7102,4549,16,0
7102,4526,17,0
7102,4536,18,0
7102,4527,19,0
7102,4538,20,0
7102,4509,21,0
7102,4541,22,0
7102,4545,23,0
7102,4547,24,1
7303,3225,1,0
7303,2047,2,0
7303,2046,3,0
7303,2045,4,0
7303,574,5,0
7303,3236,6,0
7303,3237,7,0
7303,3238,8,0
7303,3239,9,0
7303,3242,10,0
7303,3244,11,0
7303,576,12,0
7303,2079,13,0
7303,2080,14,0
7303,2081,15,0
7303,2082,16,0
7303,2549,17,0
7303,3262,18,0
7303,3263,19,0
7303,3264,20,0
7303,3265,21,1
7304,3265,1,0
7304,3267,2,0
7304,3268,3,0
7304,45,4,0
7304,2065,5,0
7304,2096,6,0
7304,2097,7,0
7304,2098,8,0
7304,2099,9,0
7304,2009,10,0
7304,2008,11,0
7304,2010,12,0
7304,3220,13,0
7304,3225,14,1
7401,3225,1,0
7401,2047,2,0
7401,2046,3,0
7401,2045,4,0
7401,2014,5,0
7401,2015,6,0
7401,3367,7,0
7401,12,8,0
7401,3211,9,0
7401,2070,10,0
7401,38,11,0
7401,3084,12,0
7401,3085,13,0
7401,3240,14,0
7401,3087,15,0
7401,1769,16,0
7401,1787,17,0
7401,2618,18,0
7401,2059,19,0
7401,2118,20,0
7401,2061,21,0
7401,3258,22,0
7401,779,23,1
7402,779,1,0
7402,3272,2,0
7402,2147,3,0
7402,2136,4,0
7402,2119,5,0
7402,2619,6,0
7402,1730,7,0
7402,1732,8,0
7402,1727,9,0
7402,3241,10,0
7402,10,11,0
7402,3096,12,0
7402,3254,13,0
7402,47,14,0
7402,3097,15,0
7402,3212,16,0
7402,1749,17,0
7402,3213,18,0
7402,2035,19,0
7402,2010,20,0
7402,3220,21,0
7402,3225,22,1
7601,85,1,0
7601,480,2,0
7601,481,3,0
7601,1822,4,0
7601,1508,5,0
7601,158,6,0
7601,1273,7,0
7601,1274,8,0
7601,1276,9,0
7601,1277,10,0
7601,1383,11,0
7601,1384,12,0
7601,1385,13,0
7601,1386,14,0
7601,1387,15,0
7601,1388,16,0
7601,1389,17,0
7601,1390,18,0
7601,1391,19,0
7601,1392,20,0
7601,1393,21,0
7601,1394,22,0
7601,1395,23,0
7601,9163,24,0
7601,9063,25,0
7601,9064,26,0
7601,9065,27,0
7601,9066,28,0
7601,9067,29,0
7601,9026,30,0
7601,9001,31,0
7601,9002,32,0
7601,9003,33,0
7601,9004,34,0
7601,9005,35,0
7601,9006,36,0
7601,9007,37,0
7601,9008,38,0
7601,9009,39,0
7601,9010,40,0
7601,9011,41,0
7601,9014,42,0
7601,9098,43,0
7601,9080,44,0
7601,9000,45,0
7601,1306,46,1
7602,1306,1,0
7602,310,2,0
7602,9013,3,0
7602,811,4,0
7602,9015,5,0
7602,9016,6,0
7602,9017,7,0
7602,9018,8,0
7602,9019,9,0
7602,815,10,0
7602,9091,11,0
7602,9092,12,0
7602,9093,13,0
7602,9094,14,0
7602,9095,15,0
7602,1307,16,0
7602,1309,17,0
7602,1551,18,0
7602,1552,19,0
7602,1553,20,0
7602,1554,21,0
7602,1555,22,0
7602,1557,23,0
7602,1558,24,0
7602,1559,25,0
7602,1560,26,0
7602,1561,27,0
7602,1563,28,0
7602,1564,29,0
7602,1565,30,0
7602,1566,31,0
7602,2593,32,0
7602,1523,33,0
7602,2577,34,0
7602,666,35,0
7602,85,36,1
8703,3258,1,0
8703,2124,2,0
8703,36,3,0
8703,3223,4,0
8703,3007,5,0
8703,2037,6,0
8703,2083,7,0
8703,2031,8,0
8703,340,9,0
8703,482,10,0
8703,1955,11,0
8703,1962,12,0
8703,1952,13,0
8703,1953,14,0
8703,1998,15,0
8703,1897,16,0
8703,1964,17,0
8703,891,18,0
8703,892,19,0
8703,2895,20,0
8703,3064,21,0
8703,783,22,0
8703,789,23,0
8703,3277,24,0
8703,2468,25,0
8703,1887,26,0
8703,2470,27,0
8703,2820,28,0
8703,1766,29,0
8703,1767,30,0
8703,1295,31,0
8703,6002,32,1
8704,1374,1,0
8704,346,2,0
8704,1783,3,0
8704,1784,4,0
8704,1785,5,0
8704,2458,6,0
8704,2459,7,0
8704,2460,8,0
8704,3276,9,0
8704,401,10,0
8704,404,11,0
8704,3056,12,0
8704,2260,13,0
8704,2229,14,0
8704,2173,15,0
8704,1896,16,0
8704,2270,17,0
8704,1999,18,0
8704,1954,19,0
8704,1957,20,0
8704,1967,21,0
8704,1956,22,0
8704,1991,23,0
8704,322,24,0
8704,1471,25,0
8704,2048,26,0
8704,2012,27,0
8704,2010,28,0
8704,3038,29,0
8704,3227,30,0
8704,35,31,0
8704,2044,32,0
8704,779,33,1
9001,2244,1,0
9001,2223,2,0
9001,2297,3,0
9001,2224,4,0
9001,2326,5,0
9001,2200,6,0
9001,2201,7,0
9001,2202,8,0
9001,2208,9,0
9001,2204,10,0
9001,2205,11,0
9001,2206,12,0
9001,2207,13,0
9001,2292,14,0
9001,2295,15,0
9001,2715,16,0
9001,2734,17,0
9001,2753,18,0
9001,2754,19,0
9001,2565,20,0
9001,2566,21,0
9001,2567,22,0
9001,2282,23,0
9001,888,24,0
9001,2385,25,0
9001,2386,26,0
9001,2387,27,0
9001,2732,28,0
9001,4510,29,0
9001,2272,30,0
9001,2273,31,0
9001,2274,32,0
9001,2275,33,0
9001,2276,34,0
9001,2277,35,0
9001,2278,36,0
9001,2279,37,0
9001,2280,38,0
9001,2281,39,0
9001,1299,40,0
9001,1226,41,0
9001,2264,42,0
9001,2296,43,0
9001,2265,44,0
9001,6002,45,1
9002,2244,1,0
9002,2290,2,0
9002,2581,3,0
9002,3016,4,0
9002,3017,5,0
9002,2328,6,0
9002,943,7,0
9002,2544,8,0
9002,3024,9,0
9002,4530,10,0
9002,4531,11,0
9002,4532,12,0
9002,4533,13,0
9002,4543,14,0
9002,4534,15,0
9002,4544,16,0
9002,4535,17,0
9002,92,18,0
9002,2340,19,0
9002,3077,20,0
9002,93,21,0
9002,2342,22,0
9002,1458,23,0
9002,6002,24,1
9103,6126,1,0
9103,3123,2,0
9103,6127,3,0
9103,6128,4,0
9103,6129,5,0
9103,6137,6,0
9103,6130,7,0
9103,6131,8,0
9103,6132,9,0
9103,6101,10,0
9103,982,11,0
9103,6102,12,0
9103,6158,13,0
9103,6159,14,0
9103,6160,15,0
9103,6202,16,0
9103,1746,17,0
9103,1421,18,0
9103,1498,19,0
9103,3033,20,0
9103,1428,21,0
9103,1446,22,0
9103,4030,23,0
9103,1456,24,0
9103,6171,25,1
9104,6171,1,0
9104,4020,2,0
9104,577,3,0
9104,4021,4,0
9104,585,5,0
9104,1645,6,0
9104,1691,7,0
9104,6203,8,0
9104,6161,9,0
9104,6162,10,0
9104,6163,11,0
9104,90,12,0
9104,6123,13,0
9104,6140,14,0
9104,6141,15,0
9104,6142,16,0
9104,6170,17,0
9104,6143,18,0
9104,6144,19,0
9104,6145,20,0
9104,6126,21,1
10001,4553,1,0
10001,3425,2,0
10001,1406,3,0
10001,1714,4,0
10001,1690,5,0
10001,2706,6,0
10001,3225,7,0
10001,3038,8,0
10001,3227,9,0
10001,35,10,0
10001,2044,11,0
10001,1133,12,0
10001,2913,13,0
10001,2930,14,1
10002,2930,1,0
10002,1088,2,0
10002,2124,3,0
10002,36,4,0
10002,3223,5,0
10002,3007,6,0
10002,3220,7,0
10002,2703,8,0
10002,1726,9,0
10002,1716,10,0
10002,1408,11,0
10002,3424,12,0
10002,4552,13,1
10101,1661,1,0
10101,548,2,0
10101,501,3,0
10101,4300,4,0
10101,1033,5,0
10101,535,6,0
10101,910,7,0
10101,642,8,0
10101,644,9,0
10101,645,10,0
10101,748,11,0
10101,749,12,0
10101,855,13,0
10101,858,14,0
10101,862,15,0
10101,831,16,0
10101,866,17,0
10101,9001,18,0
10101,9007,19,0
10101,9000,20,0
10101,1303,21,1
10102,1303,1,0
10102,310,2,0
10102,811,3,0
10102,815,4,0
10102,875,5,0
10102,1354,6,0
10102,1377,7,0
10102,1381,8,0
10102,1283,9,0
10102,1189,10,0
10102,1190,11,0
10102,1194,12,0
10102,1195,13,0
10102,1197,14,0
10102,991,15,0
10102,1037,16,0
10102,1039,17,0
10102,4300,18,0
10102,1666,19,0
10102,1002,20,0
10102,1660,21,0
10102,1661,22,1
10303,344,1,0
10303,326,2,0
10303,336,3,0
10303,334,4,0
10303,728,5,0
10303,724,6,0
10303,722,7,0
10303,718,8,0
10303,769,9,0
10303,1208,10,0
10303,1206,11,0
10303,4003,12,0
10303,3280,13,0
10303,1900,14,0
10303,1950,15,0
10303,1960,16,0
10303,1949,17,0
10303,96,18,0
10303,1907,19,0
10303,1909,20,0
10303,2614,21,0
10303,2616,22,1
10304,2616,1,0
10304,2612,2,0
10304,2613,3,0
10304,2518,4,0
10304,97,5,0
10304,1968,6,0
10304,1980,7,0
10304,1951,8,0
10304,1919,9,0
10304,3497,10,0
10304,4005,11,0
10304,1105,12,0
10304,1107,13,0
10304,1104,14,0
10304,717,15,0
10304,721,16,0
10304,723,17,0
10304,727,18,0
10304,333,19,0
10304,339,20,0
10304,344,21,1
10401,919,1,0
10401,2108,2,0
10401,6880,3,0
10401,3363,4,0
10401,2395,5,0
10401,2497,6,0
10401,2498,7,0
10401,2514,8,0
10401,2516,9,0
10401,802,10,0
10401,2553,11,0
10401,2603,12,0
10401,2607,13,0
10401,2800,14,0
10401,1687,15,1
10402,1687,1,0
10402,3279,2,0
10402,2770,3,0
10402,327,4,0
10402,328,5,0
10402,2507,6,0
10402,2546,7,0
10402,2548,8,0
10402,2499,9,0
10402,2556,10,0
10402,2559,11,0
10402,3364,12,0
10402,3117,13,0
10402,2134,14,0
10402,919,15,1
10703,1406,1,0
10703,1714,2,0
10703,1690,3,0
10703,2706,4,0
10703,3225,5,0
10703,3038,6,0
10703,3227,7,0
10703,35,8,0
10703,2044,9,0
10703,1133,10,0
10703,2904,11,0
10703,9970,12,0
10703,2198,13,0
10703,2211,14,0
10703,543,15,0
10703,2218,16,0
10703,2968,17,0
10703,2985,18,0
10703,1407,19,0
10703,2800,20,0
10703,7100,21,0
10703,7201,22,1
10704,7201,1,0
10704,2875,2,0
10704,3279,3,0
10704,1853,4,0
10704,1396,5,0
10704,1397,6,0
10704,2230,7,0
10704,575,8,0
10704,2214,9,0
10704,2210,10,0
10704,3301,11,0
10704,2905,12,0
10704,1088,13,0
10704,2124,14,0
10704,36,15,0
10704,3223,16,0
10704,3007,17,0
10704,3220,18,0
10704,2703,19,0
10704,1726,20,0
10704,1716,21,0
10704,6000,22,1
10803,1306,1,0
10803,310,2,0
10803,811,3,0
10803,815,4,0
10803,3083,5,0
10803,1156,6,0
10803,6880,7,0
10803,2505,8,0
10803,2533,9,0
10803,6138,10,0
10803,6139,11,0
10803,2384,12,0
10803,99,13,0
10803,829,14,0
10803,2376,15,0
10803,2609,16,0
10803,2131,17,0
10803,2110,18,0
10803,2109,19,0
10803,2379,20,0
10803,2380,21,0
10803,2381,22,0
10803,2382,23,0
10803,2383,24,0
10803,2314,25,0
10803,2315,26,0
10803,2316,27,0
10803,2554,28,0
10803,2418,29,0
10803,2377,30,0
10803,2496,31,1
10804,1443,1,0
10804,2417,2,0
10804,2378,3,0
10804,2300,4,0
10804,2301,5,0
10804,2302,6,0
10804,2371,7,0
10804,2372,8,0
10804,2373,9,0
10804,2374,10,0
10804,2375,11,0
10804,2158,12,0
10804,2159,13,0
10804,2160,14,0
10804,533,15,0
10804,351,16,0
10804,539,17,0
10804,62,18,0
10804,6880,19,0
10804,2505,20,0
10804,2533,21,0
10804,6138,22,0
10804,1575,23,0
10804,1423,24,0
10804,4517,25,0
10804,9001,26,0
10804,9007,27,0
10804,9000,28,0
10804,1306,29,1
10903,804,1,0
10903,310,2,0
10903,811,3,0
10903,815,4,0
10903,1088,5,0
10903,2124,6,0
10903,36,7,0
10903,3223,8,0
10903,3007,9,0
10903,3220,10,0
10903,2703,11,0
10903,1726,12,0
10903,1716,13,0
10903,1408,14,0
10903,3424,15,0
10903,4552,16,0
10903,772,17,0
10903,773,18,0
10903,774,19,0
10903,3515,20,0
10903,1767,21,0
10903,6002,22,1
10904,2266,1,0
10904,1783,2,0
10904,3086,3,0
10904,1788,4,0
10904,1790,5,0
10904,4512,6,0
10904,4553,7,0
10904,3425,8,0
10904,1406,9,0
10904,1714,10,0
10904,1690,11,0
10904,2706,12,0
10904,3225,13,0
10904,3038,14,0
10904,3227,15,0
10904,35,16,0
10904,2044,17,0
10904,1133,18,0
10904,9001,19,0
10904,9007,20,0
10904,9000,21,0
10904,804,22,1
11003,100,1,0
11003,283,2,0
11003,245,3,0
11003,566,4,0
11003,535,5,0
11003,910,6,0
11003,4007,7,0
11003,1720,8,0
11003,3424,9,0
11003,4288,10,1
11004,4288,1,0
11004,1406,2,0
11004,3425,3,0
11004,1717,4,0
11004,1062,5,0
11004,991,6,0
11004,545,7,0
11004,526,8,0
11004,104,9,0
11004,106,10,0
11004,100,11,0
11004,4007,12,1
18503,3225,1,0
18503,2045,2,0
18503,2041,3,0
18503,2637,4,0
18503,2502,5,0
18503,2503,6,0
18503,5023,7,0
18503,2623,8,0
18503,2632,9,0
18503,5019,10,0
18503,5020,11,0
18503,5021,12,0
18503,5022,13,1
18504,5022,1,0
18504,5012,2,0
18504,5013,3,0
18504,5014,4,0
18504,5011,5,0
18504,5015,6,0
18504,1065,7,0
18504,2520,8,0
18504,2521,9,0
18504,2606,10,0
18504,2004,11,0
18504,2008,12,0
18504,3220,13,0
18504,3225,14,1
30202,1515,1,0
30202,273,2,0
30202,1579,3,0
30202,1580,4,0
30202,1581,5,0
30202,1310,6,0
30202,1323,7,0
30202,1324,8,0
30202,1352,9,0
30202,1353,10,0
30202,2268,11,0
30202,1255,12,0
30202,1256,13,0
30202,1257,14,0
30202,1258,15,0
30202,1259,16,0
30202,1260,17,0
30202,1261,18,0
30202,1262,19,0
30202,1263,20,0
30202,1264,21,0
30202,1265,22,0
30202,1206,23,0
30202,1204,24,0
30202,588,25,0
30202,586,26,0
30202,1421,27,0
30202,1498,28,0
30202,3033,29,0
30202,1428,30,0
30202,1446,31,0
30202,4030,32,0
30202,1456,33,0
30202,6000,34,1
30401,1373,1,0
30401,1370,2,0
30401,1371,3,0
30401,1372,4,0
30401,1375,5,0
30401,1264,6,0
30401,1243,7,0
30401,1228,8,0
30401,1229,9,0
30401,1230,10,0
30401,1365,11,0
30401,1367,12,0
30401,1368,13,0
30401,1255,14,0
30401,1256,15,0
30401,1257,16,0
30401,1258,17,0
30401,1259,18,0
30401,1260,19,0
30401,1261,20,0
30401,1262,21,0
30401,1263,22,0
30401,1265,23,1
30402,1214,1,0
30402,1243,2,0
30402,1228,3,0
30402,1229,4,0
30402,1230,5,0
30402,1365,6,0
30402,1367,7,0
30402,1368,8,0
30402,1255,9,0
30402,1256,10,0
30402,1257,11,0
30402,1258,12,0
30402,1259,13,0
30402,1260,14,0
30402,1261,15,0
30402,1262,16,0
30402,1263,17,0
30402,1264,18,0
30402,1265,19,0
30402,1207,20,0
30402,1209,21,0
30402,1211,22,0
30402,1373,23,1
30503,3231,1,0
30503,4918,2,0
30503,2450,3,0
30503,2435,4,0
30503,2436,5,0
30503,2453,6,0
30503,1704,7,0
30503,1801,8,0
30503,1705,9,0
30503,1751,10,0
30503,1707,11,0
30503,3504,12,0
30503,1807,13,0
30503,1413,14,0
30503,1414,15,0
30503,2318,16,0
30503,1417,17,0
30503,1459,18,0
30503,1461,19,0
30503,1462,20,0
30503,1463,21,0
30503,1464,22,0
30503,1465,23,0
30503,1398,24,0
30503,1466,25,0
30503,3056,26,0
30503,1250,27,0
30503,2841,28,0
30503,1699,29,0
30503,1713,30,0
30503,1731,31,0
30503,3014,32,0
30503,1738,33,0
30503,1739,34,0
30503,1740,35,0
30503,1741,36,0
30503,1441,37,0
30503,1442,38,0
30503,2423,39,0
30503,2424,40,0
30503,2425,41,0
30503,2426,42,0
30503,2490,43,1
30504,782,1,0
30504,2410,2,0
30504,2457,3,0
30504,2411,4,0
30504,2412,5,0
30504,2413,6,0
30504,2414,7,0
30504,1445,8,0
30504,1743,9,0
30504,1744,10,0
30504,1748,11,0
30504,1750,12,0
30504,1754,13,0
30504,1763,14,0
30504,1829,15,0
30504,1830,16,0
30504,2881,17,0
30504,2885,18,0
30504,3064,19,0
30504,1669,20,0
30504,1670,21,0
30504,1671,22,0
30504,1672,23,0
30504,1673,24,0
30504,1674,25,0
30504,1675,26,0
30504,1676,27,0
30504,1451,28,0
30504,2517,29,0
30504,1452,30,0
30504,1453,31,0
30504,1633,32,0
30504,1808,33,0
30504,3308,34,0
30504,1700,35,0
30504,1752,36,0
30504,1702,37,0
30504,1800,38,0
30504,1703,39,0
30504,2452,40,0
30504,2400,41,0
30504,2401,42,0
30504,4101,43,0
30504,2402,44,0
30504,3231,45,1
30603,1249,1,0
30603,1429,2,0
30603,1440,3,0
30603,1848,4,0
30603,1854,5,0
30603,2105,6,0
30603,3015,7,0
30603,2106,8,0
30603,2111,9,0
30603,3053,10,0
30603,892,11,0
30603,2421,12,0
30603,2895,13,0
30603,2912,14,0
30603,3064,15,0
30603,783,16,0
30603,67,17,0
30603,2464,18,0
30603,2431,19,0
30603,2432,20,0
30603,2433,21,0
30603,3231,22,1
30604,3231,1,0
30604,4918,2,0
30604,2402,3,0
30604,2403,4,0
30604,2456,5,0
30604,2404,6,0
30604,2405,7,0
30604,2406,8,0
30604,401,9,0
30604,54,10,0
30604,404,11,0
30604,3056,12,0
30604,2259,13,0
30604,2260,14,0
30604,2227,15,0
30604,2229,16,0
30604,3023,17,0
30604,3147,18,0
30604,2112,19,0
30604,2113,20,0
30604,2114,21,0
30604,2120,22,0
30604,2197,23,0
30604,3002,24,0
30604,1159,25,0
30604,1160,26,0
30604,1161,27,0
30604,1162,28,1
30701,1515,1,0
30701,1579,2,0
30701,1580,3,0
30701,1581,4,0
30701,1310,5,0
30701,1323,6,0
30701,1328,7,0
30701,1329,8,0
30701,1330,9,0
30701,1331,10,0
30701,1332,11,0
30701,1333,12,0
30701,1334,13,0
30701,1335,14,0
30701,1336,15,0
30701,1337,16,0
30701,1339,17,0
30701,9161,18,0
30701,9022,19,0
30701,9023,20,0
30701,9024,21,0
30701,9025,22,0
30701,2892,23,0
30701,9027,24,0
30701,9028,25,0
30701,9029,26,0
30701,9030,27,0
30701,9031,28,0
30701,9052,29,0
30701,9162,30,0
30701,9008,31,0
30701,9010,32,0
30701,9011,33,0
30701,9014,34,0
30701,9098,35,0
30701,9080,36,0
30701,9000,37,1
30803,1833,1,0
30803,2680,2,0
30803,1834,3,0
30803,6810,4,0
30803,494,5,0
30803,1249,6,0
30803,1429,7,0
30803,1440,8,0
30803,1848,9,0
30803,1854,10,0
30803,2105,11,0
30803,3015,12,0
30803,2106,13,0
30803,2111,14,0
30803,3053,15,0
30803,892,16,1
30804,3023,1,0
30804,3147,2,0
30804,2112,3,0
30804,2113,4,0
30804,2114,5,0
30804,2120,6,0
30804,2197,7,0
30804,3002,8,0
30804,1159,9,0
30804,1160,10,0
30804,1161,11,0
30804,1162,12,0
30804,1157,13,0
30804,6812,14,0
30804,6813,15,0
30804,6814,16,1
30904,3023,1,0
30904,2173,2,0
30904,1451,3,0
30904,2517,4,0
30904,1452,5,0
30904,1453,6,0
30904,1487,7,0
30904,2335,8,0
30904,1496,9,0
30904,1497,10,0
30904,1412,11,0
30904,1488,12,0
30904,1489,13,0
30904,1494,14,0
30904,1490,15,0
30904,1491,16,0
30904,840,17,0
30904,1492,18,0
30904,1493,19,0
30904,1416,20,0
30904,1424,21,0
30904,851,22,0
30904,2970,23,0
30904,2585,24,0
30904,1456,25,0
30904,85,26,1
31003,131,1,0
31003,130,2,0
31003,142,3,0
31003,129,4,0
31003,150,5,0
31003,144,6,0
31003,4502,7,0
31003,1253,8,0
31003,998,9,0
31003,1023,10,0
31003,1024,11,0
31003,1096,12,0
31003,1048,13,0
31003,1025,14,0
31003,1026,15,0
31003,1027,16,0
31003,1028,17,0
31003,1029,18,0
31003,1073,19,1
31203,430,1,0
31203,431,2,0
31203,420,3,0
31203,432,4,0
31203,315,5,0
31203,387,6,0
31203,416,7,0
31203,493,8,0
31203,496,9,0
31203,497,10,0
31203,498,11,0
31203,499,12,0
31203,491,13,0
31203,894,14,0
31203,895,15,0
31203,1296,16,0
31203,2221,17,0
31203,2267,18,0
31203,1564,19,0
31203,1565,20,0
31203,1566,21,0
31203,1567,22,0
31203,1568,23,0
31203,1569,24,0
31203,588,25,0
31203,586,26,0
31203,1421,27,0
31203,1498,28,0
31203,3033,29,0
31203,1428,30,0
31203,1446,31,0
31203,4030,32,0
31203,1456,33,0
31203,85,34,1
31303,3231,1,0
31303,2437,2,0
31303,2438,3,0
31303,2439,4,0
31303,2440,5,0
31303,2441,6,0
31303,2442,7,0
31303,2443,8,0
31303,1760,9,0
31303,2058,10,0
31303,2245,11,0
31303,2246,12,0
31303,2247,13,0
31303,2248,14,0
31303,2249,15,0
31303,2250,16,0
31303,2325,17,0
31303,72,18,0
31303,73,19,0
31303,778,20,0
31303,94,21,0
31303,2153,22,0
31303,2154,23,0
31303,1294,24,0
31303,3306,25,0
31303,1295,26,0
31303,2342,27,0
31303,6002,28,1
31403,2129,1,0
31403,853,2,0
31403,1434,3,0
31403,479,4,0
31403,2122,5,0
31403,3282,6,0
31403,2881,7,0
31403,2885,8,0
31403,2259,9,0
31403,2260,10,0
31403,2227,11,0
31403,2229,12,0
31403,3023,13,0
31403,2173,14,1
31404,3053,1,0
31404,892,2,0
31404,2421,3,0
31404,2895,4,0
31404,2912,5,0
31404,2495,6,0
31404,1250,7,0
31404,2841,8,0
31404,2181,9,0
31404,3440,10,0
31404,2195,11,0
31404,483,12,0
31404,1467,13,0
31404,923,14,0
31404,1159,15,0
31404,814,16,1
31504,2129,1,0
31504,1160,2,0
31504,1161,3,0
31504,1162,4,0
31504,1157,5,0
31504,2130,6,0
31504,791,7,0
31504,825,8,0
31504,1977,9,0
31504,1978,10,0
31504,1979,11,0
31504,1985,12,0
31504,1986,13,0
31504,6000,14,1
32103,3314,1,0
32103,3317,2,0
32103,3338,3,0
32103,3339,4,0
32103,3322,5,0
32103,3323,6,0
32103,3324,7,0
32103,3528,8,0
32103,3529,9,0
32103,5711,10,0
32103,5712,11,0
32103,5713,12,0
32103,5723,13,0
32103,4102,14,0
32103,4103,15,0
32103,4104,16,1
32104,4103,1,0
32104,4104,2,0
32104,3204,3,0
32104,4906,4,0
32104,5625,5,0
32104,5626,6,0
32104,5627,7,0
32104,5628,8,0
32104,5629,9,0
32104,3352,10,0
32104,3532,11,0
32104,3325,12,0
32104,3326,13,0
32104,3340,14,0
32104,3337,15,0
32104,3332,16,0
32104,3334,17,1
33404,3023,1,0
33404,2173,2,0
33404,1451,3,0
33404,2517,4,0
33404,1452,5,0
33404,1453,6,0
33404,1896,7,0
33404,2270,8,0
33404,2151,9,0
33404,2271,10,0
33404,1966,11,0
33404,1999,12,0
33404,1697,13,0
33404,1954,14,0
33404,836,15,0
33404,1957,16,0
33404,1967,17,0
33404,1956,18,0
33404,1976,19,0
33404,1977,20,0
33404,1978,21,0
33404,1979,22,0
33404,1985,23,0
33404,1986,24,0
33404,1005,25,0
33404,6000,26,1
33502,430,1,0
33502,431,2,0
33502,420,3,0
33502,432,4,0
33502,315,5,0
33502,367,6,0
33502,368,7,0
33502,854,8,0
33502,369,9,0
33502,370,10,0
33502,371,11,0
33502,372,12,0
33502,373,13,0
33502,374,14,0
33502,375,15,0
33502,376,16,0
33502,335,17,0
33502,337,18,0
33502,339,19,0
33502,377,20,0
33502,378,21,0
33502,267,22,0
33502,268,23,0
33502,637,24,0
33502,269,25,0
33502,270,26,0
33502,272,27,0
33502,291,28,0
33502,292,29,0
33502,274,30,0
33502,275,31,0
33502,237,32,0
33502,238,33,0
33502,1454,34,0
33502,239,35,0
33502,240,36,0
33502,241,37,0
33502,242,38,0
33502,243,39,0
33502,104,40,0
33502,105,41,0
33502,106,42,0
33502,297,43,1
34103,3538,1,0
34103,3535,2,0
34103,3566,3,0
34103,3537,4,0
34103,3359,5,0
34103,3360,6,0
34103,3361,7,0
34103,4902,8,0
34103,4903,9,0
34103,889,10,0
34103,3203,11,0
34103,3204,12,0
34103,4906,13,0
34103,5625,14,0
34103,4102,15,0
34103,4103,16,0
34103,4104,17,1
34104,4103,1,0
34104,4104,2,0
34104,4113,3,0
34104,4942,4,0
34104,4105,5,0
34104,4124,6,0
34104,4118,7,0
34104,4119,8,0
34104,4122,9,0
34104,3535,10,0
34104,3566,11,0
34104,3537,12,0
34104,3359,13,0
34104,3360,14,0
34104,3361,15,0
34104,55,16,1
34701,972,1,0
34701,932,2,0
34701,934,3,0
34701,935,4,0
34701,928,5,0
34701,962,6,0
34701,963,7,0
34701,938,8,0
34701,939,9,0
34701,940,10,0
34701,349,11,0
34701,350,12,0
34701,1089,13,1
34702,1013,1,0
34702,1151,2,0
34702,1074,3,0
34702,896,4,0
34702,924,5,0
34702,926,6,0
34702,1213,7,0
34702,927,8,0
34702,974,9,0
34702,975,10,0
34702,976,11,0
34702,977,12,0
34702,2746,13,0
34702,970,14,1
