'23DE25-CPBlock-Saturday-12',4803,51900,,'',1,3900,,'',1,7900,,'',1,7700,,'',1,3900,,'',1,7900,,'',1,7900,,'',1,3900,,'',1,7900,,'',1,7900,,'',1,3900,,'',1,7900,,'',1,7900,,'',1,3900,,'',1,7900,,'',1,7900,,'',1,3900,,'',1,7900,,'',1,3800,,'',1,7900,,'',1,7900,,'',1,3900,,'',1,7900,,'',1,7900,,'',1,3900,,'',1,7900,,'',1,7900,,'',1,3900,,'',1,7900,,'',1,8200,,'',1
'23DE25-CPBlock-Saturday-12',4804,54700,4,'',1,7800,4,'',1,7900,4,'',1,3900,4,'',1,7900,4,'',1,7900,4,'',1,4100,4,'',1,7900,4,'',1,7900,4,'',1,3900,4,'',1,8100,4,'',1,3900,4,'',1,7900,4,'',1,7900,4,'',1,3900,4,'',1,7900,4,'',1,7900,4,'',1,3900,4,'',1,7900,4,'',1,7900,4,'',1,3900,4,'',1,7800,4,'',1,7700,4,'',1,3800,4,'',1,7900,4,'',1,7900,4,'',1,3900,4,'',1,7900,4,'',1,3900,4,'',1,8000,4,'',1,7900,4,'',1
'23DE25-CPBlock-Sunday-13',4803,80300,,'',1,3700,,'',1,7900,,'',1,3900,,'',1,7900,,'',1,7900,,'',1,3900,,'',1,7900,,'',1,7900,,'',1,3900,,'',1,7900,,'',1,7900,,'',1,3900,,'',1,7900,,'',1,7900,,'',1,3900,,'',1,7900,,'',1,7900,,'',1,3900,,'',1,7900,,'',1,7900,,'',1,3900,,'',1,8100,,'',1
'23DE25-CPBlock-Sunday-13',4804,83100,4,'',1,7900,4,'',1,3900,4,'',1,7900,4,'',1,7900,4,'',1,4100,4,'',1,8100,4,'',1,7900,4,'',1,3900,4,'',1,7900,4,'',1,7900,4,'',1,3900,4,'',1,7900,4,'',1,7900,4,'',1,3900,4,'',1,7900,4,'',1,3800,4,'',1,7800,4,'',1,7800,4,'',1,3800,4,'',1,7900,4,'',1,7900,4,'',1,3900,4,'',1
'23DE25-CPBlock-Weekday-11',4803,50700,,'',1,3900,,'',1,7900,,'',1,7700,,'',1,3900,,'',1,7900,,'',1,3900,,'',1,7900,,'',1,7900,,'',1,3900,,'',1,7900,,'',1,7900,,'',1,3900,,'',1,7900,,'',1,7900,,'',1,3900,,'',1,7900,,'',1,7900,,'',1,3700,,'',1,7900,,'',1,8000,,'',1,3900,,'',1,7900,,'',1,7900,,'',1,3900,,'',1,7900,,'',1,3900,,'',1,7900,,'',1,8100,,'',1,8200,,'',1
'23DE25-CPBlock-Weekday-11',4804,53400,4,'',1,7900,4,'',1,3900,4,'',1,8200,4,'',1,7900,4,'',1,3900,4,'',1,7900,4,'',1,7900,4,'',1,3900,4,'',1,7900,4,'',1,7900,4,'',1,3900,4,'',1,7900,4,'',1,7900,4,'',1,3900,4,'',1,7800,4,'',1,7900,4,'',1,4000,4,'',1,7900,4,'',1,3900,4,'',1,7900,4,'',1,7700,4,'',1,3900,4,'',1,7600,4,'',1,7900,4,'',1,3900,4,'',1,7900,4,'',1,7900,4,'',1,3900,4,'',1,7900,4,'',1,8100,4,'',1
'24JA08-CPBlock-Saturday-12',4803,45900,,'',1,7600,,'',1,7600,,'',1,3600,,'',1,7700,,'',1,7800,,'',1,4100,,'',1,8200,,'',1,8400,,'',1,4400,,'',1,8400,,'',1,8600,,'',1,8600,,'',1,4600,,'',1,8600,,'',1,8800,,'',1,8800,,'',1,8800,,'',1,4800,,'',1,8800,,'',1,8800,,'',1,8600,,'',1,8600,,'',1,4400,,'',1,8400,,'',1,8100,,'',1,4100,,'',1,7800,,'',1
'24JA08-CPBlock-Saturday-12',4804,52700,4,'',1,7600,4,'',1,3600,4,'',1,7700,4,'',1,3800,4,'',1,8100,4,'',1,8200,4,'',1,8400,4,'',1,4300,4,'',1,8500,4,'',1,8600,4,'',1,4400,4,'',1,8700,4,'',1,8600,4,'',1,8800,4,'',1,8800,4,'',1,4900,4,'',1,8800,4,'',1,8800,4,'',1,8700,4,'',1,8700,4,'',1,4500,4,'',1,8300,4,'',1,8600,4,'',1,8000,4,'',1,4100,4,'',1,7800,4,'',1,3500,4,'',1,7800,4,'',1
'24JA08-CPBlock-Sunday-13',4803,75900,,'',1,7800,,'',1,7900,,'',1,4100,,'',1,8200,,'',1,8500,,'',1,8400,,'',1,4500,,'',1,8500,,'',1,8500,,'',1,8500,,'',1,4600,,'',1,8600,,'',1,8600,,'',1,8600,,'',1,4500,,'',1,8500,,'',1,8400,,'',1,8200,,'',1,4000,,'',1,8000,,'',1
'24JA08-CPBlock-Sunday-13',4804,82800,4,'',1,8000,4,'',1,4000,4,'',1,8200,4,'',1,8600,4,'',1,8400,4,'',1,4500,4,'',1,8300,4,'',1,8700,4,'',1,8500,4,'',1,4600,4,'',1,8600,4,'',1,8600,4,'',1,8600,4,'',1,4500,4,'',1,8400,4,'',1,8400,4,'',1,8300,4,'',1,4000,4,'',1,7900,4,'',1,3800,4,'',1
'24JA08-CPBlock-Weekday-11',4803,45900,,'',1,7600,,'',1,7600,,'',1,3600,,'',1,7800,,'',1,7800,,'',1,4000,,'',1,8300,,'',1,8300,,'',1,4400,,'',1,8600,,'',1,8600,,'',1,8600,,'',1,4700,,'',1,8700,,'',1,8700,,'',1,8800,,'',1,8700,,'',1,4700,,'',1,8600,,'',1,8500,,'',1,8500,,'',1,4300,,'',1,8300,,'',1,8300,,'',1,4000,,'',1,7800,,'',1,7800,,'',1
'24JA08-CPBlock-Weekday-11',4804,52700,4,'',1,7600,4,'',1,3600,4,'',1,7700,4,'',1,3800,4,'',1,8300,4,'',1,8100,4,'',1,8200,4,'',1,4500,4,'',1,8500,4,'',1,8600,4,'',1,8700,4,'',1,4700,4,'',1,8700,4,'',1,8700,4,'',1,8800,4,'',1,4700,4,'',1,8700,4,'',1,8600,4,'',1,8400,4,'',1,8500,4,'',1,4400,4,'',1,8300,4,'',1,8300,4,'',1,3900,4,'',1,7800,4,'',1,7600,4,'',1,3700,4,'',1,7700,4,'',1
