'23SE04-CPBlock-Holiday1-16',302,82600,4,'',1,2700,4,'',1,6900,4,'',1,2900,4,'',1,6100,4,'',1,2100,4,'',1,2100,4,'',1,6100,4,'',1,2100,4,'',1,2100,4,'',1,6200,4,'',1,2100,4,'',1,6100,4,'',1,2200,4,'',1,2100,4,'',1,6100,4,'',1,2100,4,'',1,2100,4,'',1,6100,4,'',1,2100,4,'',1,2100,4,'',1,6000,4,'',1,2100,4,'',1,2100,4,'',1,6000,4,'',1,2100,4,'',1,2100,4,'',1,6100,4,'',1,2000,4,'',1,2100,4,'',1,6100,4,'',1,2100,4,'',1,2100,4,'',1,6100,4,'',1,2100,4,'',1,6100,4,'',1,2100,4,'',1,2100,4,'',1,6100,4,'',1,2000,4,'',1,2000,4,'',1,6100,4,'',1,2700,4,'',1,6800,4,'',1
'23SE04-CPBlock-Holiday2-15',302,61000,4,'',1,2600,4,'',1,6600,4,'',1,2800,4,'',1,2700,4,'',1,6800,4,'',1,2900,4,'',1,6300,4,'',1,2300,4,'',1,6300,4,'',1,2300,4,'',1,2400,4,'',1,6300,4,'',1,2300,4,'',1,2200,4,'',1,6300,4,'',1,2300,4,'',1,6300,4,'',1,2300,4,'',1,2300,4,'',1,6300,4,'',1,2300,4,'',1,6300,4,'',1,2300,4,'',1,2300,4,'',1,6300,4,'',1,2300,4,'',1,2300,4,'',1,6300,4,'',1,2300,4,'',1,6300,4,'',1,2300,4,'',1,2300,4,'',1,6300,4,'',1,2300,4,'',1,6300,4,'',1,2300,4,'',1,2200,4,'',1,6200,4,'',1,2200,4,'',1,2200,4,'',1,6100,4,'',1,2200,4,'',1,2300,4,'',1,6100,4,'',1,1800,4,'',1,6400,4,'',1,2300,4,'',1,2600,4,'',1,6600,4,'',1,2500,4,'',1,6400,4,'',1,2500,4,'',1
'23SE04-CPBlock-Saturday-12',302,61000,4,'',1,2600,4,'',1,6600,4,'',1,2800,4,'',1,2700,4,'',1,6800,4,'',1,2900,4,'',1,6300,4,'',1,2300,4,'',1,6300,4,'',1,2300,4,'',1,2400,4,'',1,6300,4,'',1,2300,4,'',1,2200,4,'',1,6300,4,'',1,2300,4,'',1,6300,4,'',1,2300,4,'',1,2300,4,'',1,6300,4,'',1,2300,4,'',1,6300,4,'',1,2300,4,'',1,2300,4,'',1,6300,4,'',1,2300,4,'',1,2300,4,'',1,6300,4,'',1,2300,4,'',1,6300,4,'',1,2300,4,'',1,2300,4,'',1,6300,4,'',1,2300,4,'',1,6300,4,'',1,2300,4,'',1,2200,4,'',1,6200,4,'',1,2200,4,'',1,2200,4,'',1,6100,4,'',1,2200,4,'',1,2300,4,'',1,6100,4,'',1,1800,4,'',1,6400,4,'',1,2300,4,'',1,2600,4,'',1,6600,4,'',1,2500,4,'',1,6400,4,'',1,2500,4,'',1
'23SE04-CPBlock-Sunday-13',302,82600,4,'',1,2700,4,'',1,6900,4,'',1,2900,4,'',1,6100,4,'',1,2100,4,'',1,2100,4,'',1,6100,4,'',1,2100,4,'',1,2100,4,'',1,6200,4,'',1,2100,4,'',1,6100,4,'',1,2200,4,'',1,2100,4,'',1,6100,4,'',1,2100,4,'',1,2100,4,'',1,6100,4,'',1,2100,4,'',1,2100,4,'',1,6000,4,'',1,2100,4,'',1,2100,4,'',1,6000,4,'',1,2100,4,'',1,2100,4,'',1,6100,4,'',1,2000,4,'',1,2100,4,'',1,6100,4,'',1,2100,4,'',1,2100,4,'',1,6100,4,'',1,2100,4,'',1,6100,4,'',1,2100,4,'',1,2100,4,'',1,6100,4,'',1,2000,4,'',1,2000,4,'',1,6100,4,'',1,2700,4,'',1,6800,4,'',1
'23SE04-CPBlock-Weekday-11',302,31100,4,'',1,2400,4,'',1,6500,4,'',1,2500,4,'',1,2500,4,'',1,6500,4,'',1,1400,4,'',1,1300,4,'',1,1300,4,'',1,5500,4,'',1,1400,4,'',1,1500,4,'',1,1600,4,'',1,5800,4,'',1,1500,4,'',1,1200,4,'',1,1200,4,'',1,5300,4,'',1,1600,4,'',1,1500,4,'',1,1500,4,'',1,5600,4,'',1,1500,4,'',1,1400,4,'',1,1500,4,'',1,5500,4,'',1,1600,4,'',1,1600,4,'',1,1800,4,'',1,5600,4,'',1,1700,4,'',1,1700,4,'',1,5700,4,'',1,1700,4,'',1,1700,4,'',1,1700,4,'',1,5600,4,'',1,1500,4,'',1,1600,4,'',1,1700,4,'',1,5400,4,'',1,1300,4,'',1,700,4,'',1,700,4,'',1,800,4,'',1,600,4,'',1,400,4,'',1,4500,4,'',1,400,4,'',1,1400,4,'',1,1300,4,'',1,1300,4,'',1,1300,4,'',1,5300,4,'',1,1300,4,'',1,800,4,'',1,800,4,'',1,700,4,'',1,700,4,'',1,5200,4,'',1,1200,4,'',1,1200,4,'',1,1000,4,'',1,1000,4,'',1,5000,4,'',1,1000,4,'',1,700,4,'',1,700,4,'',1,800,4,'',1,700,4,'',1,1200,4,'',1,4800,4,'',1,800,4,'',1,700,4,'',1,1300,4,'',1,1300,4,'',1,700,4,'',1,700,4,'',1,5000,4,'',1,1300,4,'',1,1300,4,'',1,1200,4,'',1,1300,4,'',1,5200,4,'',1,1800,4,'',1,2100,4,'',1,6500,4,'',1,2900,4,'',1,6900,4,'',1,2800,4,'',1,6700,4,'',1,2700,4,'',1,6800,4,'',1,2700,4,'',1,2800,4,'',1,6800,4,'',1,2800,4,'',1
'23SE04-CPBlock-Holiday1-16',601,82200,4,'',1,3400,4,'',1,7700,4,'',1,7700,4,'',1,3700,4,'',1,7700,4,'',1,7700,4,'',1,3700,4,'',1,7700,4,'',1,3700,4,'',1,7700,4,'',1,7700,4,'',1,3700,4,'',1,7700,4,'',1,3700,4,'',1,7700,4,'',1,7600,4,'',1,3500,4,'',1,7600,4,'',1,3600,4,'',1,7600,4,'',1,7600,4,'',1,3600,4,'',1
'23SE04-CPBlock-Holiday2-15',601,55500,4,'',1,7500,4,'',1,7500,4,'',1,3500,4,'',1,7500,4,'',1,3500,4,'',1,7900,4,'',1,7800,4,'',1,3700,4,'',1,7700,4,'',1,3700,4,'',1,7700,4,'',1,7700,4,'',1,3700,4,'',1,7700,4,'',1,7700,4,'',1,3700,4,'',1,7700,4,'',1,3700,4,'',1,7700,4,'',1,7700,4,'',1,3700,4,'',1,7700,4,'',1,3700,4,'',1,7700,4,'',1,7500,4,'',1,3600,4,'',1,7600,4,'',1,3600,4,'',1,7600,4,'',1
'23SE04-CPBlock-Saturday-12',601,55500,4,'',1,7500,4,'',1,7500,4,'',1,3500,4,'',1,7500,4,'',1,3500,4,'',1,7900,4,'',1,7800,4,'',1,3700,4,'',1,7700,4,'',1,3700,4,'',1,7700,4,'',1,7700,4,'',1,3700,4,'',1,7700,4,'',1,7700,4,'',1,3700,4,'',1,7700,4,'',1,3700,4,'',1,7700,4,'',1,7700,4,'',1,3700,4,'',1,7700,4,'',1,3700,4,'',1,7700,4,'',1,7500,4,'',1,3600,4,'',1,7600,4,'',1,3600,4,'',1,7600,4,'',1
'23SE04-CPBlock-Sunday-13',601,82200,4,'',1,3400,4,'',1,7700,4,'',1,7700,4,'',1,3700,4,'',1,7700,4,'',1,7700,4,'',1,3700,4,'',1,7700,4,'',1,3700,4,'',1,7700,4,'',1,7700,4,'',1,3700,4,'',1,7700,4,'',1,3700,4,'',1,7700,4,'',1,7600,4,'',1,3500,4,'',1,7600,4,'',1,3600,4,'',1,7600,4,'',1,7600,4,'',1,3600,4,'',1
'23SE04-CPBlock-Weekday-11',601,53500,4,'',1,6500,4,'',1,2500,4,'',1,2500,4,'',1,6600,4,'',1,2500,4,'',1,6500,4,'',1,2500,4,'',1,2500,4,'',1,6500,4,'',1,2500,4,'',1,6500,4,'',1,2500,4,'',1,6500,4,'',1,2500,4,'',1,2500,4,'',1,6500,4,'',1,2500,4,'',1,6500,4,'',1,2500,4,'',1,2500,4,'',1,6600,4,'',1,2500,4,'',1,6600,4,'',1,2600,4,'',1,6500,4,'',1,2600,4,'',1,2500,4,'',1,6500,4,'',1,2600,4,'',1,6500,4,'',1,2500,4,'',1,6600,4,'',1,2400,4,'',1,2500,4,'',1,6500,4,'',1,2500,4,'',1,6400,4,'',1,2200,4,'',1,2400,4,'',1,6400,4,'',1,2500,4,'',1,6500,4,'',1,2500,4,'',1,2500,4,'',1,7000,4,'',1,3300,4,'',1,7300,4,'',1,7300,4,'',1
'23SE04-CPBlock-Weekday-11',704,25200,4,'',1,8000,4,'',1,8000,4,'',1,4700,4,'',1
'23SE04-MABlock-Holiday1-26',704,55800,4,'',1,6700,4,'',1,2700,4,'',1,6800,4,'',1,2700,4,'',1,6900,4,'',1,2700,4,'',1,6700,4,'',1,2800,4,'',1,6900,4,'',1,3000,4,'',1,6900,4,'',1,2900,4,'',1,7100,4,'',1,3000,4,'',1,7100,4,'',1,3000,4,'',1,7000,4,'',1,3100,4,'',1,7100,4,'',1,3100,4,'',1,7100,4,'',1,3100,4,'',1,7100,4,'',1,3100,4,'',1,7100,4,'',1,3100,4,'',1,7000,4,'',1,2900,4,'',1,6900,4,'',1,2700,4,'',1,6900,4,'',1,2900,4,'',1,6800,4,'',1,2800,4,'',1,6700,4,'',1,2800,4,'',1,2700,4,'',1,6600,4,'',1
'23SE04-MABlock-Holiday2-25',704,52400,4,'',1,3000,4,'',1,7000,4,'',1,3200,4,'',1,7200,4,'',1,3100,4,'',1,7200,4,'',1,7200,4,'',1,3200,4,'',1,7300,4,'',1,3500,4,'',1,7500,4,'',1,3500,4,'',1,7200,4,'',1,3200,4,'',1,6800,4,'',1,2800,4,'',1,6800,4,'',1,2700,4,'',1,6700,4,'',1,2900,4,'',1,6900,4,'',1,2800,4,'',1,6800,4,'',1,2700,4,'',1,6800,4,'',1,2800,4,'',1,6800,4,'',1,2600,4,'',1,2800,4,'',1,6200,4,'',1,3900,4,'',1,8200,4,'',1,8200,4,'',1,3900,4,'',1,7700,4,'',1,7700,4,'',1,3700,4,'',1
'23SE04-MABlock-Saturday-22',704,52400,4,'',1,3000,4,'',1,7000,4,'',1,3200,4,'',1,7200,4,'',1,3100,4,'',1,7200,4,'',1,7200,4,'',1,3200,4,'',1,7300,4,'',1,3500,4,'',1,7500,4,'',1,3500,4,'',1,7200,4,'',1,3200,4,'',1,6800,4,'',1,2800,4,'',1,6800,4,'',1,2700,4,'',1,6700,4,'',1,2900,4,'',1,6900,4,'',1,2800,4,'',1,6800,4,'',1,2700,4,'',1,6800,4,'',1,2800,4,'',1,6800,4,'',1,2600,4,'',1,2800,4,'',1,6200,4,'',1,3900,4,'',1,8200,4,'',1,8200,4,'',1,3900,4,'',1,7700,4,'',1,7700,4,'',1,3700,4,'',1
'23SE04-MABlock-Sunday-23',704,55800,4,'',1,6700,4,'',1,2700,4,'',1,6800,4,'',1,2700,4,'',1,6900,4,'',1,2700,4,'',1,6700,4,'',1,2800,4,'',1,6900,4,'',1,3000,4,'',1,6900,4,'',1,2900,4,'',1,7100,4,'',1,3000,4,'',1,7100,4,'',1,3000,4,'',1,7000,4,'',1,3100,4,'',1,7100,4,'',1,3100,4,'',1,7100,4,'',1,3100,4,'',1,7100,4,'',1,3100,4,'',1,7100,4,'',1,3100,4,'',1,7000,4,'',1,2900,4,'',1,6900,4,'',1,2700,4,'',1,6900,4,'',1,2900,4,'',1,6800,4,'',1,2800,4,'',1,6700,4,'',1,2800,4,'',1,2700,4,'',1,6600,4,'',1
'23SE04-MABlock-Weekday-21',704,52500,4,'',1,2000,4,'',1,6100,4,'',1,2100,4,'',1,2100,4,'',1,6200,4,'',1,2300,4,'',1,2200,4,'',1,6300,4,'',1,2300,4,'',1,6200,4,'',1,2000,4,'',1,2100,4,'',1,5800,4,'',1,1900,4,'',1,1900,4,'',1,6000,4,'',1,2300,4,'',1,2500,4,'',1,6500,4,'',1,2000,4,'',1,2000,4,'',1,6000,4,'',1,2100,4,'',1,2100,4,'',1,6100,4,'',1,2200,4,'',1,2000,4,'',1,6600,4,'',1,2600,4,'',1,6400,4,'',1,2500,4,'',1,6300,4,'',1,2500,4,'',1,2200,4,'',1,6200,4,'',1,2200,4,'',1,2200,4,'',1,6000,4,'',1,2100,4,'',1,2200,4,'',1,6100,4,'',1,2100,4,'',1,6000,4,'',1,1700,4,'',1,1900,4,'',1,6500,4,'',1,2400,4,'',1,3200,4,'',1,7100,4,'',1,3000,4,'',1,7100,4,'',1,7100,4,'',1,3100,4,'',1,2800,4,'',1,6700,4,'',1,2800,4,'',1
'23SE04-CPBlock-Holiday2-15',803,70700,4,'',1,4200,4,'',1,8100,4,'',1,8300,4,'',1,4200,4,'',1,8500,4,'',1,8500,4,'',1,8600,4,'',1,4600,4,'',1,8600,4,'',1,8700,4,'',1,8900,4,'',1,8800,4,'',1,4700,4,'',1,8800,4,'',1,8700,4,'',1,8600,4,'',1,4200,4,'',1,8500,4,'',1,8200,4,'',1,8200,4,'',1,4000,4,'',1,7900,4,'',1,7800,4,'',1,3700,4,'',1
'23SE04-CPBlock-Saturday-12',803,70700,4,'',1,4200,4,'',1,8100,4,'',1,8300,4,'',1,4200,4,'',1,8500,4,'',1,8500,4,'',1,8600,4,'',1,4600,4,'',1,8600,4,'',1,8700,4,'',1,8900,4,'',1,8800,4,'',1,4700,4,'',1,8800,4,'',1,8700,4,'',1,8600,4,'',1,4200,4,'',1,8500,4,'',1,8200,4,'',1,8200,4,'',1,4000,4,'',1,7900,4,'',1,7800,4,'',1,3700,4,'',1
'23SE04-CPBlock-Weekday-11',803,53100,4,'',1,2600,4,'',1,6600,4,'',1,2800,4,'',1,7100,4,'',1,3400,4,'',1,7700,4,'',1,7300,4,'',1,3100,4,'',1,7000,4,'',1,3300,4,'',1,7300,4,'',1,3200,4,'',1,7100,4,'',1,3200,4,'',1,7300,4,'',1,3300,4,'',1,7500,4,'',1,7700,4,'',1,900,4,'',1,1800,4,'',1,900,4,'',1,400,4,'',1,600,4,'',1,6500,4,'',1,3400,4,'',1,7400,4,'',1,3400,4,'',1,7500,4,'',1,7300,4,'',1,3300,4,'',1,6700,4,'',1,2700,4,'',1,7700,4,'',1,4100,4,'',1,8100,4,'',1,8100,4,'',1,4100,4,'',1
'23SE04-CPBlock-Holiday1-16',901,90200,4,'',1,3600,4,'',1,7900,4,'',1,3700,4,'',1,6500,4,'',1,2500,4,'',1,6500,4,'',1,2600,4,'',1,6500,4,'',1,2600,4,'',1,2600,4,'',1,6700,4,'',1,2600,4,'',1,6600,4,'',1,2700,4,'',1,6600,4,'',1,2600,4,'',1,2700,4,'',1,6600,4,'',1,2600,4,'',1,6700,4,'',1,2400,4,'',1,6400,4,'',1,2400,4,'',1,3100,4,'',1,7500,4,'',1,7600,4,'',1,3600,4,'',1,7800,4,'',1,8000,4,'',1,4000,4,'',1
'23SE04-CPBlock-Holiday2-15',901,73500,4,'',1,6800,4,'',1,2700,4,'',1,2800,4,'',1,6700,4,'',1,2800,4,'',1,6700,4,'',1,2800,4,'',1,6800,4,'',1,2900,4,'',1,6900,4,'',1,2900,4,'',1,6900,4,'',1,3100,4,'',1,6900,4,'',1,3000,4,'',1,7000,4,'',1,3000,4,'',1,7000,4,'',1,3000,4,'',1,7000,4,'',1,3000,4,'',1,7000,4,'',1,2900,4,'',1,6800,4,'',1,2800,4,'',1,6900,4,'',1,3600,4,'',1,8100,4,'',1,8400,4,'',1,4300,4,'',1,8000,4,'',1,7900,4,'',1,4000,4,'',1
'23SE04-CPBlock-Saturday-12',901,73500,4,'',1,6800,4,'',1,2700,4,'',1,2800,4,'',1,6700,4,'',1,2800,4,'',1,6700,4,'',1,2800,4,'',1,6800,4,'',1,2900,4,'',1,6900,4,'',1,2900,4,'',1,6900,4,'',1,3100,4,'',1,6900,4,'',1,3000,4,'',1,7000,4,'',1,3000,4,'',1,7000,4,'',1,3000,4,'',1,7000,4,'',1,3000,4,'',1,7000,4,'',1,2900,4,'',1,6800,4,'',1,2800,4,'',1,6900,4,'',1,3600,4,'',1,8100,4,'',1,8400,4,'',1,4300,4,'',1,8000,4,'',1,7900,4,'',1,4000,4,'',1
'23SE04-CPBlock-Sunday-13',901,90200,4,'',1,3600,4,'',1,7900,4,'',1,3700,4,'',1,6500,4,'',1,2500,4,'',1,6500,4,'',1,2600,4,'',1,6500,4,'',1,2600,4,'',1,2600,4,'',1,6700,4,'',1,2600,4,'',1,6600,4,'',1,2700,4,'',1,6600,4,'',1,2600,4,'',1,2700,4,'',1,6600,4,'',1,2600,4,'',1,6700,4,'',1,2400,4,'',1,6400,4,'',1,2400,4,'',1,3100,4,'',1,7500,4,'',1,7600,4,'',1,3600,4,'',1,7800,4,'',1,8000,4,'',1,4000,4,'',1
'23SE04-CPBlock-Weekday-11',901,53300,4,'',1,2100,4,'',1,6100,4,'',1,2300,4,'',1,6500,4,'',1,2700,4,'',1,2500,4,'',1,6600,4,'',1,2500,4,'',1,6500,4,'',1,2000,4,'',1,2400,4,'',1,7000,4,'',1,3400,4,'',1,7000,4,'',1,7100,4,'',1,3500,4,'',1,7000,4,'',1,3500,4,'',1,7600,4,'',1,3000,4,'',1,7500,4,'',1,3600,4,'',1,7500,4,'',1,7400,4,'',1,3500,4,'',1,6500,4,'',1,2500,4,'',1,7000,4,'',1,3000,4,'',1,7000,4,'',1,2700,4,'',1,1900,4,'',1,6000,4,'',1,2000,4,'',1,2900,4,'',1,6400,4,'',1,2900,4,'',1,7500,4,'',1,2400,4,'',1,6800,4,'',1,2500,4,'',1,6500,4,'',1
'23SE04-CPBlock-Holiday2-15',2803,80300,4,'',1,2100,4,'',1,2100,4,'',1,6300,4,'',1,2200,4,'',1,2200,4,'',1,6300,4,'',1,2300,4,'',1,6500,4,'',1,2300,4,'',1,2300,4,'',1,6400,4,'',1,2400,4,'',1,6400,4,'',1,2400,4,'',1,2400,4,'',1,6400,4,'',1,2500,4,'',1,6400,4,'',1,2500,4,'',1,2400,4,'',1,6500,4,'',1,2500,4,'',1,6400,4,'',1,2500,4,'',1,2400,4,'',1,6300,4,'',1,2400,4,'',1,6400,4,'',1,2400,4,'',1,2400,4,'',1,6200,4,'',1,2300,4,'',1,6200,4,'',1,2100,4,'',1,2200,4,'',1,6000,4,'',1,2200,4,'',1,2600,4,'',1
'23SE04-CPBlock-Saturday-12',2803,80300,4,'',1,2100,4,'',1,2100,4,'',1,6300,4,'',1,2200,4,'',1,2200,4,'',1,6300,4,'',1,2300,4,'',1,6500,4,'',1,2300,4,'',1,2300,4,'',1,6400,4,'',1,2400,4,'',1,6400,4,'',1,2400,4,'',1,2400,4,'',1,6400,4,'',1,2500,4,'',1,6400,4,'',1,2500,4,'',1,2400,4,'',1,6500,4,'',1,2500,4,'',1,6400,4,'',1,2500,4,'',1,2400,4,'',1,6300,4,'',1,2400,4,'',1,6400,4,'',1,2400,4,'',1,2400,4,'',1,6200,4,'',1,2300,4,'',1,6200,4,'',1,2100,4,'',1,2200,4,'',1,6000,4,'',1,2200,4,'',1,2600,4,'',1
'23SE04-CPBlock-Sunday-13',2803,82700,4,'',1,2100,4,'',1,6200,4,'',1,2300,4,'',1,2200,4,'',1,6500,4,'',1,2200,4,'',1,6300,4,'',1,2400,4,'',1,2500,4,'',1,6300,4,'',1,2500,4,'',1,6300,4,'',1,2500,4,'',1,2600,4,'',1,6500,4,'',1,2400,4,'',1,6500,4,'',1,2400,4,'',1,2500,4,'',1,6300,4,'',1,2400,4,'',1,6400,4,'',1,2300,4,'',1,2300,4,'',1,6200,4,'',1,2400,4,'',1,6300,4,'',1,2300,4,'',1,2500,4,'',1
'23SE04-CPBlock-Weekday-11',2803,52300,4,'',1,1700,4,'',1,1900,4,'',1,5800,4,'',1,1700,4,'',1,1800,4,'',1,5700,4,'',1,1700,4,'',1,1900,4,'',1,5800,4,'',1,1900,4,'',1,1800,4,'',1,1800,4,'',1,6000,4,'',1,1500,4,'',1,2400,4,'',1,6500,4,'',1,2500,4,'',1,6500,4,'',1,2500,4,'',1,6500,4,'',1,2500,4,'',1,2500,4,'',1,6500,4,'',1,2500,4,'',1,6400,4,'',1,1800,4,'',1,1700,4,'',1,1700,4,'',1,5900,4,'',1,1800,4,'',1,1800,4,'',1,5700,4,'',1,2300,4,'',1,2200,4,'',1,6300,4,'',1,1300,4,'',1,2000,4,'',1,6000,4,'',1,1900,4,'',1,2000,4,'',1,6000,4,'',1,2000,4,'',1,1900,4,'',1,5800,4,'',1,1400,4,'',1,1900,4,'',1,6800,4,'',1,2300,4,'',1,2400,4,'',1,6100,4,'',1,2100,4,'',1,2100,4,'',1,6100,4,'',1,2100,4,'',1,6500,4,'',1
'23SE04-CPBlock-Holiday1-16',3401,81400,4,'',1,8700,4,'',1,4700,4,'',1,8700,4,'',1,9000,4,'',1,8700,4,'',1,8900,4,'',1,4700,4,'',1,8700,4,'',1,8700,4,'',1,8700,4,'',1,4800,4,'',1,8700,4,'',1,8700,4,'',1,8700,4,'',1,8500,4,'',1,4400,4,'',1,8700,4,'',1,8600,4,'',1,8700,4,'',1
'23SE04-CPBlock-Holiday2-15',3401,55700,4,'',1,7200,4,'',1,7200,4,'',1,3200,4,'',1,7200,4,'',1,3300,4,'',1,7400,4,'',1,3200,4,'',1,7200,4,'',1,3200,4,'',1,7200,4,'',1,3200,4,'',1,7200,4,'',1,3200,4,'',1,7200,4,'',1,7200,4,'',1,3300,4,'',1,7200,4,'',1,3200,4,'',1,7200,4,'',1,3200,4,'',1,7200,4,'',1,3200,4,'',1,7200,4,'',1,3200,4,'',1,7100,4,'',1,3200,4,'',1,7000,4,'',1,3100,4,'',1,7200,4,'',1,3200,4,'',1,7200,4,'',1,7200,4,'',1,3200,4,'',1,7200,4,'',1
'23SE04-CPBlock-Saturday-12',3401,55700,4,'',1,7200,4,'',1,7200,4,'',1,3200,4,'',1,7200,4,'',1,3300,4,'',1,7400,4,'',1,3200,4,'',1,7200,4,'',1,3200,4,'',1,7200,4,'',1,3200,4,'',1,7200,4,'',1,3200,4,'',1,7200,4,'',1,7200,4,'',1,3300,4,'',1,7200,4,'',1,3200,4,'',1,7200,4,'',1,3200,4,'',1,7200,4,'',1,3200,4,'',1,7200,4,'',1,3200,4,'',1,7100,4,'',1,3200,4,'',1,7000,4,'',1,3100,4,'',1,7200,4,'',1,3200,4,'',1,7200,4,'',1,7200,4,'',1,3200,4,'',1,7200,4,'',1
'23SE04-CPBlock-Sunday-13',3401,81400,4,'',1,8700,4,'',1,4700,4,'',1,8700,4,'',1,9000,4,'',1,8700,4,'',1,8900,4,'',1,4700,4,'',1,8700,4,'',1,8700,4,'',1,8700,4,'',1,4800,4,'',1,8700,4,'',1,8700,4,'',1,8700,4,'',1,8500,4,'',1,4400,4,'',1,8700,4,'',1,8600,4,'',1,8700,4,'',1
'23SE04-CPBlock-Weekday-11',3401,51800,4,'',1,3000,4,'',1,7200,4,'',1,3000,4,'',1,7000,4,'',1,3700,4,'',1,7300,4,'',1,7100,4,'',1,3100,4,'',1,7000,4,'',1,3200,4,'',1,7100,4,'',1,3100,4,'',1,7100,4,'',1,3100,4,'',1,7100,4,'',1,3100,4,'',1,7100,4,'',1,3100,4,'',1,7100,4,'',1,3300,4,'',1,7300,4,'',1,3300,4,'',1,7300,4,'',1,3100,4,'',1,7100,4,'',1,3100,4,'',1,6800,4,'',1,2900,4,'',1,6900,4,'',1,2800,4,'',1,6600,4,'',1
'23SE04-CPBlock-Holiday1-16',6604,63000,4,'',1,2000,4,'',1,6000,4,'',1,2000,4,'',1,2000,4,'',1,6000,4,'',1,2000,4,'',1,2100,4,'',1,6000,4,'',1,2000,4,'',1,2000,4,'',1,6100,4,'',1,2000,4,'',1,2000,4,'',1,6100,4,'',1,2200,4,'',1,2200,4,'',1,6200,4,'',1,2200,4,'',1,6200,4,'',1,2200,4,'',1,2200,4,'',1,6200,4,'',1,2200,4,'',1,2200,4,'',1,6200,4,'',1,2200,4,'',1,6300,4,'',1,2200,4,'',1,2200,4,'',1,6300,4,'',1,2200,4,'',1,2300,4,'',1,6100,4,'',1,2100,4,'',1,2300,4,'',1,6100,4,'',1,2200,4,'',1,6100,4,'',1,2200,4,'',1,2200,4,'',1,6200,4,'',1,2200,4,'',1,2200,4,'',1,6100,4,'',1,2100,4,'',1,2100,4,'',1
'23SE04-CPBlock-Holiday2-15',6604,60300,4,'',1,2000,4,'',1,8000,4,'',1,2000,4,'',1,8000,4,'',1,2000,4,'',1,8300,4,'',1,2100,4,'',1,8200,4,'',1,2100,4,'',1,8400,4,'',1,2300,4,'',1,8400,4,'',1,2200,4,'',1,8500,4,'',1,2300,4,'',1,8600,4,'',1,6400,4,'',1,5100,4,'',1,6400,4,'',1,8800,4,'',1,2400,4,'',1,8500,4,'',1,2200,4,'',1,8500,4,'',1,2200,4,'',1,8300,4,'',1,2200,4,'',1,8200,4,'',1,2100,4,'',1,8100,4,'',1,2100,4,'',1,8300,4,'',1,2200,4,'',1
'23SE04-CPBlock-Saturday-12',6604,60300,4,'',1,2000,4,'',1,8000,4,'',1,2000,4,'',1,8000,4,'',1,2000,4,'',1,8300,4,'',1,2100,4,'',1,8200,4,'',1,2100,4,'',1,8400,4,'',1,2300,4,'',1,8400,4,'',1,2200,4,'',1,8500,4,'',1,2300,4,'',1,8600,4,'',1,6400,4,'',1,5100,4,'',1,6400,4,'',1,8800,4,'',1,2400,4,'',1,8500,4,'',1,2200,4,'',1,8500,4,'',1,2200,4,'',1,8300,4,'',1,2200,4,'',1,8200,4,'',1,2100,4,'',1,8100,4,'',1,2100,4,'',1,8300,4,'',1,2200,4,'',1
'23SE04-CPBlock-Sunday-13',6604,63000,4,'',1,2000,4,'',1,6000,4,'',1,2000,4,'',1,2000,4,'',1,6000,4,'',1,2000,4,'',1,2100,4,'',1,6000,4,'',1,2000,4,'',1,2000,4,'',1,6100,4,'',1,2000,4,'',1,2000,4,'',1,6100,4,'',1,2200,4,'',1,2200,4,'',1,6200,4,'',1,2200,4,'',1,6200,4,'',1,2200,4,'',1,2200,4,'',1,6200,4,'',1,2200,4,'',1,2200,4,'',1,6200,4,'',1,2200,4,'',1,6300,4,'',1,2200,4,'',1,2200,4,'',1,6300,4,'',1,2200,4,'',1,2300,4,'',1,6100,4,'',1,2100,4,'',1,2300,4,'',1,6100,4,'',1,2200,4,'',1,6100,4,'',1,2200,4,'',1,2200,4,'',1,6200,4,'',1,2200,4,'',1,2200,4,'',1,6100,4,'',1,2100,4,'',1,2100,4,'',1
'23SE04-CPBlock-Weekday-11',6604,45900,4,'',1,5500,4,'',1,1500,4,'',1,1800,4,'',1,5500,4,'',1,1500,4,'',1,1600,4,'',1,1600,4,'',1,5100,4,'',1,1100,4,'',1,1100,4,'',1,1000,4,'',1,1100,4,'',1,1000,4,'',1,5100,4,'',1,1000,4,'',1,1000,4,'',1,1000,4,'',1,1000,4,'',1,1000,4,'',1,4900,4,'',1,1000,4,'',1,900,4,'',1,900,4,'',1,900,4,'',1,900,4,'',1,5300,4,'',1,1100,4,'',1,1200,4,'',1,1200,4,'',1,1200,4,'',1,5300,4,'',1,1300,4,'',1,1300,4,'',1,1400,4,'',1,1500,4,'',1,5500,4,'',1,1500,4,'',1,1500,4,'',1,1500,4,'',1,5500,4,'',1,1500,4,'',1,1500,4,'',1,1500,4,'',1,5500,4,'',1,1600,4,'',1,1500,4,'',1,1500,4,'',1,5200,4,'',1,1000,4,'',1,1000,4,'',1,1200,4,'',1,1100,4,'',1,5000,4,'',1,1000,4,'',1,1100,4,'',1,1100,4,'',1,1100,4,'',1,1100,4,'',1,5100,4,'',1,1100,4,'',1,1100,4,'',1,1100,4,'',1,1100,4,'',1,5100,4,'',1,1100,4,'',1,1100,4,'',1,1100,4,'',1,1000,4,'',1,1100,4,'',1,5000,4,'',1,1200,4,'',1,1300,4,'',1,1200,4,'',1,1300,4,'',1,5200,4,'',1,1200,4,'',1,1400,4,'',1,1500,4,'',1,5500,4,'',1,1500,4,'',1,1500,4,'',1,1500,4,'',1,5500,4,'',1,1500,4,'',1,1500,4,'',1,1500,4,'',1,5300,4,'',1,1400,4,'',1,1500,4,'',1,1500,4,'',1,5500,4,'',1,1500,4,'',1,2200,4,'',1,6400,4,'',1,2400,4,'',1
'23SE04-MABlock-Holiday2-25',6604,64300,4,'',1,10000,4,'',1,10200,4,'',1,10300,4,'',1,10300,4,'',1,10800,4,'',1,14600,4,'',1,10900,4,'',1,11400,4,'',1,11200,4,'',1,11200,4,'',1,10700,4,'',1,14400,4,'',1,10500,4,'',1,10200,4,'',1,10300,4,'',1,10600,4,'',1
'23SE04-MABlock-Saturday-22',6604,64300,4,'',1,10000,4,'',1,10200,4,'',1,10300,4,'',1,10300,4,'',1,10800,4,'',1,14600,4,'',1,10900,4,'',1,11400,4,'',1,11200,4,'',1,11200,4,'',1,10700,4,'',1,14400,4,'',1,10500,4,'',1,10200,4,'',1,10300,4,'',1,10600,4,'',1
'23SE04-CPBlock-Holiday2-15',10704,114400,4,'',1,16400,4,'',1,12400,4,'',1,12400,4,'',1,16400,4,'',1,12400,4,'',1
'23SE04-CPBlock-Saturday-12',10704,114400,4,'',1,16400,4,'',1,12400,4,'',1,12400,4,'',1,16400,4,'',1,12400,4,'',1
'23SE04-CPBlock-Weekday-11',10704,54300,4,'',1,16000,4,'',1,5600,4,'',1,16000,4,'',1,9100,4,'',1,43800,4,'',1,16500,4,'',1,9400,4,'',1,12100,4,'',1,8800,4,'',1,12100,4,'',1,8200,4,'',1,11400,4,'',1,8400,4,'',1
'23SE04-MABlock-Holiday2-25',10704,103700,4,'',1,2200,4,'',1,6400,4,'',1,8200,4,'',1,2100,4,'',1,2100,4,'',1,8200,4,'',1,2100,4,'',1,6100,4,'',1,4200,4,'',1,6100,4,'',1,2100,4,'',1,8200,4,'',1,2100,4,'',1,2100,4,'',1,8200,4,'',1,6100,4,'',1,2100,4,'',1,8200,4,'',1,2100,4,'',1
'23SE04-MABlock-Saturday-22',10704,103700,4,'',1,2200,4,'',1,6400,4,'',1,8200,4,'',1,2100,4,'',1,2100,4,'',1,8200,4,'',1,2100,4,'',1,6100,4,'',1,4200,4,'',1,6100,4,'',1,2100,4,'',1,8200,4,'',1,2100,4,'',1,2100,4,'',1,8200,4,'',1,6100,4,'',1,2100,4,'',1,8200,4,'',1,2100,4,'',1
'23SE04-MABlock-Weekday-21',10704,60200,4,'',1,1400,4,'',1,1400,4,'',1,1800,4,'',1,7300,4,'',1,1900,4,'',1,7500,4,'',1,1600,4,'',1,1600,4,'',1,5500,4,'',1,3300,4,'',1,1700,4,'',1,7200,4,'',1,2000,4,'',1,6700,4,'',1,2700,4,'',1,6400,4,'',1,2500,4,'',1,2500,4,'',1,6500,4,'',1,2500,4,'',1,6600,4,'',1,2500,4,'',1,7100,4,'',1,1700,4,'',1,1800,4,'',1,1600,4,'',1,7600,4,'',1,1800,4,'',1,7500,4,'',1,1600,4,'',1,1700,4,'',1,5600,4,'',1,3100,4,'',1,1500,4,'',1,7200,4,'',1,1500,4,'',1,5700,4,'',1,1600,4,'',1,3700,4,'',1,8700,4,'',1,6500,4,'',1,4700,4,'',1,8500,4,'',1,6300,4,'',1
'23SE04-CPBlock-Weekday-11',30202,144800,4,'',1,500,4,'',1
'23SE04-CPBlock-Weekday-11',31504,153600,4,'',1
