'24JA08-CPBlock-Holiday1-14',901,75400,,'',1,7700,,'',1,7600,,'',1,3800,,'',1,7500,,'',1,2500,,'',1,6500,,'',1,2500,,'',1,6600,,'',1,2500,,'',1,2600,,'',1,6600,,'',1,2700,,'',1,6600,,'',1,2600,,'',1,6700,,'',1,2600,,'',1,2600,,'',1,6700,,'',1,2600,,'',1,6600,,'',1,2700,,'',1,6600,,'',1,2400,,'',1,2400,,'',1,7100,,'',1,7600,,'',1,3600,,'',1,7600,,'',1,3800,,'',1,8000,,'',1,8000,,'',1
'24JA08-CPBlock-Holiday1-14',902,74700,4,'',1,8000,4,'',1,7700,4,'',1,3700,4,'',1,7600,4,'',1,2500,4,'',1,6500,4,'',1,2600,4,'',1,2500,4,'',1,6500,4,'',1,2500,4,'',1,6600,4,'',1,2600,4,'',1,6600,4,'',1,2600,4,'',1,2700,4,'',1,6600,4,'',1,2600,4,'',1,6700,4,'',1,2600,4,'',1,6600,4,'',1,2700,4,'',1,6600,4,'',1,2400,4,'',1,2500,4,'',1,7200,4,'',1,7600,4,'',1,3600,4,'',1,7600,4,'',1,3600,4,'',1,7600,4,'',1,7800,4,'',1
'24JA08-CPBlock-Saturday-12',901,70200,,'',1,2700,,'',1,2700,,'',1,6700,,'',1,2700,,'',1,6700,,'',1,2700,,'',1,6700,,'',1,2800,,'',1,6900,,'',1,2900,,'',1,6900,,'',1,2900,,'',1,6900,,'',1,2900,,'',1,7000,,'',1,3000,,'',1,7000,,'',1,3000,,'',1,7000,,'',1,3000,,'',1,7000,,'',1,3000,,'',1,7000,,'',1,3000,,'',1,6900,,'',1,2900,,'',1,7600,,'',1,4400,,'',1,8400,,'',1,8300,,'',1,4000,,'',1,8000,,'',1,8000,,'',1
'24JA08-CPBlock-Saturday-12',902,65500,4,'',1,6700,4,'',1,2700,4,'',1,6800,4,'',1,2700,4,'',1,6700,4,'',1,2800,4,'',1,6700,4,'',1,2900,4,'',1,6800,4,'',1,2800,4,'',1,6900,4,'',1,3000,4,'',1,7000,4,'',1,3000,4,'',1,2900,4,'',1,6900,4,'',1,2900,4,'',1,7100,4,'',1,3000,4,'',1,7000,4,'',1,3000,4,'',1,7000,4,'',1,3000,4,'',1,6900,4,'',1,3000,4,'',1,7000,4,'',1,2800,4,'',1,6600,4,'',1,2700,4,'',1,7800,4,'',1,8100,4,'',1,4200,4,'',1,8200,4,'',1,7700,4,'',1,4000,4,'',1
'24JA08-CPBlock-Sunday-13',901,75400,,'',1,7700,,'',1,7600,,'',1,3800,,'',1,7500,,'',1,2500,,'',1,6500,,'',1,2500,,'',1,6600,,'',1,2500,,'',1,2600,,'',1,6600,,'',1,2700,,'',1,6600,,'',1,2600,,'',1,6700,,'',1,2600,,'',1,2600,,'',1,6700,,'',1,2600,,'',1,6600,,'',1,2700,,'',1,6600,,'',1,2400,,'',1,2400,,'',1,7100,,'',1,7600,,'',1,3600,,'',1,7600,,'',1,3800,,'',1,8000,,'',1,8000,,'',1
'24JA08-CPBlock-Sunday-13',902,74700,4,'',1,8000,4,'',1,7700,4,'',1,3700,4,'',1,7600,4,'',1,2500,4,'',1,6500,4,'',1,2600,4,'',1,2500,4,'',1,6500,4,'',1,2500,4,'',1,6600,4,'',1,2600,4,'',1,6600,4,'',1,2600,4,'',1,2700,4,'',1,6600,4,'',1,2600,4,'',1,6700,4,'',1,2600,4,'',1,6600,4,'',1,2700,4,'',1,6600,4,'',1,2400,4,'',1,2500,4,'',1,7200,4,'',1,7600,4,'',1,3600,4,'',1,7600,4,'',1,3600,4,'',1,7600,4,'',1,7800,4,'',1
'24JA08-CPBlock-Weekday-11',901,42000,,'',1,2000,,'',1,6000,,'',1,2000,,'',1,2000,,'',1,1500,,'',1,6500,,'',1,2500,,'',1,6500,,'',1,2500,,'',1,6500,,'',1,2500,,'',1,2500,,'',1,6500,,'',1,3000,,'',1,7500,,'',1,3000,,'',1,7000,,'',1,3500,,'',1,7000,,'',1,7500,,'',1,3500,,'',1,7000,,'',1,3500,,'',1,7500,,'',1,3500,,'',1,7500,,'',1,7500,,'',1,2500,,'',1,2500,,'',1,7000,,'',1,3000,,'',1,7000,,'',1,3000,,'',1,6000,,'',1,2000,,'',1,2000,,'',1,7000,,'',1,2500,,'',1,7000,,'',1,3500,,'',1,6500,,'',1,3000,,'',1,6500,,'',1,2500,,'',1,6500,,'',1
'24JA08-CPBlock-Weekday-11',902,53200,4,'',1,2000,4,'',1,6000,4,'',1,2000,4,'',1,2600,4,'',1,6800,4,'',1,2600,4,'',1,6500,4,'',1,2600,4,'',1,6400,4,'',1,2800,4,'',1,7400,4,'',1,3000,4,'',1,7000,4,'',1,3500,4,'',1,7100,4,'',1,3600,4,'',1,7000,4,'',1,3200,4,'',1,7500,4,'',1,7700,4,'',1,3700,4,'',1,7000,4,'',1,3800,4,'',1,6600,4,'',1,2000,4,'',1,7000,4,'',1,3000,4,'',1,7000,4,'',1,2900,4,'',1,2300,4,'',1,6800,4,'',1,2100,4,'',1,6400,4,'',1,2400,4,'',1,7500,4,'',1,2900,4,'',1,6400,4,'',1,3000,4,'',1,6900,4,'',1,2400,4,'',1,2900,4,'',1,6500,4,'',1,2500,4,'',1,6500,4,'',1
'24JA08-CPBlock-Holiday1-14',3501,65300,,'',1,6500,,'',1,2500,,'',1,6500,,'',1,2600,,'',1,6600,,'',1,2600,,'',1,2600,,'',1,6600,,'',1,2700,,'',1,6700,,'',1,2700,,'',1,6700,,'',1,2700,,'',1,6800,,'',1,2700,,'',1,2800,,'',1,6800,,'',1,2800,,'',1,6800,,'',1,2800,,'',1,6800,,'',1,2800,,'',1,6800,,'',1,2800,,'',1,6800,,'',1,2800,,'',1,6700,,'',1,2700,,'',1,2600,,'',1,6600,,'',1,2600,,'',1,6600,,'',1,2600,,'',1,6500,,'',1,2600,,'',1,2600,,'',1
'24JA08-CPBlock-Holiday1-14',3502,65000,4,'',1,6500,4,'',1,2500,4,'',1,6500,4,'',1,2600,4,'',1,1700,4,'',1,6600,4,'',1,2600,4,'',1,6600,4,'',1,2800,4,'',1,6700,4,'',1,2700,4,'',1,2700,4,'',1,6600,4,'',1,2800,4,'',1,6800,4,'',1,2700,4,'',1,6900,4,'',1,2800,4,'',1,6800,4,'',1,2800,4,'',1,6800,4,'',1,2800,4,'',1,6800,4,'',1,2800,4,'',1,2800,4,'',1,6800,4,'',1,2700,4,'',1,6700,4,'',1,2500,4,'',1,6600,4,'',1,2600,4,'',1,6600,4,'',1,2500,4,'',1,2400,4,'',1,6600,4,'',1,2500,4,'',1,6500,4,'',1,2400,4,'',1,2500,4,'',1,6500,4,'',1,2500,4,'',1
'24JA08-CPBlock-Saturday-12',3501,51100,,'',1,2600,,'',1,6600,,'',1,2600,,'',1,2700,,'',1,6700,,'',1,2700,,'',1,6700,,'',1,2700,,'',1,6700,,'',1,2700,,'',1,6700,,'',1,2800,,'',1,6800,,'',1,2900,,'',1,2900,,'',1,6900,,'',1,2900,,'',1,6900,,'',1,2900,,'',1,6900,,'',1,2900,,'',1,7000,,'',1,3000,,'',1,7000,,'',1,3000,,'',1,7000,,'',1,3000,,'',1,6900,,'',1,2900,,'',1,6900,,'',1,3000,,'',1,7100,,'',1,3500,,'',1,7500,,'',1,7400,,'',1,3400,,'',1
'24JA08-CPBlock-Saturday-12',3502,51000,4,'',1,2600,4,'',1,6600,4,'',1,2600,4,'',1,2600,4,'',1,6000,4,'',1,2600,4,'',1,6600,4,'',1,2800,4,'',1,6700,4,'',1,2800,4,'',1,2700,4,'',1,6700,4,'',1,2900,4,'',1,6900,4,'',1,2800,4,'',1,6900,4,'',1,2800,4,'',1,7000,4,'',1,2900,4,'',1,6900,4,'',1,3000,4,'',1,7000,4,'',1,3000,4,'',1,7000,4,'',1,3000,4,'',1,7000,4,'',1,2900,4,'',1,7000,4,'',1,2900,4,'',1,6900,4,'',1,2900,4,'',1,6800,4,'',1,2600,4,'',1,6600,4,'',1,2700,4,'',1,2900,4,'',1,6900,4,'',1,3200,4,'',1,7500,4,'',1,7500,4,'',1
'24JA08-CPBlock-Sunday-13',3501,65300,,'',1,6500,,'',1,2500,,'',1,6500,,'',1,2600,,'',1,6600,,'',1,2600,,'',1,2600,,'',1,6600,,'',1,2700,,'',1,6700,,'',1,2700,,'',1,6700,,'',1,2700,,'',1,6800,,'',1,2700,,'',1,2800,,'',1,6800,,'',1,2800,,'',1,6800,,'',1,2800,,'',1,6800,,'',1,2800,,'',1,6800,,'',1,2800,,'',1,6800,,'',1,2800,,'',1,6700,,'',1,2700,,'',1,2600,,'',1,6600,,'',1,2600,,'',1,6600,,'',1,2600,,'',1,6500,,'',1,2600,,'',1,2600,,'',1
'24JA08-CPBlock-Sunday-13',3502,65000,4,'',1,6500,4,'',1,2500,4,'',1,6500,4,'',1,2600,4,'',1,1700,4,'',1,6600,4,'',1,2600,4,'',1,6600,4,'',1,2800,4,'',1,6700,4,'',1,2700,4,'',1,2700,4,'',1,6600,4,'',1,2800,4,'',1,6800,4,'',1,2700,4,'',1,6900,4,'',1,2800,4,'',1,6800,4,'',1,2800,4,'',1,6800,4,'',1,2800,4,'',1,6800,4,'',1,2800,4,'',1,2800,4,'',1,6800,4,'',1,2700,4,'',1,6700,4,'',1,2500,4,'',1,6600,4,'',1,2600,4,'',1,6600,4,'',1,2500,4,'',1,2400,4,'',1,6600,4,'',1,2500,4,'',1,6500,4,'',1,2400,4,'',1,2500,4,'',1,6500,4,'',1,2500,4,'',1
'24JA08-CPBlock-Weekday-11',3501,40200,,'',1,1900,,'',1,1900,,'',1,1900,,'',1,5700,,'',1,1000,,'',1,1000,,'',1,1000,,'',1,1000,,'',1,5000,,'',1,1000,,'',1,1000,,'',1,1000,,'',1,1100,,'',1,1100,,'',1,5100,,'',1,1100,,'',1,1100,,'',1,1100,,'',1,1100,,'',1,5100,,'',1,1100,,'',1,1100,,'',1,1000,,'',1,1000,,'',1,1000,,'',1,6000,,'',1,2500,,'',1,6500,,'',1,2500,,'',1,2600,,'',1,6700,,'',1,2500,,'',1,6500,,'',1,2500,,'',1,6500,,'',1,1300,,'',1,1300,,'',1,1000,,'',1,1000,,'',1,5000,,'',1,1000,,'',1,1000,,'',1,1000,,'',1,1000,,'',1,1000,,'',1,900,,'',1,5000,,'',1,1000,,'',1,1000,,'',1,900,,'',1,1000,,'',1,1000,,'',1,5000,,'',1,1100,,'',1,1200,,'',1,1200,,'',1,1100,,'',1,5100,,'',1,1200,,'',1,1100,,'',1,1100,,'',1,1000,,'',1,1000,,'',1,5000,,'',1,1000,,'',1,1000,,'',1,900,,'',1,900,,'',1,900,,'',1,5000,,'',1,1500,,'',1,1800,,'',1,1700,,'',1,5600,,'',1,1700,,'',1,1700,,'',1,5600,,'',1,2300,,'',1,3000,,'',1,7000,,'',1,3000,,'',1,7000,,'',1,2900,,'',1,6800,,'',1,2800,,'',1
'24JA08-CPBlock-Weekday-11',3502,61500,4,'',1,2000,4,'',1,2200,4,'',1,5100,4,'',1,1000,4,'',1,1100,4,'',1,1100,4,'',1,1200,4,'',1,5000,4,'',1,1100,4,'',1,1100,4,'',1,1100,4,'',1,900,4,'',1,1000,4,'',1,5100,4,'',1,1000,4,'',1,1200,4,'',1,1200,4,'',1,1100,4,'',1,5300,4,'',1,1700,4,'',1,1800,4,'',1,1800,4,'',1,5600,4,'',1,2500,4,'',1,6500,4,'',1,2500,4,'',1,2500,4,'',1,6700,4,'',1,2800,4,'',1,6700,4,'',1,1400,4,'',1,1500,4,'',1,1300,4,'',1,5300,4,'',1,1200,4,'',1,1500,4,'',1,1500,4,'',1,5500,4,'',1,1300,4,'',1,1100,4,'',1,1100,4,'',1,1100,4,'',1,5200,4,'',1,1100,4,'',1,1000,4,'',1,1100,4,'',1,1000,4,'',1,1000,4,'',1,5000,4,'',1,1000,4,'',1,900,4,'',1,1000,4,'',1,800,4,'',1,1000,4,'',1,4900,4,'',1,1200,4,'',1,1000,4,'',1,1100,4,'',1,800,4,'',1,1000,4,'',1,4800,4,'',1,1500,4,'',1,1500,4,'',1,1400,4,'',1,5600,4,'',1,1400,4,'',1,1400,4,'',1,1400,4,'',1,1400,4,'',1,5500,4,'',1,1600,4,'',1,1700,4,'',1,5700,4,'',1,1300,4,'',1,2700,4,'',1,6800,4,'',1,2700,4,'',1,6900,4,'',1,2900,4,'',1,6600,4,'',1,2700,4,'',1,2700,4,'',1
