101,1,'E',1
102,1,'W',1
203,1,'N',2
204,1,'S',2
301,1,'E',3
302,1,'W',3
401,1,'E',4
402,1,'W',4
503,1,'N',5
504,1,'S',5
601,1,'E',6
602,1,'W',6
703,1,'N',7
704,1,'S',7
803,1,'N',8
804,1,'S',8
901,1,'E',9
902,1,'W',9
1003,1,'N',10
1004,1,'S',10
1103,1,'N',11
1104,1,'S',11
1303,1,'N',13
1304,1,'S',13
1401,1,'E',14
1402,1,'W',14
1501,1,'E',15
1502,1,'W',15
1603,1,'N',16
1604,1,'S',16
1703,1,'N',17
1704,1,'S',17
1803,1,'N',18
1804,1,'S',18
2001,1,'E',20
2002,1,'W',20
2201,1,'E',22
2202,1,'W',22
2301,1,'E',23
2302,1,'W',23
2403,1,'N',24
2404,1,'S',24
2500,0,'CW',25
2601,1,'E',26
2602,1,'W',26
2803,1,'N',28
2804,1,'S',28
2903,1,'N',29
2904,1,'S',29
3001,1,'E',30
3002,1,'W',30
3401,1,'E',34
3402,1,'W',34
3501,1,'E',35
3502,1,'W',35
3603,1,'N',36
3604,1,'S',36
3803,1,'N',38
3804,1,'S',38
3901,1,'E',39
3902,1,'W',39
4201,1,'E',42
4202,1,'W',42
4303,1,'N',43
4304,1,'S',43
4403,1,'N',44
4404,1,'S',44
4503,1,'N',45
4504,1,'S',45
4603,1,'N',46
4604,1,'S',46
4803,1,'N',48
4804,1,'S',48
4901,1,'E',49
4902,1,'W',49
5103,1,'N',51
5104,1,'S',51
5303,1,'N',53
5304,1,'S',53
5701,1,'E',57
5702,1,'W',57
6103,1,'N',61
6104,1,'S',61
6603,1,'N',66
6604,1,'S',66
6803,1,'N',68
6804,1,'S',68
7001,1,'E',70
7002,1,'W',70
7101,1,'E',71
7102,1,'W',71
7303,1,'N',73
7304,1,'S',73
7401,1,'E',74
7402,1,'W',74
7601,1,'E',76
7602,1,'W',76
8703,1,'N',87
8704,1,'S',87
9001,1,'E',90
9002,1,'W',90
10101,1,'E',101
10102,1,'W',101
10303,1,'N',103
10304,1,'S',103
10703,1,'N',107
10704,1,'S',107
10803,1,'N',108
10804,1,'S',108
10903,1,'N',109
10904,1,'S',109
11003,1,'N',110
11004,1,'S',110
30202,1,'W',302
30402,1,'W',304
30603,1,'N',306
30604,1,'S',306
30701,1,'E',307
31303,1,'N',313
31403,1,'N',314
31404,1,'S',314
31503,1,'N',315
31504,1,'S',315
32103,1,'N',321
32104,1,'S',321
