'23JN26-CPBlock-Holiday1-14',1003,85300,4,'',1,6900,4,'',1,2900,4,'',1,6900,4,'',1,3000,4,'',1,7200,4,'',1,3100,4,'',1,7100,4,'',1,3000,4,'',1,7000,4,'',1,3000,4,'',1,7000,4,'',1,3000,4,'',1,7000,4,'',1,3000,4,'',1,7000,4,'',1,3000,4,'',1,6900,4,'',1,3000,4,'',1,7000,4,'',1,3000,4,'',1,6600,4,'',1,2800,4,'',1,6800,4,'',1,2800,4,'',1,6700,4,'',1,2700,4,'',1,6800,4,'',1,2800,4,'',1,6800,4,'',1,2800,4,'',1,2800,4,'',1,6800,4,'',1,2800,4,'',1,6800,4,'',1
'23JN26-CPBlock-Saturday-12',1003,72400,4,'',1,2400,4,'',1,6400,4,'',1,2400,4,'',1,2300,4,'',1,6300,4,'',1,2300,4,'',1,6400,4,'',1,2300,4,'',1,2400,4,'',1,6300,4,'',1,2300,4,'',1,6400,4,'',1,2300,4,'',1,2300,4,'',1,6200,4,'',1,2300,4,'',1,6300,4,'',1,2300,4,'',1,2300,4,'',1,6300,4,'',1,2300,4,'',1,2300,4,'',1,6200,4,'',1,2300,4,'',1,6300,4,'',1,2300,4,'',1,2300,4,'',1,6300,4,'',1,2300,4,'',1,2300,4,'',1,6300,4,'',1,2300,4,'',1,6300,4,'',1,2300,4,'',1,2300,4,'',1,6300,4,'',1,2300,4,'',1,6300,4,'',1,2300,4,'',1,2200,4,'',1,6200,4,'',1,2200,4,'',1,2200,4,'',1,6200,4,'',1,2200,4,'',1
'23JN26-CPBlock-Sunday-13',1003,85300,4,'',1,6900,4,'',1,2900,4,'',1,6900,4,'',1,3000,4,'',1,7200,4,'',1,3100,4,'',1,7100,4,'',1,3000,4,'',1,7000,4,'',1,3000,4,'',1,7000,4,'',1,3000,4,'',1,7000,4,'',1,3000,4,'',1,7000,4,'',1,3000,4,'',1,6900,4,'',1,3000,4,'',1,7000,4,'',1,3000,4,'',1,6700,4,'',1,2900,4,'',1,6900,4,'',1,2800,4,'',1,6900,4,'',1,2800,4,'',1,6900,4,'',1,2900,4,'',1,6900,4,'',1
'23JN26-CPBlock-Weekday-11',1003,60000,4,'',1,2000,4,'',1,2200,4,'',1,6000,4,'',1,2300,4,'',1,2600,4,'',1,6300,4,'',1,2300,4,'',1,6300,4,'',1,2200,4,'',1,2100,4,'',1,6300,4,'',1,2200,4,'',1,2200,4,'',1,6300,4,'',1,2200,4,'',1,6600,4,'',1,2600,4,'',1,2600,4,'',1,6600,4,'',1,2600,4,'',1,6700,4,'',1,2900,4,'',1,6700,4,'',1,2300,4,'',1,2200,4,'',1,6200,4,'',1,2100,4,'',1,2100,4,'',1,6100,4,'',1,2100,4,'',1,1900,4,'',1,6100,4,'',1,2000,4,'',1,1900,4,'',1,5900,4,'',1,1800,4,'',1,1800,4,'',1,6200,4,'',1,2200,4,'',1,6500,4,'',1,2500,4,'',1,2400,4,'',1,6500,4,'',1,2500,4,'',1,6500,4,'',1,2900,4,'',1,6900,4,'',1,2900,4,'',1,6800,4,'',1,3000,4,'',1
'23JN26-CPBlock-Holiday1-14',1303,70400,4,'',1,3400,4,'',1,7400,4,'',1,3400,4,'',1,7400,4,'',1,3400,4,'',1,7300,4,'',1,7300,4,'',1,3500,4,'',1,7500,4,'',1,3500,4,'',1,7700,4,'',1,3500,4,'',1,7500,4,'',1,7500,4,'',1,3500,4,'',1,7500,4,'',1,3500,4,'',1,7500,4,'',1,7500,4,'',1,3400,4,'',1,7500,4,'',1,3400,4,'',1,7400,4,'',1,3400,4,'',1,7000,4,'',1,3500,4,'',1,6700,4,'',1,2800,4,'',1,8200,4,'',1,8700,4,'',1,8800,4,'',1,4800,4,'',1
'23JN26-CPBlock-Saturday-12',1303,52200,4,'',1,3100,4,'',1,7100,4,'',1,3100,4,'',1,7200,4,'',1,3100,4,'',1,7100,4,'',1,7100,4,'',1,3500,4,'',1,2200,4,'',1,6100,4,'',1,2900,4,'',1,6900,4,'',1,2800,4,'',1,6900,4,'',1,2800,4,'',1,6800,4,'',1,2900,4,'',1,6800,4,'',1,2800,4,'',1,6800,4,'',1,2800,4,'',1,2800,4,'',1,6800,4,'',1,2800,4,'',1,6800,4,'',1,2800,4,'',1,6800,4,'',1,2700,4,'',1,6600,4,'',1,2400,4,'',1,6900,4,'',1,3000,4,'',1,7300,4,'',1,3200,4,'',1,7000,4,'',1,2600,4,'',1,6600,4,'',1,4500,4,'',1,8500,4,'',1,8600,4,'',1,8700,4,'',1
'23JN26-CPBlock-Sunday-13',1303,70400,4,'',1,3400,4,'',1,7400,4,'',1,3400,4,'',1,7400,4,'',1,3400,4,'',1,7300,4,'',1,7300,4,'',1,3500,4,'',1,7500,4,'',1,3500,4,'',1,7700,4,'',1,3500,4,'',1,7500,4,'',1,7500,4,'',1,3500,4,'',1,7500,4,'',1,3500,4,'',1,7500,4,'',1,7500,4,'',1,3400,4,'',1,7500,4,'',1,3400,4,'',1,7400,4,'',1,3400,4,'',1,7000,4,'',1,3500,4,'',1,6700,4,'',1,2800,4,'',1,8200,4,'',1,8700,4,'',1,8800,4,'',1,4800,4,'',1
'23JN26-CPBlock-Weekday-11',1303,51800,4,'',1,2000,4,'',1,2100,4,'',1,6200,4,'',1,2400,4,'',1,6100,4,'',1,2200,4,'',1,2200,4,'',1,6600,4,'',1,2200,4,'',1,6200,4,'',1,2200,4,'',1,2000,4,'',1,6400,4,'',1,2500,4,'',1,2800,4,'',1,6900,4,'',1,2700,4,'',1,6800,4,'',1,2800,4,'',1,6800,4,'',1,2900,4,'',1,7000,4,'',1,1800,4,'',1,2000,4,'',1,6100,4,'',1,2000,4,'',1,1900,4,'',1,6100,4,'',1,2200,4,'',1,2000,4,'',1,6100,4,'',1,2000,4,'',1,6000,4,'',1,1800,4,'',1,2000,4,'',1,1900,4,'',1,5700,4,'',1,2200,4,'',1,6500,4,'',1,2700,4,'',1,2600,4,'',1,6800,4,'',1,2700,4,'',1,6800,4,'',1,8800,4,'',1,4800,4,'',1,8700,4,'',1,8800,4,'',1,8800,4,'',1,8700,4,'',1
'23JN26-CPBlock-Saturday-12',3803,72000,4,'',1,2800,4,'',1,6800,4,'',1,2800,4,'',1,6800,4,'',1,2900,4,'',1,6800,4,'',1,2800,4,'',1,6500,4,'',1,2100,4,'',1,2900,4,'',1,6900,4,'',1,3000,4,'',1,6700,4,'',1,2700,4,'',1,6700,4,'',1,2700,4,'',1,6700,4,'',1,2700,4,'',1,6800,4,'',1,2700,4,'',1,2700,4,'',1,6700,4,'',1,2700,4,'',1,6700,4,'',1,2500,4,'',1,6600,4,'',1,2600,4,'',1,6700,4,'',1,2700,4,'',1,2700,4,'',1,6600,4,'',1,2800,4,'',1,7000,4,'',1,2700,4,'',1,6700,4,'',1,2700,4,'',1,6700,4,'',1
'23JN26-CPBlock-Weekday-11',3803,50800,4,'',1,1400,4,'',1,2400,4,'',1,6600,4,'',1,2900,4,'',1,6600,4,'',1,2500,4,'',1,6800,4,'',1,2400,4,'',1,2400,4,'',1,6300,4,'',1,2100,4,'',1,2300,4,'',1,7000,4,'',1,3200,4,'',1,7000,4,'',1,3200,4,'',1,7000,4,'',1,7200,4,'',1,3100,4,'',1,7300,4,'',1,3000,4,'',1,2300,4,'',1,6100,4,'',1,2400,4,'',1,6600,4,'',1,2600,4,'',1,6500,4,'',1,2500,4,'',1,2500,4,'',1,6500,4,'',1,2300,4,'',1,6400,4,'',1,2400,4,'',1,2200,4,'',1,6000,4,'',1,2100,4,'',1,2000,4,'',1,6400,4,'',1,3600,4,'',1,7600,4,'',1,7800,4,'',1,3800,4,'',1,7800,4,'',1,3700,4,'',1
'23JN26-MABlock-Holiday1-24',3803,83500,4,'',1,7800,4,'',1,3800,4,'',1,7900,4,'',1,8200,4,'',1,3800,4,'',1,8200,4,'',1,8200,4,'',1,4000,4,'',1,8000,4,'',1,8000,4,'',1,4000,4,'',1,8000,4,'',1,8000,4,'',1,4000,4,'',1,7800,4,'',1,7900,4,'',1,3600,4,'',1,7600,4,'',1,7700,4,'',1
'23JN26-MABlock-Sunday-23',3803,83500,4,'',1,7800,4,'',1,3800,4,'',1,7900,4,'',1,8200,4,'',1,3800,4,'',1,8200,4,'',1,8200,4,'',1,4000,4,'',1,8000,4,'',1,8000,4,'',1,4000,4,'',1,8000,4,'',1,8000,4,'',1,4000,4,'',1,7800,4,'',1,7900,4,'',1,3600,4,'',1,7600,4,'',1,7700,4,'',1
'23JN26-CPBlock-Holiday1-14',3902,82600,4,'',1,10900,4,'',1,7800,4,'',1,3800,4,'',1,15500,4,'',1,3700,4,'',1,7700,4,'',1,11400,4,'',1,7700,4,'',1,3700,4,'',1,15400,4,'',1,3700,4,'',1,7700,4,'',1,11400,4,'',1,7600,4,'',1,3700,4,'',1,11200,4,'',1,7600,4,'',1
'23JN26-CPBlock-Saturday-12',3902,81800,4,'',1,4100,4,'',1,8100,4,'',1,7200,4,'',1,2400,4,'',1,2300,4,'',1,6400,4,'',1,2500,4,'',1,6400,4,'',1,2400,4,'',1,6500,4,'',1,2500,4,'',1,2500,4,'',1,6500,4,'',1,2500,4,'',1,6400,4,'',1,2500,4,'',1,2500,4,'',1,6500,4,'',1,2500,4,'',1,6600,4,'',1,2500,4,'',1,6500,4,'',1,2500,4,'',1,2500,4,'',1,6500,4,'',1,2500,4,'',1,6200,4,'',1,2300,4,'',1,2400,4,'',1,6300,4,'',1,2500,4,'',1,6400,4,'',1,2400,4,'',1,2400,4,'',1
'23JN26-CPBlock-Sunday-13',3902,82600,4,'',1,10900,4,'',1,7800,4,'',1,3800,4,'',1,15500,4,'',1,3700,4,'',1,7700,4,'',1,11400,4,'',1,7700,4,'',1,3700,4,'',1,15400,4,'',1,3700,4,'',1,7700,4,'',1,11400,4,'',1,7600,4,'',1,3700,4,'',1,11200,4,'',1,7600,4,'',1
'23JN26-MABlock-Holiday1-24',3902,90100,4,'',1,22700,4,'',1,22900,4,'',1,26800,4,'',1,22800,4,'',1,26600,4,'',1
'23JN26-MABlock-Sunday-23',3902,90100,4,'',1,22700,4,'',1,22900,4,'',1,26800,4,'',1,22800,4,'',1,26600,4,'',1
'23JN26-MABlock-Weekday-21',3902,53100,4,'',1,1900,4,'',1,5900,4,'',1,2000,4,'',1,2000,4,'',1,6000,4,'',1,1800,4,'',1,2000,4,'',1,5800,4,'',1,1900,4,'',1,1900,4,'',1,6000,4,'',1,1900,4,'',1,2000,4,'',1,1700,4,'',1,5900,4,'',1,1700,4,'',1,2400,4,'',1,6500,4,'',1,2200,4,'',1,6200,4,'',1,2400,4,'',1,2400,4,'',1,6400,4,'',1,2400,4,'',1,6200,4,'',1,1700,4,'',1,1700,4,'',1,1700,4,'',1,5900,4,'',1,2000,4,'',1,1900,4,'',1,5900,4,'',1,1700,4,'',1,2000,4,'',1,6000,4,'',1,1900,4,'',1,1800,4,'',1,5800,4,'',1,1800,4,'',1,1500,4,'',1,1700,4,'',1,5700,4,'',1,1600,4,'',1,1700,4,'',1,5800,4,'',1,2200,4,'',1,2500,4,'',1,7100,4,'',1,3300,4,'',1,7200,4,'',1,3100,4,'',1,7400,4,'',1,7400,4,'',1,3300,4,'',1,7000,4,'',1
'23JN26-CPBlock-Weekday-11',4202,45100,4,'',1,5500,4,'',1,1400,4,'',1,1200,4,'',1,1200,4,'',1,1300,4,'',1,5600,4,'',1,1500,4,'',1,1200,4,'',1,1100,4,'',1,5300,4,'',1,1300,4,'',1,1300,4,'',1,1200,4,'',1,1200,4,'',1,5300,4,'',1,1300,4,'',1,1300,4,'',1,1200,4,'',1,1000,4,'',1,5200,4,'',1,1200,4,'',1,1100,4,'',1,1100,4,'',1,1200,4,'',1,5100,4,'',1,1200,4,'',1,1200,4,'',1,1300,4,'',1,1200,4,'',1,5300,4,'',1,1300,4,'',1,1300,4,'',1,1300,4,'',1,1300,4,'',1,5200,4,'',1,1200,4,'',1,1200,4,'',1,1200,4,'',1,1200,4,'',1,5300,4,'',1,1300,4,'',1,1200,4,'',1,1200,4,'',1,5300,4,'',1,1500,4,'',1,1400,4,'',1,1500,4,'',1,1400,4,'',1,5400,4,'',1,1300,4,'',1,1400,4,'',1,1300,4,'',1,5400,4,'',1,1500,4,'',1,1300,4,'',1,1300,4,'',1,5300,4,'',1,1300,4,'',1,1300,4,'',1,1300,4,'',1,1300,4,'',1,5200,4,'',1,1100,4,'',1,1300,4,'',1,1200,4,'',1,1100,4,'',1,4900,4,'',1,900,4,'',1,1000,4,'',1,1200,4,'',1,800,4,'',1,1200,4,'',1,4900,4,'',1,1200,4,'',1,1100,4,'',1,1200,4,'',1,1100,4,'',1,1200,4,'',1,5300,4,'',1,1300,4,'',1,1300,4,'',1,1300,4,'',1,5300,4,'',1,1300,4,'',1,1300,4,'',1,1300,4,'',1,1300,4,'',1,5300,4,'',1,1300,4,'',1,1300,4,'',1,1300,4,'',1,5200,4,'',1,1300,4,'',1,1300,4,'',1,1200,4,'',1,1200,4,'',1,5200,4,'',1,1200,4,'',1,1200,4,'',1,1200,4,'',1
'23JN26-MABlock-Holiday1-24',4202,65100,4,'',1,5600,4,'',1,1600,4,'',1,1600,4,'',1,1700,4,'',1,5700,4,'',1,1700,4,'',1,1700,4,'',1,5600,4,'',1,1700,4,'',1,1600,4,'',1,1700,4,'',1,5800,4,'',1,1700,4,'',1,1800,4,'',1,5700,4,'',1,1700,4,'',1,1700,4,'',1,1700,4,'',1,5700,4,'',1,1700,4,'',1,1700,4,'',1,5700,4,'',1,1700,4,'',1,1700,4,'',1,1700,4,'',1,5800,4,'',1,1900,4,'',1,1900,4,'',1,5800,4,'',1,1800,4,'',1,1800,4,'',1,5800,4,'',1,1800,4,'',1,1800,4,'',1,1800,4,'',1,5800,4,'',1,1800,4,'',1,1800,4,'',1,5800,4,'',1,1800,4,'',1,1800,4,'',1,5800,4,'',1,1700,4,'',1,1700,4,'',1,1700,4,'',1,5500,4,'',1,1600,4,'',1,1700,4,'',1,1700,4,'',1,5700,4,'',1,1700,4,'',1,1700,4,'',1,5700,4,'',1,1600,4,'',1,1700,4,'',1,1700,4,'',1,5600,4,'',1,1600,4,'',1,1600,4,'',1,1600,4,'',1
'23JN26-MABlock-Saturday-22',4202,53400,4,'',1,2100,4,'',1,5300,4,'',1,1600,4,'',1,1200,4,'',1,1200,4,'',1,5300,4,'',1,1300,4,'',1,1200,4,'',1,1200,4,'',1,1300,4,'',1,5300,4,'',1,1300,4,'',1,1200,4,'',1,1300,4,'',1,1300,4,'',1,5400,4,'',1,1400,4,'',1,1800,4,'',1,1400,4,'',1,5500,4,'',1,1600,4,'',1,1400,4,'',1,1800,4,'',1,5700,4,'',1,1900,4,'',1,1900,4,'',1,5500,4,'',1,1500,4,'',1,1500,4,'',1,1600,4,'',1,5700,4,'',1,1700,4,'',1,1700,4,'',1,5700,4,'',1,1600,4,'',1,1600,4,'',1,1600,4,'',1,5500,4,'',1,1500,4,'',1,1400,4,'',1,1400,4,'',1,5400,4,'',1,1400,4,'',1,1400,4,'',1,1400,4,'',1,1400,4,'',1,5400,4,'',1,1500,4,'',1,1400,4,'',1,1400,4,'',1,5500,4,'',1,1400,4,'',1,1400,4,'',1,1300,4,'',1,5400,4,'',1,1400,4,'',1,1300,4,'',1,1300,4,'',1,5500,4,'',1,1400,4,'',1,1300,4,'',1,1800,4,'',1,5900,4,'',1,2200,4,'',1,2200,4,'',1,6400,4,'',1,2400,4,'',1,6400,4,'',1,2400,4,'',1,2300,4,'',1,6200,4,'',1,2400,4,'',1
'23JN26-MABlock-Sunday-23',4202,65100,4,'',1,5600,4,'',1,1600,4,'',1,1600,4,'',1,1700,4,'',1,5700,4,'',1,1700,4,'',1,1700,4,'',1,5600,4,'',1,1700,4,'',1,1600,4,'',1,1700,4,'',1,5800,4,'',1,1700,4,'',1,1800,4,'',1,5700,4,'',1,1700,4,'',1,1700,4,'',1,1700,4,'',1,5700,4,'',1,1700,4,'',1,1700,4,'',1,5700,4,'',1,1700,4,'',1,1700,4,'',1,1700,4,'',1,5800,4,'',1,1900,4,'',1,1900,4,'',1,5800,4,'',1,1800,4,'',1,1800,4,'',1,5800,4,'',1,1800,4,'',1,1800,4,'',1,1800,4,'',1,5800,4,'',1,1800,4,'',1,1800,4,'',1,5800,4,'',1,1800,4,'',1,1800,4,'',1,5800,4,'',1,1700,4,'',1,1700,4,'',1,1700,4,'',1,5500,4,'',1,1600,4,'',1,1700,4,'',1,1700,4,'',1,5700,4,'',1,1700,4,'',1,1700,4,'',1,5700,4,'',1,1600,4,'',1,1700,4,'',1,1700,4,'',1,5600,4,'',1,1600,4,'',1,1600,4,'',1,1600,4,'',1
'23JN26-CPBlock-Weekday-11',4303,61100,4,'',1,3600,4,'',1,8900,4,'',1,8700,4,'',1,8500,4,'',1,3900,4,'',1,8000,4,'',1,7800,4,'',1
'23JN26-CPBlock-Holiday1-14',4403,75900,4,'',1,8100,4,'',1,8000,4,'',1,8000,4,'',1,4000,4,'',1,7900,4,'',1,4000,4,'',1,8000,4,'',1,8000,4,'',1,4000,4,'',1,8000,4,'',1,8100,4,'',1,8000,4,'',1,4000,4,'',1,8000,4,'',1,8000,4,'',1,4000,4,'',1,7900,4,'',1,4000,4,'',1,8000,4,'',1,8000,4,'',1,4000,4,'',1
'23JN26-CPBlock-Saturday-12',4403,75900,4,'',1,8100,4,'',1,8000,4,'',1,8000,4,'',1,4000,4,'',1,7900,4,'',1,4000,4,'',1,8000,4,'',1,8000,4,'',1,4000,4,'',1,8000,4,'',1,8100,4,'',1,8100,4,'',1,4000,4,'',1,8000,4,'',1,8000,4,'',1,4000,4,'',1,7800,4,'',1,4000,4,'',1,8000,4,'',1,8000,4,'',1,4000,4,'',1
'23JN26-CPBlock-Sunday-13',4403,75900,4,'',1,8100,4,'',1,8000,4,'',1,8000,4,'',1,4000,4,'',1,7900,4,'',1,4000,4,'',1,8000,4,'',1,8000,4,'',1,4000,4,'',1,8000,4,'',1,8100,4,'',1,8000,4,'',1,4000,4,'',1,8000,4,'',1,8000,4,'',1,4000,4,'',1,7900,4,'',1,4000,4,'',1,8000,4,'',1,8000,4,'',1,4000,4,'',1
'23JN26-CPBlock-Weekday-11',4403,52800,4,'',1,2000,4,'',1,6400,4,'',1,2100,4,'',1,2100,4,'',1,6100,4,'',1,2100,4,'',1,2100,4,'',1,6100,4,'',1,2100,4,'',1,6100,4,'',1,1900,4,'',1,2100,4,'',1,6000,4,'',1,2100,4,'',1,2100,4,'',1,6100,4,'',1,2100,4,'',1,2100,4,'',1,6100,4,'',1,2100,4,'',1,2200,4,'',1,6100,4,'',1,2100,4,'',1,2100,4,'',1,6100,4,'',1,2100,4,'',1,2200,4,'',1,6100,4,'',1,2300,4,'',1,6300,4,'',1,2200,4,'',1,2200,4,'',1,6200,4,'',1,2200,4,'',1,2200,4,'',1,6100,4,'',1,2200,4,'',1,2000,4,'',1,6000,4,'',1,2200,4,'',1,6400,4,'',1,2100,4,'',1,2900,4,'',1,6600,4,'',1,2400,4,'',1,6400,4,'',1,2400,4,'',1,2400,4,'',1,6400,4,'',1,2400,4,'',1,6400,4,'',1,2200,4,'',1
'23JN26-CPBlock-Holiday1-14',4503,90700,4,'',1,3100,4,'',1,7000,4,'',1,3000,4,'',1,7000,4,'',1,3000,4,'',1,7100,4,'',1,3100,4,'',1,7000,4,'',1,3000,4,'',1,7100,4,'',1,3100,4,'',1,7100,4,'',1,3200,4,'',1,7200,4,'',1,3200,4,'',1,7200,4,'',1,3200,4,'',1,7200,4,'',1,3200,4,'',1,7100,4,'',1,3100,4,'',1,7100,4,'',1,7100,4,'',1,3100,4,'',1
'23JN26-CPBlock-Saturday-12',4503,70500,4,'',1,3000,4,'',1,7000,4,'',1,3000,4,'',1,7200,4,'',1,3100,4,'',1,7100,4,'',1,3200,4,'',1,7200,4,'',1,3200,4,'',1,7300,4,'',1,3300,4,'',1,7300,4,'',1,3300,4,'',1,7300,4,'',1,7300,4,'',1,3300,4,'',1,7300,4,'',1,3300,4,'',1,7300,4,'',1,3300,4,'',1,7300,4,'',1,3200,4,'',1,7400,4,'',1,7300,4,'',1,3000,4,'',1,2900,4,'',1,7000,4,'',1
'23JN26-CPBlock-Sunday-13',4503,90700,4,'',1,3100,4,'',1,7000,4,'',1,3000,4,'',1,7000,4,'',1,3000,4,'',1,7100,4,'',1,3100,4,'',1,7000,4,'',1,3000,4,'',1,7100,4,'',1,3100,4,'',1,7100,4,'',1,3200,4,'',1,7200,4,'',1,3200,4,'',1,7200,4,'',1,3200,4,'',1,7200,4,'',1,3200,4,'',1,7100,4,'',1,3100,4,'',1,7100,4,'',1,7100,4,'',1,3100,4,'',1
'23JN26-CPBlock-Weekday-11',4503,53500,4,'',1,7700,4,'',1,1700,4,'',1,2400,4,'',1,5600,4,'',1,2600,4,'',1,1800,4,'',1,6400,4,'',1,1800,4,'',1,2300,4,'',1,5700,4,'',1,2200,4,'',1,1400,4,'',1,6100,4,'',1,2700,4,'',1,6800,4,'',1,2800,4,'',1,6700,4,'',1,2900,4,'',1,2700,4,'',1,6900,4,'',1,2800,4,'',1,6300,4,'',1,2000,4,'',1,2100,4,'',1,6500,4,'',1,1900,4,'',1,6300,4,'',1,1900,4,'',1,2100,4,'',1,5900,4,'',1,2200,4,'',1,2000,4,'',1,6200,4,'',1,1800,4,'',1,2000,4,'',1,5500,4,'',1,1900,4,'',1,1700,4,'',1,6200,4,'',1,2200,4,'',1,2100,4,'',1,7000,4,'',1,3100,4,'',1,7200,4,'',1,3200,4,'',1,7100,4,'',1,3300,4,'',1,7300,4,'',1
'23JN26-CPBlock-Saturday-12',4603,73600,4,'',1,7600,4,'',1,3600,4,'',1,7500,4,'',1,3500,4,'',1,7500,4,'',1,7600,4,'',1,3500,4,'',1,7500,4,'',1,3500,4,'',1,7500,4,'',1,7500,4,'',1,3500,4,'',1,7500,4,'',1,3500,4,'',1,7400,4,'',1,3500,4,'',1,7500,4,'',1,7500,4,'',1,3500,4,'',1,7500,4,'',1,3400,4,'',1,7500,4,'',1,7400,4,'',1,3500,4,'',1,7400,4,'',1,3400,4,'',1
'23JN26-CPBlock-Sunday-13',4603,82500,4,'',1,3300,4,'',1,7500,4,'',1,7500,4,'',1,3500,4,'',1,7500,4,'',1,3500,4,'',1,7500,4,'',1,7500,4,'',1,3500,4,'',1,7500,4,'',1,3500,4,'',1,7500,4,'',1,3500,4,'',1,7500,4,'',1,7500,4,'',1,3500,4,'',1,7500,4,'',1,3200,4,'',1,7400,4,'',1,3400,4,'',1,7300,4,'',1,7400,4,'',1
'23JN26-CPBlock-Weekday-11',4603,54100,4,'',1,7500,4,'',1,3400,4,'',1,7300,4,'',1,3300,4,'',1,7400,4,'',1,7200,4,'',1,3400,4,'',1,7300,4,'',1,3300,4,'',1,7400,4,'',1,3400,4,'',1,7400,4,'',1,3400,4,'',1,7400,4,'',1,7300,4,'',1,3400,4,'',1,7400,4,'',1,3400,4,'',1,7400,4,'',1,3500,4,'',1,7500,4,'',1,7500,4,'',1,3500,4,'',1,7300,4,'',1,3400,4,'',1,7500,4,'',1,3500,4,'',1,7000,4,'',1,3100,4,'',1,7100,4,'',1,7100,4,'',1,3100,4,'',1,7000,4,'',1,3100,4,'',1,7100,4,'',1,3100,4,'',1
'23JN26-CPBlock-Weekday-11',8703,163600,4,'',1,8100,4,'',1,8700,4,'',1,4000,4,'',1,8100,4,'',1,8400,4,'',1,3700,4,'',1
'23JN26-CPBlock-Weekday-11',9001,55500,4,'',1,5900,4,'',1,2900,4,'',1,1500,4,'',1,7000,4,'',1,2700,4,'',1,7800,4,'',1,2400,4,'',1,8300,4,'',1,8200,4,'',1,8200,4,'',1,4200,4,'',1,8200,4,'',1,8200,4,'',1,4200,4,'',1,8200,4,'',1,2200,4,'',1,6000,4,'',1,2300,4,'',1,6200,4,'',1,2300,4,'',1,2300,4,'',1,6400,4,'',1,2400,4,'',1,2400,4,'',1,6300,4,'',1,2300,4,'',1,6300,4,'',1,1700,4,'',1,2200,4,'',1,7000,4,'',1,1300,4,'',1,7500,4,'',1,3700,4,'',1,7700,4,'',1,3800,4,'',1
'23JN26-CPBlock-Weekday-11',9002,51600,4,'',1,2000,4,'',1,2100,4,'',1,6000,4,'',1,2200,4,'',1,6600,4,'',1,2800,4,'',1,6800,4,'',1,2700,4,'',1,2600,4,'',1,6500,4,'',1,8100,4,'',1,4200,4,'',1,8200,4,'',1,8200,4,'',1,4200,4,'',1,8200,4,'',1,8200,4,'',1,2100,4,'',1,2300,4,'',1,6100,4,'',1,2100,4,'',1,6300,4,'',1,2300,4,'',1,2300,4,'',1,6200,4,'',1,2400,4,'',1,2400,4,'',1,6200,4,'',1,2300,4,'',1,6300,4,'',1,2300,4,'',1,2300,4,'',1,6300,4,'',1,2200,4,'',1,1600,4,'',1,7000,4,'',1,3700,4,'',1,7800,4,'',1,7800,4,'',1
'23JN26-CPBlock-Holiday1-14',10903,90900,4,'',1,2400,4,'',1,2400,4,'',1,6400,4,'',1,2500,4,'',1,6500,4,'',1,2400,4,'',1,2400,4,'',1,6500,4,'',1,2400,4,'',1,6400,4,'',1,2400,4,'',1,6400,4,'',1,2400,4,'',1,2400,4,'',1,6400,4,'',1,2400,4,'',1,6400,4,'',1,2400,4,'',1,2400,4,'',1,6400,4,'',1,2400,4,'',1,6400,4,'',1,2400,4,'',1,2300,4,'',1,6300,4,'',1,2300,4,'',1,2400,4,'',1,6400,4,'',1,2400,4,'',1,6300,4,'',1,2400,4,'',1,2300,4,'',1,6400,4,'',1,2400,4,'',1,6400,4,'',1,2400,4,'',1
'23JN26-CPBlock-Saturday-12',10903,83600,4,'',1,6400,4,'',1,2400,4,'',1,2400,4,'',1,6400,4,'',1,2400,4,'',1,6400,4,'',1,2500,4,'',1,2000,4,'',1,6000,4,'',1,2000,4,'',1,2000,4,'',1,6000,4,'',1,2000,4,'',1,2000,4,'',1,6000,4,'',1,2000,4,'',1,2000,4,'',1,6000,4,'',1,2000,4,'',1,2000,4,'',1,6000,4,'',1,2000,4,'',1,2000,4,'',1,6000,4,'',1,2000,4,'',1,1800,4,'',1,6200,4,'',1,2000,4,'',1,2000,4,'',1,5900,4,'',1,2700,4,'',1,7000,4,'',1,3000,4,'',1,7000,4,'',1,2800,4,'',1,3000,4,'',1,7000,4,'',1,3000,4,'',1,7000,4,'',1
'23JN26-CPBlock-Sunday-13',10903,90900,4,'',1,2400,4,'',1,2400,4,'',1,6400,4,'',1,2500,4,'',1,6500,4,'',1,2400,4,'',1,2400,4,'',1,6500,4,'',1,2400,4,'',1,6400,4,'',1,2400,4,'',1,6400,4,'',1,2400,4,'',1,2400,4,'',1,6400,4,'',1,2400,4,'',1,6400,4,'',1,2400,4,'',1,2400,4,'',1,6400,4,'',1,2400,4,'',1,6400,4,'',1,2400,4,'',1,2300,4,'',1,6300,4,'',1,2300,4,'',1,2400,4,'',1,6400,4,'',1,2400,4,'',1,6300,4,'',1,2400,4,'',1,2300,4,'',1,6400,4,'',1,2400,4,'',1,6400,4,'',1,2400,4,'',1
'23JN26-CPBlock-Weekday-11',10903,61000,4,'',1,1700,4,'',1,1500,4,'',1,1600,4,'',1,5800,4,'',1,1700,4,'',1,1800,4,'',1,5700,4,'',1,1700,4,'',1,1600,4,'',1,1600,4,'',1,5600,4,'',1,1500,4,'',1,1700,4,'',1,5600,4,'',1,1600,4,'',1,2200,4,'',1,6300,4,'',1,2100,4,'',1,2100,4,'',1,6100,4,'',1,2100,4,'',1,2100,4,'',1,6100,4,'',1,2200,4,'',1,2100,4,'',1,6000,4,'',1,2200,4,'',1,2300,4,'',1,4900,4,'',1,900,4,'',1,900,4,'',1,800,4,'',1,1700,4,'',1,1100,4,'',1,4700,4,'',1,1000,4,'',1,1100,4,'',1,1100,4,'',1,1000,4,'',1,900,4,'',1,4800,4,'',1,800,4,'',1,900,4,'',1,800,4,'',1,800,4,'',1,1000,4,'',1,1000,4,'',1,4700,4,'',1,900,4,'',1,900,4,'',1,500,4,'',1,1000,4,'',1,1700,4,'',1,5600,4,'',1,1100,4,'',1,600,4,'',1,1600,4,'',1,5600,4,'',1,1600,4,'',1,1500,4,'',1,1700,4,'',1,5700,4,'',1,1700,4,'',1,2300,4,'',1,6100,4,'',1,2000,4,'',1,2100,4,'',1,6000,4,'',1,2000,4,'',1,2000,4,'',1,6200,4,'',1
