'23SE04-CPBlock-Holiday1-16',2001,72500,,'',1,3400,,'',1,7400,,'',1,7300,,'',1,3400,,'',1,7400,,'',1,3400,,'',1,7400,,'',1,3400,,'',1,7400,,'',1,7400,,'',1,3400,,'',1,7400,,'',1,3400,,'',1,7400,,'',1,3400,,'',1,7400,,'',1,7400,,'',1,3400,,'',1,7400,,'',1,3400,,'',1,7500,,'',1,3500,,'',1
'23SE04-CPBlock-Holiday1-16',2002,85400,4,'',1,7300,4,'',1,7500,4,'',1,3600,4,'',1,7400,4,'',1,3400,4,'',1,7400,4,'',1,3400,4,'',1,7400,4,'',1,7400,4,'',1,3400,4,'',1,7400,4,'',1,3400,4,'',1,7400,4,'',1,3400,4,'',1,7400,4,'',1,7400,4,'',1,3300,4,'',1,7400,4,'',1,3400,4,'',1,7400,4,'',1,3600,4,'',1,7500,4,'',1
'23SE04-CPBlock-Holiday2-15',2001,60600,,'',1,2500,,'',1,2500,,'',1,6400,,'',1,2400,,'',1,6400,,'',1,2500,,'',1,2600,,'',1,6600,,'',1,2600,,'',1,6600,,'',1,2600,,'',1,6600,,'',1,2600,,'',1,6600,,'',1,2600,,'',1,2600,,'',1,6600,,'',1,2600,,'',1,6600,,'',1,2600,,'',1,6600,,'',1,2600,,'',1,2600,,'',1,6600,,'',1,2600,,'',1,6600,,'',1,2600,,'',1,6600,,'',1,2600,,'',1,2600,,'',1,6600,,'',1,2600,,'',1,6500,,'',1,2500,,'',1,6400,,'',1,2400,,'',1,2400,,'',1,6500,,'',1,2500,,'',1
'23SE04-CPBlock-Holiday2-15',2002,73200,4,'',1,2500,4,'',1,6500,4,'',1,2700,4,'',1,6600,4,'',1,2700,4,'',1,6500,4,'',1,2600,4,'',1,2600,4,'',1,6600,4,'',1,2600,4,'',1,6600,4,'',1,2600,4,'',1,6600,4,'',1,2600,4,'',1,6600,4,'',1,2600,4,'',1,2700,4,'',1,6600,4,'',1,2600,4,'',1,6600,4,'',1,2600,4,'',1,6600,4,'',1,2600,4,'',1,2600,4,'',1,6500,4,'',1,2400,4,'',1,6500,4,'',1,2600,4,'',1,6600,4,'',1,2500,4,'',1,2500,4,'',1,6500,4,'',1,2500,4,'',1,6400,4,'',1,2400,4,'',1,2400,4,'',1,6300,4,'',1,2500,4,'',1,6600,4,'',1
'23SE04-CPBlock-Saturday-12',2001,60600,,'',1,2500,,'',1,2500,,'',1,6400,,'',1,2400,,'',1,6400,,'',1,2500,,'',1,2600,,'',1,6600,,'',1,2600,,'',1,6600,,'',1,2600,,'',1,6600,,'',1,2600,,'',1,6600,,'',1,2600,,'',1,2600,,'',1,6600,,'',1,2600,,'',1,6600,,'',1,2600,,'',1,6600,,'',1,2600,,'',1,2600,,'',1,6600,,'',1,2600,,'',1,6600,,'',1,2600,,'',1,6600,,'',1,2600,,'',1,2600,,'',1,6600,,'',1,2600,,'',1,6500,,'',1,2500,,'',1,6400,,'',1,2400,,'',1,2400,,'',1,6500,,'',1,2500,,'',1
'23SE04-CPBlock-Saturday-12',2002,73200,4,'',1,2500,4,'',1,6500,4,'',1,2700,4,'',1,6600,4,'',1,2700,4,'',1,6500,4,'',1,2600,4,'',1,2600,4,'',1,6600,4,'',1,2600,4,'',1,6600,4,'',1,2600,4,'',1,6600,4,'',1,2600,4,'',1,6600,4,'',1,2600,4,'',1,2700,4,'',1,6600,4,'',1,2600,4,'',1,6600,4,'',1,2600,4,'',1,6600,4,'',1,2600,4,'',1,2600,4,'',1,6500,4,'',1,2400,4,'',1,6500,4,'',1,2600,4,'',1,6600,4,'',1,2500,4,'',1,2500,4,'',1,6500,4,'',1,2500,4,'',1,6400,4,'',1,2400,4,'',1,2400,4,'',1,6300,4,'',1,2500,4,'',1,6600,4,'',1
'23SE04-CPBlock-Sunday-13',2001,72500,,'',1,3400,,'',1,7400,,'',1,7300,,'',1,3400,,'',1,7400,,'',1,3400,,'',1,7400,,'',1,3400,,'',1,7400,,'',1,7400,,'',1,3400,,'',1,7400,,'',1,3400,,'',1,7400,,'',1,3400,,'',1,7400,,'',1,7400,,'',1,3400,,'',1,7400,,'',1,3400,,'',1,7500,,'',1,3500,,'',1
'23SE04-CPBlock-Sunday-13',2002,85400,4,'',1,7300,4,'',1,7500,4,'',1,3600,4,'',1,7400,4,'',1,3400,4,'',1,7400,4,'',1,3400,4,'',1,7400,4,'',1,7400,4,'',1,3400,4,'',1,7400,4,'',1,3400,4,'',1,7400,4,'',1,3400,4,'',1,7400,4,'',1,7400,4,'',1,3300,4,'',1,7400,4,'',1,3400,4,'',1,7400,4,'',1,3600,4,'',1,7500,4,'',1
'23SE04-CPBlock-Weekday-11',2001,45100,,'',1,6000,,'',1,2000,,'',1,2000,,'',1,5000,,'',1,1000,,'',1,2000,,'',1,2000,,'',1,6000,,'',1,1000,,'',1,1000,,'',1,2000,,'',1,6000,,'',1,1000,,'',1,1000,,'',1,1900,,'',1,6100,,'',1,2300,,'',1,2500,,'',1,6500,,'',1,2400,,'',1,6400,,'',1,2500,,'',1,6500,,'',1,2500,,'',1,2400,,'',1,5600,,'',1,1600,,'',1,1600,,'',1,1600,,'',1,5600,,'',1,1600,,'',1,1700,,'',1,5700,,'',1,1700,,'',1,1700,,'',1,1600,,'',1,5800,,'',1,1700,,'',1,1800,,'',1,5800,,'',1,1700,,'',1,1600,,'',1,1600,,'',1,5700,,'',1,1700,,'',1,1700,,'',1,1700,,'',1,5700,,'',1,1700,,'',1,1800,,'',1,5800,,'',1,3300,,'',1,7000,,'',1,3000,,'',1,7000,,'',1,2900,,'',1,6900,,'',1,2800,,'',1,6800,,'',1,2600,,'',1
'23SE04-CPBlock-Weekday-11',2002,52800,4,'',1,2900,4,'',1,6000,4,'',1,2200,4,'',1,6200,4,'',1,2000,4,'',1,2300,4,'',1,5900,4,'',1,1900,4,'',1,2000,4,'',1,6000,4,'',1,2000,4,'',1,2000,4,'',1,1600,4,'',1,5900,4,'',1,2400,4,'',1,6400,4,'',1,2500,4,'',1,2500,4,'',1,6400,4,'',1,2500,4,'',1,6500,4,'',1,2600,4,'',1,6600,4,'',1,1900,4,'',1,1700,4,'',1,1700,4,'',1,5700,4,'',1,1800,4,'',1,1800,4,'',1,5500,4,'',1,1600,4,'',1,900,4,'',1,900,4,'',1,1900,4,'',1,5700,4,'',1,1600,4,'',1,1600,4,'',1,5700,4,'',1,1700,4,'',1,1700,4,'',1,1700,4,'',1,5700,4,'',1,1600,4,'',1,1600,4,'',1,1700,4,'',1,5500,4,'',1,1700,4,'',1,1700,4,'',1,5700,4,'',1,1400,4,'',1,1600,4,'',1,7000,4,'',1,3000,4,'',1,6900,4,'',1,2800,4,'',1,2800,4,'',1,6600,4,'',1,2800,4,'',1,6800,4,'',1,2600,4,'',1
