'23SE04-CPBlock-Holiday1-16',101,63100,,'',1,7400,,'',1,3600,,'',1,7400,,'',1,3500,,'',1,7700,,'',1,7700,,'',1,4000,,'',1,7900,,'',1,7800,,'',1,4200,,'',1,8200,,'',1,8100,,'',1,4100,,'',1,8100,,'',1,8100,,'',1,4100,,'',1,8100,,'',1,8000,,'',1,4200,,'',1,7800,,'',1,7300,,'',1,3600,,'',1,7600,,'',1,3400,,'',1,7400,,'',1,3400,,'',1,7400,,'',1,7300,,'',1,3300,,'',1,7200,,'',1,3200,,'',1,7200,,'',1
'23SE04-CPBlock-Holiday1-16',102,62800,4,'',1,7300,4,'',1,3500,4,'',1,7300,4,'',1,3700,4,'',1,7600,4,'',1,3600,4,'',1,8100,4,'',1,7900,4,'',1,3900,4,'',1,8100,4,'',1,8200,4,'',1,8100,4,'',1,4200,4,'',1,8100,4,'',1,8100,4,'',1,4100,4,'',1,8100,4,'',1,8000,4,'',1,4200,4,'',1,7700,4,'',1,7400,4,'',1,3600,4,'',1,7600,4,'',1,3200,4,'',1,7300,4,'',1,3400,4,'',1,7400,4,'',1,3400,4,'',1,7400,4,'',1,7300,4,'',1,3200,4,'',1,7200,4,'',1
'23SE04-CPBlock-Holiday2-15',101,41100,,'',1,2600,,'',1,6500,,'',1,2500,,'',1,2500,,'',1,6500,,'',1,2500,,'',1,6500,,'',1,2500,,'',1,2500,,'',1,6600,,'',1,2500,,'',1,6500,,'',1,2700,,'',1,7100,,'',1,3000,,'',1,7100,,'',1,2900,,'',1,7100,,'',1,3100,,'',1,7200,,'',1,3200,,'',1,7200,,'',1,3100,,'',1,7100,,'',1,3100,,'',1,7100,,'',1,3100,,'',1,7100,,'',1,3100,,'',1,6900,,'',1,3100,,'',1,6800,,'',1,2800,,'',1,6400,,'',1,2600,,'',1,6800,,'',1,3800,,'',1,8100,,'',1,8200,,'',1,4200,,'',1,8200,,'',1,8000,,'',1,4100,,'',1,8000,,'',1
'23SE04-CPBlock-Holiday2-15',102,40700,4,'',1,2500,4,'',1,2500,4,'',1,6500,4,'',1,2500,4,'',1,6600,4,'',1,2500,4,'',1,6500,4,'',1,2400,4,'',1,2500,4,'',1,6500,4,'',1,2500,4,'',1,6500,4,'',1,2800,4,'',1,7000,4,'',1,3000,4,'',1,6900,4,'',1,3000,4,'',1,7100,4,'',1,3200,4,'',1,7200,4,'',1,3200,4,'',1,7200,4,'',1,3100,4,'',1,7200,4,'',1,3200,4,'',1,7100,4,'',1,2900,4,'',1,7000,4,'',1,3100,4,'',1,7100,4,'',1,3100,4,'',1,6800,4,'',1,2500,4,'',1,6600,4,'',1,2700,4,'',1,6700,4,'',1,3900,4,'',1,7600,4,'',1,8500,4,'',1,4200,4,'',1,8100,4,'',1,8200,4,'',1,4100,4,'',1,8200,4,'',1,2100,4,'',1
'23SE04-CPBlock-Saturday-12',101,41100,,'',1,2600,,'',1,6500,,'',1,2500,,'',1,2500,,'',1,6500,,'',1,2500,,'',1,6500,,'',1,2500,,'',1,2500,,'',1,6600,,'',1,2500,,'',1,6500,,'',1,2700,,'',1,7100,,'',1,3000,,'',1,7100,,'',1,2900,,'',1,7100,,'',1,3100,,'',1,7200,,'',1,3200,,'',1,7200,,'',1,3100,,'',1,7100,,'',1,3100,,'',1,7100,,'',1,3100,,'',1,7100,,'',1,3100,,'',1,6900,,'',1,3100,,'',1,6800,,'',1,2800,,'',1,6400,,'',1,2600,,'',1,6800,,'',1,3800,,'',1,8100,,'',1,8200,,'',1,4200,,'',1,8200,,'',1,8000,,'',1,4100,,'',1,8000,,'',1
'23SE04-CPBlock-Saturday-12',102,40700,4,'',1,2500,4,'',1,2500,4,'',1,6500,4,'',1,2500,4,'',1,6600,4,'',1,2500,4,'',1,6500,4,'',1,2400,4,'',1,2500,4,'',1,6500,4,'',1,2500,4,'',1,6500,4,'',1,2800,4,'',1,7000,4,'',1,3000,4,'',1,6900,4,'',1,3000,4,'',1,7100,4,'',1,3200,4,'',1,7200,4,'',1,3200,4,'',1,7200,4,'',1,3100,4,'',1,7200,4,'',1,3200,4,'',1,7100,4,'',1,2900,4,'',1,7000,4,'',1,3100,4,'',1,7100,4,'',1,3100,4,'',1,6800,4,'',1,2500,4,'',1,6600,4,'',1,2700,4,'',1,6700,4,'',1,3900,4,'',1,7600,4,'',1,8500,4,'',1,4200,4,'',1,8100,4,'',1,8200,4,'',1,4100,4,'',1,8200,4,'',1,2100,4,'',1
'23SE04-CPBlock-Sunday-13',101,63100,,'',1,7400,,'',1,3600,,'',1,7400,,'',1,3500,,'',1,7700,,'',1,7700,,'',1,4000,,'',1,7900,,'',1,7800,,'',1,4200,,'',1,8200,,'',1,8100,,'',1,4100,,'',1,8100,,'',1,8100,,'',1,4100,,'',1,8100,,'',1,8000,,'',1,4200,,'',1,7800,,'',1,7300,,'',1,3600,,'',1,7600,,'',1,3400,,'',1,7400,,'',1,3400,,'',1,7400,,'',1,7300,,'',1,3300,,'',1,7200,,'',1,3200,,'',1,7200,,'',1
'23SE04-CPBlock-Sunday-13',102,62800,4,'',1,7300,4,'',1,3500,4,'',1,7300,4,'',1,3700,4,'',1,7600,4,'',1,3600,4,'',1,8100,4,'',1,7900,4,'',1,3900,4,'',1,8100,4,'',1,8200,4,'',1,8100,4,'',1,4200,4,'',1,8100,4,'',1,8100,4,'',1,4100,4,'',1,8100,4,'',1,8000,4,'',1,4200,4,'',1,7700,4,'',1,7400,4,'',1,3600,4,'',1,7600,4,'',1,3200,4,'',1,7300,4,'',1,3400,4,'',1,7400,4,'',1,3400,4,'',1,7400,4,'',1,7300,4,'',1,3200,4,'',1,7200,4,'',1
'23SE04-CPBlock-Weekday-11',101,20200,,'',1,3800,,'',1,6600,,'',1,1900,,'',1,2100,,'',1,6100,,'',1,1300,,'',1,1200,,'',1,900,,'',1,1400,,'',1,6000,,'',1,1900,,'',1,2000,,'',1,6100,,'',1,1600,,'',1,2100,,'',1,6300,,'',1,2400,,'',1,6400,,'',1,2300,,'',1,2500,,'',1,6500,,'',1,3500,,'',1,8000,,'',1,8000,,'',1,4300,,'',1,8100,,'',1,8200,,'',1,2000,,'',1,6700,,'',1,3900,,'',1,5700,,'',1,2500,,'',1,2300,,'',1,6500,,'',1,2100,,'',1,2400,,'',1,6800,,'',1,2700,,'',1,6500,,'',1,2200,,'',1,6400,,'',1,2000,,'',1,2100,,'',1,6800,,'',1,900,,'',1,2600,,'',1,5500,,'',1,2000,,'',1,3400,,'',1,7300,,'',1,7200,,'',1,3200,,'',1,7400,,'',1,2000,,'',1,1600,,'',1,6500,,'',1,900,,'',1,2100,,'',1,1100,,'',1,6000,,'',1,2600,,'',1,6900,,'',1
'23SE04-CPBlock-Weekday-11',102,15800,4,'',1,7700,4,'',1,6700,4,'',1,1400,4,'',1,2600,4,'',1,1300,4,'',1,6100,4,'',1,600,4,'',1,1500,4,'',1,500,4,'',1,6300,4,'',1,2100,4,'',1,1500,4,'',1,6400,4,'',1,2200,4,'',1,900,4,'',1,6500,4,'',1,2500,4,'',1,2600,4,'',1,6400,4,'',1,2100,4,'',1,6400,4,'',1,2000,4,'',1,2100,4,'',1,6400,4,'',1,2400,4,'',1,2400,4,'',1,8800,4,'',1,8100,4,'',1,8300,4,'',1,2700,4,'',1,1400,4,'',1,8300,4,'',1,2600,4,'',1,5600,4,'',1,2200,4,'',1,2300,4,'',1,6600,4,'',1,2400,4,'',1,6500,4,'',1,2400,4,'',1,6500,4,'',1,2600,4,'',1,2300,4,'',1,5900,4,'',1,2400,4,'',1,2100,4,'',1,5900,4,'',1,1900,4,'',1,2100,4,'',1,5700,4,'',1,3100,4,'',1,7200,4,'',1,3300,4,'',1,7300,4,'',1,3100,4,'',1,6900,4,'',1,1600,4,'',1,1800,4,'',1,5600,4,'',1,1600,4,'',1,1600,4,'',1,6000,4,'',1,2600,4,'',1,7500,4,'',1
'23SE04-CPBlock-Weekday-11',10101,44500,,'',1,6200,,'',1,2200,,'',1,2200,,'',1,5900,,'',1,2200,,'',1,2000,,'',1,5500,,'',1,2000,,'',1,2100,,'',1,6400,,'',1,2300,,'',1,2300,,'',1,45000,,'',1,2900,,'',1,6500,,'',1,2300,,'',1,2600,,'',1,6500,,'',1,2500,,'',1,6500,,'',1,2500,,'',1,2600,,'',1,6600,,'',1,2500,,'',1,6500,,'',1,2400,,'',1,6600,,'',1,2300,,'',1,2300,,'',1
'23SE04-CPBlock-Weekday-11',10102,60200,4,'',1,2400,4,'',1,2300,4,'',1,6900,4,'',1,2400,4,'',1,6300,4,'',1,2500,4,'',1,2400,4,'',1,6500,4,'',1,2500,4,'',1,47500,4,'',1,2400,4,'',1,6900,4,'',1,2400,4,'',1,6600,4,'',1,2500,4,'',1,2500,4,'',1,6600,4,'',1,2600,4,'',1,6400,4,'',1,2200,4,'',1,2300,4,'',1,6400,4,'',1,2300,4,'',1,6000,4,'',1,2000,4,'',1,2100,4,'',1,6100,4,'',1
