'23DE25-CPBlock-Weekday-11',1801,52500,4,'',1,1100,4,'',2,1100,4,'',1,5300,4,'',2,1100,4,'',1,2400,4,'',1,2400,4,'',1,5200,4,'',2,1300,4,'',1,1300,4,'',2,1300,4,'',1,6500,4,'',1,2300,4,'',1,1200,4,'',2,5100,4,'',1,1200,4,'',2,1200,4,'',1,38500,4,'',1,1100,4,'',2,1200,4,'',1,1100,4,'',2,1200,4,'',1,5100,4,'',2,4500,4,'',1,5300,4,'',2,1200,4,'',1,1200,4,'',2,1300,4,'',1,1200,4,'',2,9200,4,'',1,1300,4,'',2,5200,4,'',1,1300,4,'',2,1200,4,'',1,1300,4,'',2,8900,4,'',1,1200,4,'',2,5200,4,'',1,1000,4,'',2,1100,4,'',1
'23DE25-CPBlock-Weekday-11',1802,53200,,'',1,1100,,'',2,1200,,'',1,5200,,'',2,1200,,'',1,2400,,'',1,6400,,'',1,1200,,'',2,1200,,'',1,1300,,'',2,1300,,'',1,6500,,'',1,2400,,'',1,1200,,'',2,5200,,'',1,1200,,'',2,1200,,'',1,38500,,'',1,1100,,'',2,1100,,'',1,1100,,'',2,5100,,'',1,1100,,'',2,8600,,'',1,1200,,'',2,1200,,'',1,1200,,'',2,1300,,'',1,5300,,'',2,5200,,'',1,5300,,'',2,1200,,'',1,1200,,'',2,1200,,'',1,1200,,'',2,9100,,'',1,1200,,'',2,5200,,'',1,1000,,'',2
'23DE25-MABlock-Weekday-21',1801,62300,4,'',2,2400,4,'',2,15600,4,'',2,2400,4,'',2,11100,4,'',2,48100,4,'',1,1100,4,'',2,1100,4,'',1,16600,4,'',1,1300,4,'',2,1300,4,'',1,16900,4,'',1,1200,4,'',2,1300,4,'',1
'23DE25-MABlock-Weekday-21',1802,63100,,'',2,2400,,'',2,15500,,'',2,2400,,'',2,41400,,'',1,1000,,'',2,5000,,'',1,11700,,'',1,1100,,'',2,1200,,'',1,16700,,'',1,1300,,'',2,1300,,'',1,16700,,'',1,1300,,'',2,1300,,'',1
'24JA08-CPBlock-Weekday-11',1801,55400,4,'',1,5200,4,'',1,1200,4,'',1,1300,4,'',1,1400,4,'',1,1300,4,'',1,7700,4,'',1,1300,4,'',1,5300,4,'',1,1300,4,'',1,1300,4,'',1,1300,4,'',1,7800,4,'',1,1300,4,'',1,1300,4,'',1,39200,4,'',1,1200,4,'',1,1100,4,'',1,5200,4,'',1,2600,4,'',1,1300,4,'',1,8000,4,'',1,1200,4,'',1,1300,4,'',1,5300,4,'',1,2600,4,'',1,1300,4,'',1,7900,4,'',1,1300,4,'',1,1200,4,'',1,5200,4,'',1,2500,4,'',1,1300,4,'',1,7600,4,'',1,1100,4,'',1
'24JA08-CPBlock-Weekday-11',1802,60000,,'',1,1200,,'',1,1300,,'',1,1300,,'',1,1300,,'',1,5300,,'',1,3900,,'',1,1300,,'',1,5300,,'',1,1300,,'',1,1300,,'',1,1300,,'',1,7800,,'',1,1200,,'',1,31800,,'',1,5200,,'',1,3600,,'',1,1200,,'',1,5200,,'',1,1200,,'',1,2400,,'',1,1300,,'',1,7900,,'',1,1300,,'',1,5300,,'',1,1300,,'',1,2600,,'',1,1300,,'',1,7900,,'',1,1200,,'',1,1200,,'',1,5200,,'',1,2600,,'',1,1300,,'',1,7500,,'',1
'24JA08-MABlock-Weekday-21',1801,53000,4,'',1,1200,4,'',1,16900,4,'',1,1200,4,'',1,13000,4,'',1,5300,4,'',1,40700,4,'',1,1100,4,'',1,9900,4,'',1,8100,4,'',1,1300,4,'',1,10400,4,'',1,7900,4,'',1,1300,4,'',1,10300,4,'',1,3800,4,'',1,5100,4,'',1
'24JA08-MABlock-Weekday-21',1802,53600,,'',1,1200,,'',1,16900,,'',1,1300,,'',1,17100,,'',1,1300,,'',1,33000,,'',1,7600,,'',1,1200,,'',1,10000,,'',1,7800,,'',1,1300,,'',1,10500,,'',1,7900,,'',1,1300,,'',1,10200,,'',1,7900,,'',1,1100,,'',1
'23DE25-CPBlock-Weekday-11',4201,43800,4,'',1,1400,4,'',1,5400,4,'',1,1400,4,'',1,1400,4,'',1,1200,4,'',1,5600,4,'',1,1400,4,'',1,1300,4,'',1,1200,4,'',1,1500,4,'',1,5300,4,'',1,1200,4,'',1,1200,4,'',1,1200,4,'',1,1200,4,'',1,5200,4,'',1,1200,4,'',1,1200,4,'',1,1300,4,'',1,1200,4,'',1,5300,4,'',1,1200,4,'',1,1200,4,'',1,1300,4,'',1,1100,4,'',1,5200,4,'',1,1300,4,'',1,1100,4,'',1,1300,4,'',1,5300,4,'',1,1200,4,'',1,1200,4,'',1,1200,4,'',1,1200,4,'',1,5200,4,'',1,1300,4,'',1,1300,4,'',1,1300,4,'',1,1300,4,'',1,5300,4,'',1,1200,4,'',1,1200,4,'',1,1300,4,'',1,1300,4,'',1,5600,4,'',1,1400,4,'',1,1400,4,'',1,1400,4,'',1,5400,4,'',1,1400,4,'',1,1500,4,'',1,1200,4,'',1,5200,4,'',1,1200,4,'',1,1300,4,'',1,1300,4,'',1,1300,4,'',1,5300,4,'',1,1300,4,'',1,1300,4,'',1,1300,4,'',1,1200,4,'',1,5200,4,'',1,1300,4,'',1,1100,4,'',1,1200,4,'',1,1200,4,'',1,5100,4,'',1,1300,4,'',1,900,4,'',1,1200,4,'',1,1200,4,'',1,5200,4,'',1,1200,4,'',1,1300,4,'',1,1200,4,'',1,1100,4,'',1,5200,4,'',1,1200,4,'',1,1200,4,'',1,1200,4,'',1,1200,4,'',1,5300,4,'',1,1300,4,'',1,1300,4,'',1,1300,4,'',1,1300,4,'',1,5300,4,'',1,1300,4,'',1,1300,4,'',1,1300,4,'',1,5300,4,'',1,1300,4,'',1,1200,4,'',1,1200,4,'',1,1200,4,'',1,5200,4,'',1,1200,4,'',1,1200,4,'',1,1200,4,'',1,1200,4,'',1,5200,4,'',1,1100,4,'',1,1100,4,'',1
'23DE25-CPBlock-Weekday-11',4202,40900,,'',1,1400,,'',1,1400,,'',1,1200,,'',1,5200,,'',1,1300,,'',1,1300,,'',1,1300,,'',1,1200,,'',1,5000,,'',1,1200,,'',1,1200,,'',1,1200,,'',1,1200,,'',1,5200,,'',1,1300,,'',1,1300,,'',1,1300,,'',1,1300,,'',1,5200,,'',1,1200,,'',1,1200,,'',1,1200,,'',1,1200,,'',1,5200,,'',1,1200,,'',1,1200,,'',1,1200,,'',1,1300,,'',1,5300,,'',1,1300,,'',1,1300,,'',1,1300,,'',1,5300,,'',1,1300,,'',1,1200,,'',1,1200,,'',1,1200,,'',1,5200,,'',1,1200,,'',1,1200,,'',1,1200,,'',1,1200,,'',1,5200,,'',1,1200,,'',1,1200,,'',1,1200,,'',1,1200,,'',1,5300,,'',1,1300,,'',1,1200,,'',1,1200,,'',1,1200,,'',1,5300,,'',1,1300,,'',1,1300,,'',1,1300,,'',1,1300,,'',1,5300,,'',1,1300,,'',1,1300,,'',1,1300,,'',1,5300,,'',1,1300,,'',1,1300,,'',1,1300,,'',1,1300,,'',1,5300,,'',1,1200,,'',1,1200,,'',1,1200,,'',1,1200,,'',1,5200,,'',1,1100,,'',1,1200,,'',1,1200,,'',1,1200,,'',1,5200,,'',1,1200,,'',1,1300,,'',1,1300,,'',1,1300,,'',1,5300,,'',1,1300,,'',1,1300,,'',1,1300,,'',1,5300,,'',1,1300,,'',1,1300,,'',1,1300,,'',1,1300,,'',1,5300,,'',1,1300,,'',1,1300,,'',1,1300,,'',1,1200,,'',1,5200,,'',1,1200,,'',1,1200,,'',1,1200,,'',1,1200,,'',1
'23DE25-MABlock-Holiday1-25',4201,61900,4,'',1,1500,4,'',1,1700,4,'',1,5700,4,'',1,1700,4,'',1,1600,4,'',1,1600,4,'',1,5700,4,'',1,1600,4,'',1,1600,4,'',1,5700,4,'',1,1700,4,'',1,1700,4,'',1,1700,4,'',1,5800,4,'',1,1700,4,'',1,1700,4,'',1,5800,4,'',1,1700,4,'',1,1700,4,'',1,1700,4,'',1,5700,4,'',1,1700,4,'',1,1700,4,'',1,5700,4,'',1,1800,4,'',1,1900,4,'',1,1700,4,'',1,5700,4,'',1,1800,4,'',1,1800,4,'',1,5900,4,'',1,1800,4,'',1,1800,4,'',1,5800,4,'',1,1800,4,'',1,1800,4,'',1,1800,4,'',1,5800,4,'',1,1800,4,'',1,1800,4,'',1,5800,4,'',1,1800,4,'',1,1800,4,'',1,5700,4,'',1,1600,4,'',1,1600,4,'',1,1800,4,'',1,5700,4,'',1,1700,4,'',1,1600,4,'',1,1700,4,'',1,5700,4,'',1,1700,4,'',1,1700,4,'',1,5700,4,'',1,1600,4,'',1,1600,4,'',1,1600,4,'',1,5500,4,'',1,1700,4,'',1,1700,4,'',1,5600,4,'',1
'23DE25-MABlock-Holiday1-25',4202,61000,,'',1,1600,,'',1,1600,,'',1,1600,,'',1,5700,,'',1,1700,,'',1,1700,,'',1,5700,,'',1,1600,,'',1,1600,,'',1,1600,,'',1,5700,,'',1,1700,,'',1,1700,,'',1,5700,,'',1,1700,,'',1,1700,,'',1,1700,,'',1,5700,,'',1,1700,,'',1,1700,,'',1,5700,,'',1,1700,,'',1,1700,,'',1,1700,,'',1,5700,,'',1,1800,,'',1,1800,,'',1,5800,,'',1,1800,,'',1,1800,,'',1,1800,,'',1,5800,,'',1,1800,,'',1,1800,,'',1,5800,,'',1,1800,,'',1,1800,,'',1,5800,,'',1,1800,,'',1,1800,,'',1,1800,,'',1,5800,,'',1,1800,,'',1,1800,,'',1,5800,,'',1,1600,,'',1,1600,,'',1,1700,,'',1,5700,,'',1,1700,,'',1,1700,,'',1,5700,,'',1,1700,,'',1,1700,,'',1,1700,,'',1,5700,,'',1,1600,,'',1,1600,,'',1,5600,,'',1,1600,,'',1
'23DE25-MABlock-Saturday-22',4201,44700,4,'',1,6100,4,'',1,1500,4,'',1,1300,4,'',1,1200,4,'',1,1100,4,'',1,5300,4,'',1,1200,4,'',1,1100,4,'',1,1200,4,'',1,1200,4,'',1,5300,4,'',1,1300,4,'',1,1300,4,'',1,1500,4,'',1,5300,4,'',1,1300,4,'',1,1400,4,'',1,1400,4,'',1,5400,4,'',1,1400,4,'',1,1800,4,'',1,1600,4,'',1,5500,4,'',1,1600,4,'',1,1700,4,'',1,1600,4,'',1,5700,4,'',1,1600,4,'',1,1600,4,'',1,1600,4,'',1,5700,4,'',1,1700,4,'',1,1700,4,'',1,5700,4,'',1,1500,4,'',1,1500,4,'',1,1600,4,'',1,5500,4,'',1,1400,4,'',1,1400,4,'',1,1400,4,'',1,5400,4,'',1,1400,4,'',1,1400,4,'',1,1400,4,'',1,5500,4,'',1,1500,4,'',1,1500,4,'',1,1500,4,'',1,5500,4,'',1,1500,4,'',1,1400,4,'',1,1400,4,'',1,1400,4,'',1,5400,4,'',1,1400,4,'',1,1400,4,'',1,1400,4,'',1,5300,4,'',1,1600,4,'',1,1600,4,'',1,1900,4,'',1,5900,4,'',1,2200,4,'',1,6400,4,'',1,2300,4,'',1,2400,4,'',1,6500,4,'',1,2300,4,'',1,6400,4,'',1,2400,4,'',1,2400,4,'',1,6400,4,'',1,2400,4,'',1,6400,4,'',1
'23DE25-MABlock-Saturday-22',4202,45600,,'',1,6000,,'',1,1300,,'',1,1300,,'',1,1200,,'',1,5200,,'',1,1200,,'',1,1200,,'',1,1200,,'',1,1200,,'',1,5300,,'',1,1300,,'',1,1300,,'',1,1300,,'',1,1300,,'',1,5300,,'',1,1400,,'',1,1400,,'',1,1800,,'',1,5400,,'',1,1400,,'',1,1500,,'',1,1400,,'',1,5700,,'',1,1700,,'',1,1700,,'',1,5700,,'',1,1500,,'',1,1500,,'',1,1500,,'',1,5600,,'',1,1700,,'',1,1700,,'',1,1700,,'',1,5700,,'',1,1600,,'',1,1600,,'',1,5600,,'',1,1500,,'',1,1500,,'',1,1400,,'',1,1400,,'',1,5400,,'',1,1400,,'',1,1400,,'',1,1400,,'',1,5400,,'',1,1400,,'',1,1500,,'',1,1500,,'',1,5500,,'',1,1500,,'',1,1400,,'',1,1400,,'',1,5400,,'',1,1400,,'',1,1400,,'',1,1400,,'',1,5400,,'',1,1500,,'',1,1500,,'',1,1500,,'',1,5800,,'',1,1900,,'',1,2300,,'',1,6300,,'',1,2400,,'',1,2400,,'',1,6400,,'',1,2400,,'',1,6400,,'',1,2400,,'',1,2400,,'',1
'23DE25-MABlock-Sunday-23',4201,61900,4,'',1,1500,4,'',1,1700,4,'',1,5700,4,'',1,1700,4,'',1,1600,4,'',1,1600,4,'',1,5700,4,'',1,1600,4,'',1,1600,4,'',1,5700,4,'',1,1700,4,'',1,1700,4,'',1,1700,4,'',1,5800,4,'',1,1700,4,'',1,1700,4,'',1,5800,4,'',1,1700,4,'',1,1700,4,'',1,1700,4,'',1,5700,4,'',1,1700,4,'',1,1700,4,'',1,5700,4,'',1,1800,4,'',1,1900,4,'',1,1700,4,'',1,5700,4,'',1,1800,4,'',1,1800,4,'',1,5900,4,'',1,1800,4,'',1,1800,4,'',1,5800,4,'',1,1800,4,'',1,1800,4,'',1,1800,4,'',1,5800,4,'',1,1800,4,'',1,1800,4,'',1,5800,4,'',1,1800,4,'',1,1800,4,'',1,5700,4,'',1,1600,4,'',1,1600,4,'',1,1800,4,'',1,5700,4,'',1,1700,4,'',1,1600,4,'',1,1700,4,'',1,5700,4,'',1,1700,4,'',1,1700,4,'',1,5700,4,'',1,1600,4,'',1,1600,4,'',1,1600,4,'',1,5500,4,'',1,1700,4,'',1,1700,4,'',1,5600,4,'',1
'23DE25-MABlock-Sunday-23',4202,61000,,'',1,1600,,'',1,1600,,'',1,1600,,'',1,5700,,'',1,1700,,'',1,1700,,'',1,5700,,'',1,1600,,'',1,1600,,'',1,1600,,'',1,5700,,'',1,1700,,'',1,1700,,'',1,5700,,'',1,1700,,'',1,1700,,'',1,1700,,'',1,5700,,'',1,1700,,'',1,1700,,'',1,5700,,'',1,1700,,'',1,1700,,'',1,1700,,'',1,5700,,'',1,1800,,'',1,1800,,'',1,5800,,'',1,1800,,'',1,1800,,'',1,1800,,'',1,5800,,'',1,1800,,'',1,1800,,'',1,5800,,'',1,1800,,'',1,1800,,'',1,5800,,'',1,1800,,'',1,1800,,'',1,1800,,'',1,5800,,'',1,1800,,'',1,1800,,'',1,5800,,'',1,1600,,'',1,1600,,'',1,1700,,'',1,5700,,'',1,1700,,'',1,1700,,'',1,5700,,'',1,1700,,'',1,1700,,'',1,1700,,'',1,5700,,'',1,1600,,'',1,1600,,'',1,5600,,'',1,1600,,'',1
'24JA08-CPBlock-Weekday-11',4201,43900,4,'',1,1100,4,'',1,5200,4,'',1,1400,4,'',1,1100,4,'',1,1100,4,'',1,1300,4,'',1,5300,4,'',1,1300,4,'',1,1300,4,'',1,1400,4,'',1,1500,4,'',1,5400,4,'',1,1400,4,'',1,1400,4,'',1,1500,4,'',1,5600,4,'',1,1500,4,'',1,1500,4,'',1,1500,4,'',1,5400,4,'',1,1500,4,'',1,1400,4,'',1,1200,4,'',1,5400,4,'',1,1400,4,'',1,1400,4,'',1,1500,4,'',1,5400,4,'',1,1400,4,'',1,1400,4,'',1,1400,4,'',1,1400,4,'',1,5500,4,'',1,1400,4,'',1,1400,4,'',1,1400,4,'',1,5500,4,'',1,1400,4,'',1,1500,4,'',1,1500,4,'',1,5500,4,'',1,1600,4,'',1,1600,4,'',1,5800,4,'',1,1800,4,'',1,1200,4,'',1,1300,4,'',1,1200,4,'',1,5500,4,'',1,1500,4,'',1,1600,4,'',1,1500,4,'',1,5400,4,'',1,1400,4,'',1,1400,4,'',1,1300,4,'',1,5400,4,'',1,1100,4,'',1,1200,4,'',1,1200,4,'',1,1300,4,'',1,5300,4,'',1,1300,4,'',1,1300,4,'',1,1400,4,'',1,1300,4,'',1,5500,4,'',1,1200,4,'',1,1300,4,'',1,1200,4,'',1,5100,4,'',1,1100,4,'',1,1200,4,'',1,1500,4,'',1,1500,4,'',1,5500,4,'',1,1500,4,'',1,1400,4,'',1,1400,4,'',1,5300,4,'',1,1400,4,'',1,1500,4,'',1,1400,4,'',1,5300,4,'',1,1400,4,'',1,1400,4,'',1,1400,4,'',1,1400,4,'',1,5400,4,'',1,1300,4,'',1,1300,4,'',1,1400,4,'',1,5300,4,'',1,1300,4,'',1,1300,4,'',1
'24JA08-CPBlock-Weekday-11',4202,41300,,'',1,1100,,'',1,1100,,'',1,1200,,'',1,1200,,'',1,5200,,'',1,1200,,'',1,1200,,'',1,1300,,'',1,5300,,'',1,1400,,'',1,1400,,'',1,1400,,'',1,1400,,'',1,5400,,'',1,1400,,'',1,1300,,'',1,1200,,'',1,5300,,'',1,1500,,'',1,1500,,'',1,1500,,'',1,5500,,'',1,1400,,'',1,1500,,'',1,1400,,'',1,5400,,'',1,1400,,'',1,1400,,'',1,1400,,'',1,1400,,'',1,5400,,'',1,1400,,'',1,1400,,'',1,1400,,'',1,5400,,'',1,1500,,'',1,1400,,'',1,1300,,'',1,5500,,'',1,1500,,'',1,1500,,'',1,1500,,'',1,5500,,'',1,1500,,'',1,1400,,'',1,1300,,'',1,1400,,'',1,5400,,'',1,1400,,'',1,1300,,'',1,1200,,'',1,5400,,'',1,1400,,'',1,1400,,'',1,1500,,'',1,5500,,'',1,1400,,'',1,1400,,'',1,1400,,'',1,1300,,'',1,5300,,'',1,1300,,'',1,1200,,'',1,1200,,'',1,5300,,'',1,1300,,'',1,1300,,'',1,1400,,'',1,1400,,'',1,5300,,'',1,1200,,'',1,1100,,'',1,1400,,'',1,1300,,'',1,5100,,'',1,1100,,'',1,1100,,'',1,1500,,'',1,5500,,'',1,1500,,'',1,1500,,'',1,1400,,'',1,5400,,'',1,1400,,'',1,1400,,'',1,1400,,'',1,1400,,'',1,5400,,'',1,1400,,'',1,1400,,'',1,1400,,'',1
'24JA08-MABlock-Holiday1-24',4201,61000,4,'',1,1700,4,'',1,1800,4,'',1,5900,4,'',1,1800,4,'',1,1900,4,'',1,1800,4,'',1,5900,4,'',1,1900,4,'',1,1900,4,'',1,5800,4,'',1,2000,4,'',1,2000,4,'',1,6000,4,'',1,2000,4,'',1,2000,4,'',1,6000,4,'',1,2000,4,'',1,2000,4,'',1,6000,4,'',1,2100,4,'',1,2100,4,'',1,6000,4,'',1,2000,4,'',1,2000,4,'',1,6100,4,'',1,2100,4,'',1,2100,4,'',1,6000,4,'',1,2000,4,'',1,2000,4,'',1,6100,4,'',1,2100,4,'',1,6000,4,'',1,2000,4,'',1,2100,4,'',1,6000,4,'',1,2100,4,'',1,2100,4,'',1,5900,4,'',1,1900,4,'',1,1900,4,'',1,5900,4,'',1,2000,4,'',1,1900,4,'',1,2000,4,'',1,5900,4,'',1,1900,4,'',1,2000,4,'',1,5800,4,'',1,1800,4,'',1,1900,4,'',1,5900,4,'',1,1800,4,'',1,1800,4,'',1,5700,4,'',1,1600,4,'',1
'24JA08-MABlock-Holiday1-24',4202,55800,,'',1,5800,,'',1,1800,,'',1,1800,,'',1,5900,,'',1,1800,,'',1,1800,,'',1,5800,,'',1,1900,,'',1,2000,,'',1,5900,,'',1,1900,,'',1,2000,,'',1,5900,,'',1,2000,,'',1,2000,,'',1,6000,,'',1,2000,,'',1,2000,,'',1,6000,,'',1,2100,,'',1,2100,,'',1,6100,,'',1,2000,,'',1,2000,,'',1,6000,,'',1,2100,,'',1,2100,,'',1,6100,,'',1,2000,,'',1,2000,,'',1,6000,,'',1,2100,,'',1,2100,,'',1,6000,,'',1,2000,,'',1,2100,,'',1,6000,,'',1,2000,,'',1,2100,,'',1,6000,,'',1,2000,,'',1,2000,,'',1,5900,,'',1,1900,,'',1,1900,,'',1,5900,,'',1,1900,,'',1,1900,,'',1,5900,,'',1,1800,,'',1,1800,,'',1,1900,,'',1,5800,,'',1,1900,,'',1
'24JA08-MABlock-Saturday-22',4201,44800,4,'',1,5300,4,'',1,1300,4,'',1,1500,4,'',1,1200,4,'',1,1400,4,'',1,5400,4,'',1,1300,4,'',1,1600,4,'',1,1500,4,'',1,5400,4,'',1,1400,4,'',1,1500,4,'',1,1400,4,'',1,5400,4,'',1,1400,4,'',1,1600,4,'',1,1600,4,'',1,5600,4,'',1,1600,4,'',1,1800,4,'',1,1700,4,'',1,5700,4,'',1,1800,4,'',1,2000,4,'',1,5800,4,'',1,1900,4,'',1,1800,4,'',1,5900,4,'',1,1900,4,'',1,1900,4,'',1,6000,4,'',1,1800,4,'',1,1800,4,'',1,1600,4,'',1,5400,4,'',1,1400,4,'',1,1600,4,'',1,1700,4,'',1,5800,4,'',1,1800,4,'',1,1700,4,'',1,5600,4,'',1,1600,4,'',1,1600,4,'',1,1500,4,'',1,5600,4,'',1,1600,4,'',1,1600,4,'',1,1500,4,'',1,5700,4,'',1,1700,4,'',1,1500,4,'',1,5500,4,'',1,1500,4,'',1,1600,4,'',1,1400,4,'',1,5500,4,'',1,1800,4,'',1,2700,4,'',1,6800,4,'',1,2700,4,'',1,6900,4,'',1,2800,4,'',1,6800,4,'',1,2500,4,'',1,2700,4,'',1,6600,4,'',1,2700,4,'',1,6600,4,'',1
'24JA08-MABlock-Saturday-22',4202,45500,,'',1,5400,,'',1,1400,,'',1,1300,,'',1,1300,,'',1,5400,,'',1,1400,,'',1,1400,,'',1,1400,,'',1,5500,,'',1,1500,,'',1,1500,,'',1,1500,,'',1,5500,,'',1,1400,,'',1,1300,,'',1,1300,,'',1,1600,,'',1,5800,,'',1,1800,,'',1,1800,,'',1,5800,,'',1,1800,,'',1,1800,,'',1,5800,,'',1,1800,,'',1,1800,,'',1,1800,,'',1,5900,,'',1,1900,,'',1,1900,,'',1,5900,,'',1,1900,,'',1,1800,,'',1,5600,,'',1,1400,,'',1,1500,,'',1,1600,,'',1,5600,,'',1,1700,,'',1,1700,,'',1,1700,,'',1,5700,,'',1,1700,,'',1,1500,,'',1,5500,,'',1,1500,,'',1,1600,,'',1,1600,,'',1,5600,,'',1,1600,,'',1,1700,,'',1,1500,,'',1,5500,,'',1,1500,,'',1,1500,,'',1,1500,,'',1,5600,,'',1,1600,,'',1,2900,,'',1,6900,,'',1,2800,,'',1,6800,,'',1,2800,,'',1,6700,,'',1,2700,,'',1,6700,,'',1
'24JA08-MABlock-Sunday-23',4201,61000,4,'',1,1700,4,'',1,1800,4,'',1,5900,4,'',1,1800,4,'',1,1900,4,'',1,1800,4,'',1,5900,4,'',1,1900,4,'',1,1900,4,'',1,5800,4,'',1,2000,4,'',1,2000,4,'',1,6000,4,'',1,2000,4,'',1,2000,4,'',1,6000,4,'',1,2000,4,'',1,2000,4,'',1,6000,4,'',1,2100,4,'',1,2100,4,'',1,6000,4,'',1,2000,4,'',1,2000,4,'',1,6100,4,'',1,2100,4,'',1,2100,4,'',1,6000,4,'',1,2000,4,'',1,2000,4,'',1,6100,4,'',1,2100,4,'',1,6000,4,'',1,2000,4,'',1,2100,4,'',1,6000,4,'',1,2100,4,'',1,2100,4,'',1,5900,4,'',1,1900,4,'',1,1900,4,'',1,5900,4,'',1,2000,4,'',1,1900,4,'',1,2000,4,'',1,5900,4,'',1,1900,4,'',1,2000,4,'',1,5800,4,'',1,1800,4,'',1,1900,4,'',1,5900,4,'',1,1800,4,'',1,1800,4,'',1,5700,4,'',1,1600,4,'',1
'24JA08-MABlock-Sunday-23',4202,55800,,'',1,5800,,'',1,1800,,'',1,1800,,'',1,5900,,'',1,1800,,'',1,1800,,'',1,5800,,'',1,1900,,'',1,2000,,'',1,5900,,'',1,1900,,'',1,2000,,'',1,5900,,'',1,2000,,'',1,2000,,'',1,6000,,'',1,2000,,'',1,2000,,'',1,6000,,'',1,2100,,'',1,2100,,'',1,6100,,'',1,2000,,'',1,2000,,'',1,6000,,'',1,2100,,'',1,2100,,'',1,6100,,'',1,2000,,'',1,2000,,'',1,6000,,'',1,2100,,'',1,2100,,'',1,6000,,'',1,2000,,'',1,2100,,'',1,6000,,'',1,2000,,'',1,2100,,'',1,6000,,'',1,2000,,'',1,2000,,'',1,5900,,'',1,1900,,'',1,1900,,'',1,5900,,'',1,1900,,'',1,1900,,'',1,5900,,'',1,1800,,'',1,1800,,'',1,1900,,'',1,5800,,'',1,1900,,'',1
