'23AP24-CPBlock-Saturday-12',2903,51100,4,'',1,3300,4,'',1,7300,4,'',1,3300,4,'',1,7500,4,'',1,3400,4,'',1,7300,4,'',1,7300,4,'',1,3400,4,'',1,7400,4,'',1,3300,4,'',1,7300,4,'',1,3300,4,'',1,7300,4,'',1,3300,4,'',1,7400,4,'',1,7300,4,'',1,3300,4,'',1,7300,4,'',1,3300,4,'',1,7300,4,'',1,3400,4,'',1,7200,4,'',1,3200,4,'',1,7300,4,'',1,7300,4,'',1,3200,4,'',1,7300,4,'',1,3200,4,'',1,7200,4,'',1,3100,4,'',1,7200,4,'',1,3200,4,'',1,7200,4,'',1,3200,4,'',1,7000,4,'',1,3200,4,'',1,7200,4,'',1,3200,4,'',1
'23AP24-CPBlock-Sunday-13',2903,74200,4,'',1,8300,4,'',1,8200,4,'',1,4300,4,'',1,8200,4,'',1,8300,4,'',1,4200,4,'',1,8300,4,'',1,8200,4,'',1,8300,4,'',1,4200,4,'',1,8300,4,'',1,8200,4,'',1,4300,4,'',1,8200,4,'',1,8300,4,'',1,8200,4,'',1,4300,4,'',1,8200,4,'',1,8300,4,'',1,4200,4,'',1,8300,4,'',1,8200,4,'',1,8300,4,'',1,4700,4,'',1
'23AP24-CPBlock-Weekday-11',2903,53500,4,'',1,7600,4,'',1,3400,4,'',1,7500,4,'',1,3400,4,'',1,7400,4,'',1,7400,4,'',1,3400,4,'',1,7400,4,'',1,3400,4,'',1,7400,4,'',1,3400,4,'',1,7400,4,'',1,7400,4,'',1,3400,4,'',1,7400,4,'',1,3500,4,'',1,6800,4,'',1,700,4,'',1,3500,4,'',1,7400,4,'',1,7400,4,'',1,3400,4,'',1,7300,4,'',1,3300,4,'',1,7400,4,'',1,3300,4,'',1,7300,4,'',1,3300,4,'',1,7200,4,'',1,3000,4,'',1,7200,4,'',1,7200,4,'',1,3200,4,'',1,7100,4,'',1,3200,4,'',1,7200,4,'',1,3200,4,'',1
'23AP24-CPBlock-Saturday-12',4603,70900,,'',1,3500,,'',1,7500,,'',1,3500,,'',1,7500,,'',1,7500,,'',1,3500,,'',1,7500,,'',1,3500,,'',1,7500,,'',1,3500,,'',1,7500,,'',1,7500,,'',1,3500,,'',1,7500,,'',1,3500,,'',1,7500,,'',1,7500,,'',1,3500,,'',1,7500,,'',1,3500,,'',1,7500,,'',1,3500,,'',1,7500,,'',1,7500,,'',1,3400,,'',1,7400,,'',1
'23AP24-CPBlock-Saturday-12',4604,70700,4,'',1,3400,4,'',1,7400,4,'',1,3400,4,'',1,7400,4,'',1,3500,4,'',1,7600,4,'',1,7600,4,'',1,3600,4,'',1,7500,4,'',1,3500,4,'',1,7500,4,'',1,7500,4,'',1,3500,4,'',1,7500,4,'',1,3500,4,'',1,7500,4,'',1,7400,4,'',1,3500,4,'',1,7500,4,'',1,3300,4,'',1,7500,4,'',1,3500,4,'',1,7500,4,'',1,7500,4,'',1,3400,4,'',1,7400,4,'',1
'23AP24-CPBlock-Sunday-13',4603,75900,,'',1,7300,,'',1,7400,,'',1,3500,,'',1,7400,,'',1,3400,,'',1,7500,,'',1,3500,,'',1,7500,,'',1,7500,,'',1,3500,,'',1,7500,,'',1,3500,,'',1,7500,,'',1,7500,,'',1,3500,,'',1,7500,,'',1,3500,,'',1,7400,,'',1,3400,,'',1,7400,,'',1,7400,,'',1,3400,,'',1
'23AP24-CPBlock-Sunday-13',4604,74700,4,'',1,7500,4,'',1,3500,4,'',1,7500,4,'',1,7500,4,'',1,3500,4,'',1,7700,4,'',1,3500,4,'',1,7500,4,'',1,7500,4,'',1,3500,4,'',1,7500,4,'',1,3500,4,'',1,7500,4,'',1,3500,4,'',1,7500,4,'',1,7500,4,'',1,3500,4,'',1,7300,4,'',1,3500,4,'',1,7500,4,'',1,7300,4,'',1,3200,4,'',1,7200,4,'',1
'23AP24-CPBlock-Weekday-11',4603,51600,,'',1,3300,,'',1,7300,,'',1,3300,,'',1,7300,,'',1,7300,,'',1,3300,,'',1,7300,,'',1,3300,,'',1,7300,,'',1,3400,,'',1,7400,,'',1,3400,,'',1,7400,,'',1,7400,,'',1,3300,,'',1,7300,,'',1,3400,,'',1,7400,,'',1,3400,,'',1,7500,,'',1,7500,,'',1,3500,,'',1,7500,,'',1,3500,,'',1,7500,,'',1,3500,,'',1,7500,,'',1,7100,,'',1,3100,,'',1,7100,,'',1,3100,,'',1,7100,,'',1,3100,,'',1,7100,,'',1,3100,,'',1,7100,,'',1
'23AP24-CPBlock-Weekday-11',4604,50400,4,'',1,3400,4,'',1,7700,4,'',1,3600,4,'',1,7400,4,'',1,3300,4,'',1,5500,4,'',1,1800,4,'',1,7200,4,'',1,3300,4,'',1,7300,4,'',1,3400,4,'',1,7400,4,'',1,3400,4,'',1,7400,4,'',1,3400,4,'',1,7400,4,'',1,7400,4,'',1,3300,4,'',1,7400,4,'',1,3400,4,'',1,7300,4,'',1,3400,4,'',1,7500,4,'',1,7500,4,'',1,3500,4,'',1,7400,4,'',1,3500,4,'',1,7500,4,'',1,3400,4,'',1,7200,4,'',1,7100,4,'',1,3100,4,'',1,7100,4,'',1,3100,4,'',1,7000,4,'',1,3100,4,'',1,7100,4,'',1
'23AP24-CPBlock-Saturday-12',4803,52500,,'',1,7900,,'',1,3900,,'',1,7800,,'',1,7900,,'',1,3900,,'',1,7900,,'',1,3900,,'',1,7900,,'',1,7900,,'',1,3900,,'',1,7900,,'',1,7900,,'',1,3900,,'',1,7900,,'',1,7900,,'',1,3900,,'',1,7900,,'',1,7800,,'',1,3900,,'',1,7900,,'',1,7900,,'',1,3900,,'',1,7900,,'',1,3900,,'',1,7900,,'',1,7900,,'',1,3900,,'',1,7800,,'',1,8200,,'',1
'23AP24-CPBlock-Sunday-13',4803,81000,,'',1,3700,,'',1,7900,,'',1,7900,,'',1,3900,,'',1,7900,,'',1,7900,,'',1,3900,,'',1,7900,,'',1,3900,,'',1,7900,,'',1,7900,,'',1,3900,,'',1,7900,,'',1,7900,,'',1,3900,,'',1,7900,,'',1,7900,,'',1,3900,,'',1,7900,,'',1,7800,,'',1,3900,,'',1,8100,,'',1
'23AP24-CPBlock-Weekday-11',4803,51300,,'',1,3900,,'',1,8000,,'',1,7700,,'',1,3900,,'',1,7900,,'',1,7900,,'',1,3900,,'',1,7900,,'',1,7900,,'',1,3900,,'',1,7900,,'',1,7900,,'',1,3900,,'',1,7900,,'',1,4000,,'',1,7900,,'',1,7900,,'',1,3700,,'',1,7900,,'',1,8000,,'',1,3900,,'',1,7800,,'',1,7900,,'',1,3900,,'',1,7800,,'',1,7900,,'',1,3900,,'',1,8100,,'',1,8200,,'',1
