'23AP24-CPBlock-Weekday-11',1401,51000,,'',1,3000,,'',1,7300,,'',1,3000,,'',1,7800,,'',1,3000,,'',1,9700,,'',1,9400,,'',1,8500,,'',1,8500,,'',1,4500,,'',1,8500,,'',1,8500,,'',1,8500,,'',1,1900,,'',1,7600,,'',1,3300,,'',1,7900,,'',1,3900,,'',1,7300,,'',1,7900,,'',1,3500,,'',1,9200,,'',1,8400,,'',1,8500,,'',1,4500,,'',1,8500,,'',1
'23AP24-CPBlock-Weekday-11',1402,85500,4,'',1,8400,4,'',1,8400,4,'',1,8500,4,'',1,4500,4,'',1,8500,4,'',1,8500,4,'',1,8600,4,'',1,4800,4,'',1,100,4,'',1,44800,4,'',1,2900,4,'',1,8300,4,'',1,8400,4,'',1,4400,4,'',1,8500,4,'',1
'23AP24-CPBlock-Saturday-12',2301,51700,,'',1,2400,,'',1,6400,,'',1,2400,,'',1,2400,,'',1,6400,,'',1,2400,,'',1,6400,,'',1,2400,,'',1,2400,,'',1,6400,,'',1,2300,,'',1,6200,,'',1,2000,,'',1,1900,,'',1,5900,,'',1,1900,,'',1,1900,,'',1,1900,,'',1,5900,,'',1,1900,,'',1,1900,,'',1,5900,,'',1,1900,,'',1,1900,,'',1,5900,,'',1,1900,,'',1,1900,,'',1,5900,,'',1,1900,,'',1,1900,,'',1,5900,,'',1,1900,,'',1,1900,,'',1,5900,,'',1,1900,,'',1,1900,,'',1,1900,,'',1,6100,,'',1,2200,,'',1,6400,,'',1,2400,,'',1,2400,,'',1,6400,,'',1,2400,,'',1,6400,,'',1,2400,,'',1,2400,,'',1,6400,,'',1,2400,,'',1,6400,,'',1,2400,,'',1,2400,,'',1,6400,,'',1
'23AP24-CPBlock-Saturday-12',2302,55400,4,'',1,6400,4,'',1,2400,4,'',1,6400,4,'',1,2500,4,'',1,2700,4,'',1,6400,4,'',1,2500,4,'',1,6400,4,'',1,2400,4,'',1,6500,4,'',1,2500,4,'',1,2400,4,'',1,6100,4,'',1,2000,4,'',1,1900,4,'',1,5900,4,'',1,1900,4,'',1,1900,4,'',1,5900,4,'',1,1900,4,'',1,1900,4,'',1,5900,4,'',1,1900,4,'',1,1900,4,'',1,1900,4,'',1,5900,4,'',1,1900,4,'',1,1900,4,'',1,5800,4,'',1,1900,4,'',1,1900,4,'',1,5900,4,'',1,1900,4,'',1,1900,4,'',1,5900,4,'',1,1800,4,'',1,1800,4,'',1,5900,4,'',1,2000,4,'',1,2200,4,'',1,6400,4,'',1,2200,4,'',1,2300,4,'',1,6400,4,'',1,2300,4,'',1,6400,4,'',1,2400,4,'',1,2400,4,'',1,6400,4,'',1,2400,4,'',1,6400,4,'',1,2300,4,'',1,2400,4,'',1,6400,4,'',1
'23AP24-CPBlock-Sunday-13',2301,75500,,'',1,6400,,'',1,2400,,'',1,6400,,'',1,2400,,'',1,1900,,'',1,6000,,'',1,1900,,'',1,1900,,'',1,5900,,'',1,1900,,'',1,1800,,'',1,6000,,'',1,1900,,'',1,1900,,'',1,5900,,'',1,1900,,'',1,1900,,'',1,1900,,'',1,6100,,'',1,1700,,'',1,1900,,'',1,5900,,'',1,1900,,'',1,1900,,'',1,5900,,'',1,1900,,'',1,1900,,'',1,5900,,'',1,1900,,'',1,1700,,'',1,6300,,'',1,2200,,'',1,2400,,'',1,6600,,'',1,2200,,'',1,6400,,'',1,2600,,'',1,2200,,'',1,6500,,'',1,2300,,'',1,6400,,'',1,2400,,'',1
'23AP24-CPBlock-Sunday-13',2302,80600,4,'',1,2400,4,'',1,2500,4,'',1,6500,4,'',1,2500,4,'',1,6700,4,'',1,2400,4,'',1,1800,4,'',1,6100,4,'',1,2000,4,'',1,1900,4,'',1,6000,4,'',1,1900,4,'',1,1900,4,'',1,5900,4,'',1,2100,4,'',1,1700,4,'',1,5900,4,'',1,1900,4,'',1,1900,4,'',1,5900,4,'',1,2100,4,'',1,1700,4,'',1,5900,4,'',1,1900,4,'',1,1900,4,'',1,1900,4,'',1,5700,4,'',1,1800,4,'',1,1900,4,'',1,5900,4,'',1,1800,4,'',1,1900,4,'',1,6000,4,'',1,2200,4,'',1,2400,4,'',1,6600,4,'',1,2200,4,'',1,6100,4,'',1,2600,4,'',1,2200,4,'',1,6400,4,'',1,2400,4,'',1
'23AP24-CPBlock-Weekday-11',2301,42200,,'',1,1600,,'',1,1600,,'',1,5600,,'',1,1700,,'',1,1700,,'',1,5700,,'',1,1800,,'',1,1800,,'',1,1900,,'',1,5900,,'',1,1900,,'',1,1900,,'',1,5900,,'',1,1900,,'',1,1900,,'',1,5900,,'',1,1900,,'',1,1900,,'',1,5900,,'',1,2000,,'',1,2000,,'',1,6000,,'',1,2000,,'',1,2000,,'',1,6000,,'',1,2000,,'',1,2000,,'',1,6000,,'',1,2000,,'',1,2100,,'',1,6100,,'',1,2100,,'',1,2100,,'',1,6000,,'',1,2100,,'',1,2200,,'',1,6100,,'',1,2100,,'',1,2100,,'',1,6100,,'',1,2200,,'',1,6200,,'',1,2100,,'',1,2100,,'',1,6000,,'',1,2000,,'',1,2000,,'',1,5900,,'',1,1900,,'',1,1900,,'',1,1800,,'',1,5800,,'',1,1800,,'',1,1700,,'',1,5800,,'',1,3100,,'',1,7100,,'',1,3100,,'',1,7100,,'',1,3100,,'',1,7100,,'',1,3100,,'',1
'23AP24-CPBlock-Weekday-11',2302,51600,4,'',1,1900,4,'',1,1800,4,'',1,5800,4,'',1,1800,4,'',1,1900,4,'',1,5900,4,'',1,1900,4,'',1,1800,4,'',1,5900,4,'',1,2000,4,'',1,2000,4,'',1,5900,4,'',1,1900,4,'',1,1900,4,'',1,1900,4,'',1,6000,4,'',1,2000,4,'',1,2000,4,'',1,6000,4,'',1,2100,4,'',1,1900,4,'',1,5900,4,'',1,2100,4,'',1,2000,4,'',1,6000,4,'',1,2000,4,'',1,2000,4,'',1,6100,4,'',1,2100,4,'',1,6100,4,'',1,2000,4,'',1,1000,4,'',1,1300,4,'',1,6200,4,'',1,2100,4,'',1,2300,4,'',1,6200,4,'',1,2200,4,'',1,2200,4,'',1,6200,4,'',1,1800,4,'',1,2100,4,'',1,5800,4,'',1,1900,4,'',1,2000,4,'',1,5900,4,'',1,1800,4,'',1,1900,4,'',1,5800,4,'',1,1700,4,'',1,1800,4,'',1,5600,4,'',1,1800,4,'',1,1900,4,'',1,7000,4,'',1,3100,4,'',1,7000,4,'',1,3100,4,'',1,7000,4,'',1,3100,4,'',1,7000,4,'',1
'23AP24-CPBlock-Saturday-12',2903,43700,,'',1,7300,,'',1,3300,,'',1,7300,,'',1,3300,,'',1,7300,,'',1,3300,,'',1,7300,,'',1,7300,,'',1,3300,,'',1,7300,,'',1,3300,,'',1,7300,,'',1,3300,,'',1,7300,,'',1,3300,,'',1,7300,,'',1,3300,,'',1,7300,,'',1,7300,,'',1,3300,,'',1,7300,,'',1,3300,,'',1,7300,,'',1,3300,,'',1,7300,,'',1,3300,,'',1,7300,,'',1,7200,,'',1,3200,,'',1,7200,,'',1,3200,,'',1,7200,,'',1,3200,,'',1,7200,,'',1,3200,,'',1,7200,,'',1,3200,,'',1,7200,,'',1
'23AP24-CPBlock-Saturday-12',2904,60400,4,'',1,3300,4,'',1,7400,4,'',1,3400,4,'',1,7300,4,'',1,3300,4,'',1,7300,4,'',1,3400,4,'',1,7300,4,'',1,7300,4,'',1,3300,4,'',1,7300,4,'',1,3400,4,'',1,7300,4,'',1,3300,4,'',1,7300,4,'',1,3300,4,'',1,7300,4,'',1,7300,4,'',1,3300,4,'',1,7200,4,'',1,3300,4,'',1,7300,4,'',1,3300,4,'',1,7300,4,'',1,3100,4,'',1,7300,4,'',1,3300,4,'',1,7200,4,'',1,7200,4,'',1,3100,4,'',1,7200,4,'',1,3200,4,'',1,7200,4,'',1,3100,4,'',1,7200,4,'',1,3200,4,'',1
'23AP24-CPBlock-Sunday-13',2903,70200,,'',1,4300,,'',1,8200,,'',1,8300,,'',1,4200,,'',1,8300,,'',1,8200,,'',1,8300,,'',1,4200,,'',1,8300,,'',1,8200,,'',1,4300,,'',1,8200,,'',1,8300,,'',1,4200,,'',1,8300,,'',1,8200,,'',1,8300,,'',1,4200,,'',1,8300,,'',1,8200,,'',1,4300,,'',1,8200,,'',1,8300,,'',1,8700,,'',1
'23AP24-CPBlock-Sunday-13',2904,74200,4,'',1,8200,4,'',1,8300,4,'',1,4200,4,'',1,8300,4,'',1,8200,4,'',1,4300,4,'',1,8200,4,'',1,8300,4,'',1,8200,4,'',1,4300,4,'',1,8200,4,'',1,8300,4,'',1,4200,4,'',1,8300,4,'',1,8200,4,'',1,8300,4,'',1,4200,4,'',1,8300,4,'',1,8200,4,'',1,4300,4,'',1,8200,4,'',1,8300,4,'',1,8700,4,'',1,9700,4,'',1
'23AP24-CPBlock-Weekday-11',2903,45600,,'',1,7400,,'',1,7400,,'',1,3400,,'',1,7400,,'',1,3400,,'',1,7400,,'',1,3400,,'',1,7400,,'',1,7400,,'',1,3400,,'',1,7400,,'',1,3400,,'',1,7400,,'',1,3400,,'',1,7400,,'',1,7400,,'',1,2800,,'',1,700,,'',1,7500,,'',1,3400,,'',1,7400,,'',1,3500,,'',1,7400,,'',1,7400,,'',1,3400,,'',1,7400,,'',1,3300,,'',1,7300,,'',1,3200,,'',1,7200,,'',1,3200,,'',1,7200,,'',1,3200,,'',1,7200,,'',1,3200,,'',1,7200,,'',1,7200,,'',1
'23AP24-CPBlock-Weekday-11',2904,55300,4,'',1,7400,4,'',1,7400,4,'',1,3500,4,'',1,1400,4,'',1,6000,4,'',1,3500,4,'',1,7400,4,'',1,3400,4,'',1,7500,4,'',1,7400,4,'',1,3400,4,'',1,7400,4,'',1,3400,4,'',1,7400,4,'',1,3400,4,'',1,7400,4,'',1,7400,4,'',1,3500,4,'',1,7500,4,'',1,3500,4,'',1,7400,4,'',1,3300,4,'',1,7400,4,'',1,7400,4,'',1,3200,4,'',1,7400,4,'',1,3200,4,'',1,7200,4,'',1,3200,4,'',1,7200,4,'',1,3200,4,'',1,7200,4,'',1,3200,4,'',1,7100,4,'',1,3200,4,'',1,7200,4,'',1
'23AP24-CPBlock-Saturday-12',4503,62800,,'',1,3000,,'',1,7000,,'',1,3000,,'',1,7100,,'',1,7100,,'',1,3100,,'',1,7100,,'',1,3200,,'',1,7200,,'',1,3300,,'',1,7300,,'',1,3300,,'',1,7300,,'',1,3300,,'',1,7300,,'',1,3300,,'',1,7300,,'',1,7300,,'',1,3300,,'',1,7300,,'',1,3300,,'',1,7200,,'',1,3500,,'',1,7400,,'',1,3000,,'',1,7000,,'',1,3000,,'',1
'23AP24-CPBlock-Saturday-12',4504,62200,4,'',1,3000,4,'',1,7000,4,'',1,3100,4,'',1,7100,4,'',1,3000,4,'',1,7000,4,'',1,3100,4,'',1,7000,4,'',1,3300,4,'',1,7300,4,'',1,7400,4,'',1,3300,4,'',1,7200,4,'',1,3300,4,'',1,7300,4,'',1,3300,4,'',1,7300,4,'',1,3300,4,'',1,7200,4,'',1,7300,4,'',1,3300,4,'',1,7400,4,'',1,3200,4,'',1,7300,4,'',1,3300,4,'',1,6900,4,'',1,3000,4,'',1
'23AP24-CPBlock-Sunday-13',4503,83200,,'',1,7000,,'',1,3000,,'',1,7000,,'',1,3000,,'',1,7000,,'',1,3100,,'',1,7000,,'',1,3000,,'',1,7000,,'',1,3100,,'',1,7100,,'',1,3100,,'',1,7200,,'',1,3200,,'',1,7200,,'',1,3200,,'',1,7200,,'',1,3200,,'',1,7200,,'',1,3100,,'',1,7100,,'',1,3100,,'',1,7100,,'',1,3100,,'',1
'23AP24-CPBlock-Sunday-13',4504,82400,4,'',1,3000,4,'',1,7000,4,'',1,3000,4,'',1,7200,4,'',1,3000,4,'',1,7000,4,'',1,3000,4,'',1,7100,4,'',1,3000,4,'',1,7000,4,'',1,3000,4,'',1,7000,4,'',1,3200,4,'',1,7200,4,'',1,7200,4,'',1,3200,4,'',1,7200,4,'',1,3100,4,'',1,7200,4,'',1,3200,4,'',1,7100,4,'',1,3000,4,'',1,7200,4,'',1,3200,4,'',1
'23AP24-CPBlock-Weekday-11',4503,45500,,'',1,7300,,'',1,2000,,'',1,5900,,'',1,1900,,'',1,2000,,'',1,6000,,'',1,1900,,'',1,2100,,'',1,6000,,'',1,2000,,'',1,2000,,'',1,6000,,'',1,2100,,'',1,2700,,'',1,6800,,'',1,2800,,'',1,6700,,'',1,2800,,'',1,6700,,'',1,2800,,'',1,6800,,'',1,2300,,'',1,2000,,'',1,6000,,'',1,2000,,'',1,2000,,'',1,6000,,'',1,2000,,'',1,2000,,'',1,6000,,'',1,2100,,'',1,2100,,'',1,6100,,'',1,2100,,'',1,2000,,'',1,6000,,'',1,2000,,'',1,2000,,'',1,6200,,'',1,2200,,'',1,6200,,'',1,3100,,'',1,7100,,'',1,3200,,'',1,7200,,'',1,3200,,'',1,7300,,'',1,3300,,'',1
'23AP24-CPBlock-Weekday-11',4504,52200,4,'',1,3400,4,'',1,6200,4,'',1,1800,4,'',1,1700,4,'',1,6400,4,'',1,1800,4,'',1,2300,4,'',1,5800,4,'',1,2200,4,'',1,1700,4,'',1,6400,4,'',1,1600,4,'',1,2300,4,'',1,5700,4,'',1,2800,4,'',1,6600,4,'',1,2500,4,'',1,6800,4,'',1,2800,4,'',1,2800,4,'',1,6800,4,'',1,2800,4,'',1,6400,4,'',1,2100,4,'',1,2000,4,'',1,6300,4,'',1,1800,4,'',1,6400,4,'',1,1900,4,'',1,2200,4,'',1,5900,4,'',1,2200,4,'',1,1900,4,'',1,6300,4,'',1,1800,4,'',1,2300,4,'',1,5800,4,'',1,2200,4,'',1,2400,4,'',1,7200,4,'',1,3000,4,'',1,7300,4,'',1,7200,4,'',1,3200,4,'',1,7300,4,'',1,3300,4,'',1
