'23OC23-CPBlock-Saturday-12',4403,73000,,'',1,8200,,'',1,4200,,'',1,8200,,'',1,8200,,'',1,8500,,'',1,4500,,'',1,8500,,'',1,8500,,'',1,8500,,'',1,4500,,'',1,8600,,'',1,8600,,'',1,8500,,'',1,4500,,'',1,8500,,'',1,8500,,'',1,8400,,'',1,4400,,'',1,8100,,'',1
'23OC23-CPBlock-Saturday-12',4404,80600,4,'',1,4200,4,'',1,8200,4,'',1,8300,4,'',1,4400,4,'',1,8600,4,'',1,8400,4,'',1,8500,4,'',1,4500,4,'',1,8500,4,'',1,8600,4,'',1,8500,4,'',1,4600,4,'',1,8500,4,'',1,8500,4,'',1,8500,4,'',1,4400,4,'',1,8400,4,'',1,8200,4,'',1,8000,4,'',1,4100,4,'',1
'23OC23-CPBlock-Sunday-13',4403,73000,,'',1,8200,,'',1,4200,,'',1,8200,,'',1,8200,,'',1,8400,,'',1,4400,,'',1,8500,,'',1,8500,,'',1,8500,,'',1,4500,,'',1,8500,,'',1,8500,,'',1,8500,,'',1,4500,,'',1,8500,,'',1,8500,,'',1,8500,,'',1,4500,,'',1,8500,,'',1
'23OC23-CPBlock-Sunday-13',4404,80500,4,'',1,4200,4,'',1,8200,4,'',1,8200,4,'',1,4500,4,'',1,8500,4,'',1,8500,4,'',1,8400,4,'',1,4500,4,'',1,8500,4,'',1,8500,4,'',1,8500,4,'',1,4500,4,'',1,8500,4,'',1,8500,4,'',1,8400,4,'',1,4500,4,'',1,8200,4,'',1,8400,4,'',1,8300,4,'',1,4000,4,'',1
'23OC23-CPBlock-Weekday-11',4403,53000,,'',1,7400,,'',1,1700,,'',1,1700,,'',1,1700,,'',1,5900,,'',1,1900,,'',1,1900,,'',1,5900,,'',1,1800,,'',1,1900,,'',1,5900,,'',1,1900,,'',1,1800,,'',1,5800,,'',1,1900,,'',1,1900,,'',1,1800,,'',1,5700,,'',1,1800,,'',1,1900,,'',1,5900,,'',1,1800,,'',1,1800,,'',1,5800,,'',1,1800,,'',1,1900,,'',1,5900,,'',1,1900,,'',1,1900,,'',1,1900,,'',1,5900,,'',1,1900,,'',1,2000,,'',1,6000,,'',1,2000,,'',1,2000,,'',1,5900,,'',1,1900,,'',1,2000,,'',1,6000,,'',1,2000,,'',1,2000,,'',1,5800,,'',1,1800,,'',1,1900,,'',1,6600,,'',1,4200,,'',1,8200,,'',1,8200,,'',1,8000,,'',1,4000,,'',1,8000,,'',1,8000,,'',1
'23OC23-CPBlock-Weekday-11',4404,61600,4,'',1,3500,4,'',1,5800,4,'',1,1800,4,'',1,1800,4,'',1,6000,4,'',1,1900,4,'',1,1900,4,'',1,5900,4,'',1,1900,4,'',1,1700,4,'',1,1900,4,'',1,5900,4,'',1,1900,4,'',1,1800,4,'',1,5800,4,'',1,1800,4,'',1,1800,4,'',1,5900,4,'',1,1800,4,'',1,1800,4,'',1,5800,4,'',1,1800,4,'',1,1900,4,'',1,1800,4,'',1,5900,4,'',1,1800,4,'',1,2000,4,'',1,6000,4,'',1,1900,4,'',1,1900,4,'',1,6100,4,'',1,2000,4,'',1,2000,4,'',1,5900,4,'',1,2000,4,'',1,2000,4,'',1,5900,4,'',1,1900,4,'',1,1900,4,'',1,5800,4,'',1,1700,4,'',1,1800,4,'',1,6000,4,'',1,1700,4,'',1,3500,4,'',1,8100,4,'',1,8100,4,'',1,4000,4,'',1,8200,4,'',1,8000,4,'',1,3700,4,'',1,8000,4,'',1
'23SE04-CPBlock-Saturday-12',4403,72900,,'',1,8000,,'',1,4000,,'',1,8000,,'',1,8000,,'',1,4000,,'',1,8000,,'',1,8000,,'',1,4000,,'',1,8000,,'',1,8000,,'',1,4000,,'',1,8000,,'',1,8000,,'',1,4000,,'',1,8000,,'',1,8000,,'',1,4000,,'',1,8000,,'',1,8000,,'',1,4000,,'',1,8000,,'',1
'23SE04-CPBlock-Saturday-12',4404,80100,4,'',1,4000,4,'',1,8000,4,'',1,8000,4,'',1,4100,4,'',1,8000,4,'',1,8000,4,'',1,4000,4,'',1,8000,4,'',1,8000,4,'',1,4000,4,'',1,8000,4,'',1,8000,4,'',1,4000,4,'',1,7900,4,'',1,8000,4,'',1,4000,4,'',1,8000,4,'',1,8000,4,'',1,4000,4,'',1,8000,4,'',1,8000,4,'',1,4000,4,'',1
'23SE04-CPBlock-Sunday-13',4403,72900,,'',1,8000,,'',1,4000,,'',1,8000,,'',1,8000,,'',1,4000,,'',1,8000,,'',1,8000,,'',1,4000,,'',1,8000,,'',1,8000,,'',1,4000,,'',1,8000,,'',1,8000,,'',1,4000,,'',1,8000,,'',1,8000,,'',1,4000,,'',1,8000,,'',1,8000,,'',1,4000,,'',1,8000,,'',1
'23SE04-CPBlock-Sunday-13',4404,80000,4,'',1,4000,4,'',1,8100,4,'',1,8000,4,'',1,4100,4,'',1,8000,4,'',1,8000,4,'',1,4000,4,'',1,8000,4,'',1,8000,4,'',1,4000,4,'',1,8000,4,'',1,8000,4,'',1,4000,4,'',1,7900,4,'',1,8000,4,'',1,4000,4,'',1,8000,4,'',1,8000,4,'',1,3900,4,'',1,8000,4,'',1,8000,4,'',1,4000,4,'',1
'23SE04-CPBlock-Weekday-11',4403,53100,,'',1,2600,,'',1,6300,,'',1,1500,,'',1,1700,,'',1,5700,,'',1,1700,,'',1,1700,,'',1,5700,,'',1,1700,,'',1,1700,,'',1,1700,,'',1,5700,,'',1,1700,,'',1,1700,,'',1,1700,,'',1,5700,,'',1,1600,,'',1,1600,,'',1,5600,,'',1,1600,,'',1,1600,,'',1,1600,,'',1,5600,,'',1,1600,,'',1,1600,,'',1,1600,,'',1,5600,,'',1,1700,,'',1,1700,,'',1,5700,,'',1,1700,,'',1,1700,,'',1,1700,,'',1,5700,,'',1,1700,,'',1,1700,,'',1,5800,,'',1,1800,,'',1,1800,,'',1,1800,,'',1,5800,,'',1,1800,,'',1,1800,,'',1,5800,,'',1,1800,,'',1,1800,,'',1,6000,,'',1,2300,,'',1,7800,,'',1,3700,,'',1,7700,,'',1,3700,,'',1,7700,,'',1,7700,,'',1,3700,,'',1,7700,,'',1,7700,,'',1
'23SE04-CPBlock-Weekday-11',4404,61500,4,'',1,3300,4,'',1,6700,4,'',1,2300,4,'',1,1700,4,'',1,5600,4,'',1,1700,4,'',1,1700,4,'',1,5700,4,'',1,1700,4,'',1,1600,4,'',1,1700,4,'',1,5700,4,'',1,1700,4,'',1,1600,4,'',1,1600,4,'',1,5600,4,'',1,1600,4,'',1,1600,4,'',1,5600,4,'',1,1600,4,'',1,1600,4,'',1,1600,4,'',1,5600,4,'',1,1700,4,'',1,1700,4,'',1,1600,4,'',1,5600,4,'',1,1600,4,'',1,1900,4,'',1,5700,4,'',1,1700,4,'',1,1800,4,'',1,1800,4,'',1,5800,4,'',1,1900,4,'',1,1800,4,'',1,5800,4,'',1,1800,4,'',1,1700,4,'',1,5800,4,'',1,1800,4,'',1,1800,4,'',1,1800,4,'',1,5800,4,'',1,1600,4,'',1,1300,4,'',1,5600,4,'',1,1700,4,'',1,2100,4,'',1,7700,4,'',1,3600,4,'',1,7700,4,'',1,7700,4,'',1,3700,4,'',1,7600,4,'',1,3800,4,'',1,7800,4,'',1
