'23SE04-MABlock-Holiday1-24',2201,80700,,'',1,3300,,'',1,7300,,'',1,3300,,'',1,7300,,'',1,3300,,'',1,7400,,'',1,7400,,'',1,3700,,'',1,7800,,'',1,3900,,'',1,7900,,'',1,7900,,'',1,3900,,'',1,8200,,'',1,8200,,'',1,4300,,'',1,8400,,'',1,8300,,'',1,8300,,'',1,4100,,'',1,8000,,'',1,7800,,'',1
'23SE04-MABlock-Holiday1-24',2202,83200,4,'',1,7300,4,'',1,3300,4,'',1,7300,4,'',1,3300,4,'',1,7400,4,'',1,3400,4,'',1,7700,4,'',1,7800,4,'',1,3900,4,'',1,7900,4,'',1,7900,4,'',1,3900,4,'',1,8200,4,'',1,8200,4,'',1,4300,4,'',1,8400,4,'',1,8300,4,'',1,8300,4,'',1,4100,4,'',1,8000,4,'',1,3800,4,'',1,7800,4,'',1
'23SE04-MABlock-Holiday1-26',2201,80700,,'',1,3300,,'',1,7300,,'',1,3300,,'',1,7300,,'',1,3300,,'',1,7400,,'',1,7400,,'',1,3700,,'',1,7800,,'',1,3900,,'',1,7900,,'',1,7900,,'',1,3900,,'',1,8200,,'',1,8200,,'',1,4300,,'',1,8400,,'',1,8300,,'',1,8300,,'',1,4100,,'',1,8000,,'',1,7800,,'',1
'23SE04-MABlock-Holiday1-26',2202,83200,4,'',1,7300,4,'',1,3300,4,'',1,7300,4,'',1,3300,4,'',1,7400,4,'',1,3400,4,'',1,7700,4,'',1,7800,4,'',1,3900,4,'',1,7900,4,'',1,7900,4,'',1,3900,4,'',1,8200,4,'',1,8200,4,'',1,4300,4,'',1,8400,4,'',1,8300,4,'',1,8300,4,'',1,4100,4,'',1,8000,4,'',1,3800,4,'',1,7800,4,'',1
'23SE04-MABlock-Holiday2-25',2201,61600,,'',1,3700,,'',1,7600,,'',1,7600,,'',1,3600,,'',1,7600,,'',1,3700,,'',1,7900,,'',1,7900,,'',1,3900,,'',1,7900,,'',1,7900,,'',1,3900,,'',1,7900,,'',1,7900,,'',1,3900,,'',1,7900,,'',1,7900,,'',1,3900,,'',1,7900,,'',1,7900,,'',1,3900,,'',1,7900,,'',1,3900,,'',1,7900,,'',1,7900,,'',1
'23SE04-MABlock-Holiday2-25',2202,64400,4,'',1,7700,4,'',1,3600,4,'',1,7600,4,'',1,7600,4,'',1,3700,4,'',1,7900,4,'',1,7900,4,'',1,3900,4,'',1,7900,4,'',1,7900,4,'',1,3900,4,'',1,7900,4,'',1,3900,4,'',1,7900,4,'',1,7900,4,'',1,3900,4,'',1,7900,4,'',1,7900,4,'',1,3900,4,'',1,7900,4,'',1,7900,4,'',1,3900,4,'',1,7900,4,'',1,7900,4,'',1,3900,4,'',1
'23SE04-MABlock-Saturday-22',2201,61600,,'',1,3700,,'',1,7600,,'',1,7600,,'',1,3600,,'',1,7600,,'',1,3700,,'',1,7900,,'',1,7900,,'',1,3900,,'',1,7900,,'',1,7900,,'',1,3900,,'',1,7900,,'',1,7900,,'',1,3900,,'',1,7900,,'',1,7900,,'',1,3900,,'',1,7900,,'',1,7900,,'',1,3900,,'',1,7900,,'',1,3900,,'',1,7900,,'',1,7900,,'',1
'23SE04-MABlock-Saturday-22',2202,64400,4,'',1,7700,4,'',1,3600,4,'',1,7600,4,'',1,7600,4,'',1,3700,4,'',1,7900,4,'',1,7900,4,'',1,3900,4,'',1,7900,4,'',1,7900,4,'',1,3900,4,'',1,7900,4,'',1,3900,4,'',1,7900,4,'',1,7900,4,'',1,3900,4,'',1,7900,4,'',1,7900,4,'',1,3900,4,'',1,7900,4,'',1,7900,4,'',1,3900,4,'',1,7900,4,'',1,7900,4,'',1,3900,4,'',1
'23SE04-MABlock-Sunday-23',2201,80700,,'',1,3300,,'',1,7300,,'',1,3300,,'',1,7300,,'',1,3300,,'',1,7400,,'',1,7400,,'',1,3700,,'',1,7800,,'',1,3900,,'',1,7900,,'',1,7900,,'',1,3900,,'',1,8200,,'',1,8200,,'',1,4300,,'',1,8400,,'',1,8300,,'',1,8300,,'',1,4100,,'',1,8000,,'',1,7800,,'',1
'23SE04-MABlock-Sunday-23',2202,83200,4,'',1,7300,4,'',1,3300,4,'',1,7300,4,'',1,3300,4,'',1,7400,4,'',1,3400,4,'',1,7700,4,'',1,7800,4,'',1,3900,4,'',1,7900,4,'',1,7900,4,'',1,3900,4,'',1,8200,4,'',1,8200,4,'',1,4300,4,'',1,8400,4,'',1,8300,4,'',1,8300,4,'',1,4100,4,'',1,8000,4,'',1,3800,4,'',1,7800,4,'',1
'23SE04-MABlock-Weekday-21',2201,42300,,'',1,3500,,'',1,7500,,'',1,7800,,'',1,2900,,'',1,6100,,'',1,2000,,'',1,2000,,'',1,6000,,'',1,2000,,'',1,2000,,'',1,6000,,'',1,2000,,'',1,2000,,'',1,6000,,'',1,2000,,'',1,2000,,'',1,6000,,'',1,2000,,'',1,2000,,'',1,6000,,'',1,2000,,'',1,2000,,'',1,6000,,'',1,2000,,'',1,2000,,'',1,6000,,'',1,2000,,'',1,2000,,'',1,5900,,'',1,2000,,'',1,2000,,'',1,6000,,'',1,2000,,'',1,2000,,'',1,6000,,'',1,2000,,'',1,2000,,'',1,6000,,'',1,2000,,'',1,2000,,'',1,6000,,'',1,2000,,'',1,2000,,'',1,6000,,'',1,2000,,'',1,2000,,'',1,7300,,'',1,3300,,'',1,7300,,'',1,3300,,'',1,7300,,'',1,7600,,'',1,4500,,'',1
'23SE04-MABlock-Weekday-21',2202,44800,4,'',1,7500,4,'',1,3500,4,'',1,8100,4,'',1,7000,4,'',1,2200,4,'',1,2000,4,'',1,6000,4,'',1,2000,4,'',1,2000,4,'',1,6000,4,'',1,2000,4,'',1,2000,4,'',1,6000,4,'',1,2000,4,'',1,2000,4,'',1,6000,4,'',1,2000,4,'',1,2000,4,'',1,6000,4,'',1,2000,4,'',1,2000,4,'',1,6000,4,'',1,2000,4,'',1,2000,4,'',1,6000,4,'',1,2000,4,'',1,2100,4,'',1,6000,4,'',1,2000,4,'',1,1900,4,'',1,5900,4,'',1,1900,4,'',1,2000,4,'',1,6000,4,'',1,2000,4,'',1,2000,4,'',1,6000,4,'',1,2000,4,'',1,2000,4,'',1,5900,4,'',1,2000,4,'',1,1900,4,'',1,6000,4,'',1,1900,4,'',1,2000,4,'',1,6000,4,'',1,3300,4,'',1,7200,4,'',1,3300,4,'',1,7300,4,'',1,3300,4,'',1,7600,4,'',1,8500,4,'',1
