'23OC23-CPBlock-Saturday-12',3803,63100,,'',1,7100,,'',1,3100,,'',1,7100,,'',1,3100,,'',1,7200,,'',1,2100,,'',1,2100,,'',1,7000,,'',1,3000,,'',1,7000,,'',1,2900,,'',1,6800,,'',1,2800,,'',1,6700,,'',1,2900,,'',1,6900,,'',1,2900,,'',1,6900,,'',1,2900,,'',1,6900,,'',1,2900,,'',1,6900,,'',1,2900,,'',1,6800,,'',1,2900,,'',1,2900,,'',1,7000,,'',1,3000,,'',1,6500,,'',1,2000,,'',1,7000,,'',1,3000,,'',1,7000,,'',1,3200,,'',1,7200,,'',1
'23OC23-CPBlock-Saturday-12',3804,65200,4,'',1,7100,4,'',1,3100,4,'',1,7200,4,'',1,7500,4,'',1,3400,4,'',1,7200,4,'',1,3300,4,'',1,7400,4,'',1,2600,4,'',1,6600,4,'',1,2800,4,'',1,7000,4,'',1,3000,4,'',1,6900,4,'',1,2900,4,'',1,6900,4,'',1,2900,4,'',1,2800,4,'',1,6900,4,'',1,2800,4,'',1,6900,4,'',1,2800,4,'',1,6800,4,'',1,2900,4,'',1,6600,4,'',1,2900,4,'',1,6800,4,'',1,2500,4,'',1,6700,4,'',1,3000,4,'',1,7000,4,'',1,3200,4,'',1,7300,4,'',1,3100,4,'',1,7200,4,'',1
'23OC23-CPBlock-Weekday-11',3803,43400,,'',1,2000,,'',1,5900,,'',1,2000,,'',1,2000,,'',1,6400,,'',1,2500,,'',1,6400,,'',1,2400,,'',1,600,,'',1,2000,,'',1,6600,,'',1,3500,,'',1,7900,,'',1,7300,,'',1,3800,,'',1,7400,,'',1,3400,,'',1,7400,,'',1,7400,,'',1,2800,,'',1,2000,,'',1,7000,,'',1,3000,,'',1,6500,,'',1,1800,,'',1,6800,,'',1,3200,,'',1,7200,,'',1,3000,,'',1,7000,,'',1,2400,,'',1,2500,,'',1,6500,,'',1,3400,,'',1,8500,,'',1,8100,,'',1,8100,,'',1,4100,,'',1,8100,,'',1,8100,,'',1
'23OC23-CPBlock-Weekday-11',3804,60900,4,'',1,2400,4,'',1,2300,4,'',1,6400,4,'',1,2900,4,'',1,6600,4,'',1,2600,4,'',1,6600,4,'',1,2300,4,'',1,2400,4,'',1,6300,4,'',1,2400,4,'',1,7100,4,'',1,3400,4,'',1,7300,4,'',1,3800,4,'',1,7900,4,'',1,7400,4,'',1,3500,4,'',1,7600,4,'',1,3400,4,'',1,7200,4,'',1,7300,4,'',1,3000,4,'',1,7000,4,'',1,1700,4,'',1,2500,4,'',1,6500,4,'',1,3100,4,'',1,6800,4,'',1,2600,4,'',1,7800,4,'',1,4400,4,'',1,8200,4,'',1,8000,4,'',1,4100,4,'',1,7800,4,'',1,7800,4,'',1
'23OC23-MABlock-Sunday-23',3803,75100,,'',1,8000,,'',1,8000,,'',1,4200,,'',1,8200,,'',1,8200,,'',1,8500,,'',1,4500,,'',1,8500,,'',1,8500,,'',1,8500,,'',1,4500,,'',1,8500,,'',1,8500,,'',1,8500,,'',1,4500,,'',1,8400,,'',1,8300,,'',1
'23OC23-MABlock-Sunday-23',3804,90500,4,'',1,4200,4,'',1,7900,4,'',1,8100,4,'',1,4700,4,'',1,8500,4,'',1,8700,4,'',1,8500,4,'',1,4500,4,'',1,8500,4,'',1,8500,4,'',1,8400,4,'',1,4400,4,'',1,8300,4,'',1,8300,4,'',1,8500,4,'',1,4500,4,'',1
'23SE04-CPBlock-Saturday-12',3803,63100,,'',1,7100,,'',1,3100,,'',1,7100,,'',1,3100,,'',1,7200,,'',1,2100,,'',1,2100,,'',1,7000,,'',1,3000,,'',1,7000,,'',1,2900,,'',1,6800,,'',1,2800,,'',1,6700,,'',1,2900,,'',1,6900,,'',1,2900,,'',1,6900,,'',1,2900,,'',1,6900,,'',1,2900,,'',1,6900,,'',1,2900,,'',1,6800,,'',1,2900,,'',1,2900,,'',1,7000,,'',1,3000,,'',1,6500,,'',1,2000,,'',1,7000,,'',1,3000,,'',1,7000,,'',1,3200,,'',1,7200,,'',1
'23SE04-CPBlock-Saturday-12',3804,65200,4,'',1,7100,4,'',1,3100,4,'',1,7200,4,'',1,7500,4,'',1,3400,4,'',1,7200,4,'',1,3300,4,'',1,7400,4,'',1,2600,4,'',1,6600,4,'',1,2800,4,'',1,7000,4,'',1,3000,4,'',1,6900,4,'',1,2900,4,'',1,6900,4,'',1,2900,4,'',1,2800,4,'',1,6900,4,'',1,2800,4,'',1,6900,4,'',1,2800,4,'',1,6800,4,'',1,2900,4,'',1,6600,4,'',1,2900,4,'',1,6800,4,'',1,2500,4,'',1,6700,4,'',1,3000,4,'',1,7000,4,'',1,3200,4,'',1,7300,4,'',1,3100,4,'',1,7200,4,'',1
'23SE04-CPBlock-Weekday-11',3803,43400,,'',1,2000,,'',1,5900,,'',1,2000,,'',1,2000,,'',1,6400,,'',1,2500,,'',1,6400,,'',1,2400,,'',1,600,,'',1,2000,,'',1,6600,,'',1,3500,,'',1,7900,,'',1,7300,,'',1,3800,,'',1,7400,,'',1,3400,,'',1,7400,,'',1,7400,,'',1,2800,,'',1,2000,,'',1,7000,,'',1,3000,,'',1,6500,,'',1,1800,,'',1,6800,,'',1,3200,,'',1,7200,,'',1,3000,,'',1,7000,,'',1,2400,,'',1,2500,,'',1,6500,,'',1,3400,,'',1,8500,,'',1,8100,,'',1,8100,,'',1,4100,,'',1,8100,,'',1,8100,,'',1
'23SE04-CPBlock-Weekday-11',3804,60900,4,'',1,2400,4,'',1,2300,4,'',1,6400,4,'',1,2900,4,'',1,6600,4,'',1,2600,4,'',1,6600,4,'',1,2300,4,'',1,2400,4,'',1,6300,4,'',1,2400,4,'',1,7100,4,'',1,3400,4,'',1,7300,4,'',1,3800,4,'',1,7900,4,'',1,7400,4,'',1,3500,4,'',1,7600,4,'',1,3400,4,'',1,7200,4,'',1,7300,4,'',1,3000,4,'',1,7000,4,'',1,1700,4,'',1,2500,4,'',1,6500,4,'',1,3100,4,'',1,6800,4,'',1,2600,4,'',1,7800,4,'',1,4400,4,'',1,8200,4,'',1,8000,4,'',1,4100,4,'',1,7800,4,'',1,7800,4,'',1
'23SE04-MABlock-Sunday-23',3803,75100,,'',1,8000,,'',1,8000,,'',1,4200,,'',1,8200,,'',1,8200,,'',1,8500,,'',1,4500,,'',1,8500,,'',1,8500,,'',1,8500,,'',1,4500,,'',1,8500,,'',1,8500,,'',1,8500,,'',1,4500,,'',1,8400,,'',1,8300,,'',1
'23SE04-MABlock-Sunday-23',3804,90500,4,'',1,4200,4,'',1,7900,4,'',1,8100,4,'',1,4700,4,'',1,8500,4,'',1,8700,4,'',1,8500,4,'',1,4500,4,'',1,8500,4,'',1,8500,4,'',1,8400,4,'',1,4400,4,'',1,8300,4,'',1,8300,4,'',1,8500,4,'',1,4500,4,'',1
