'23DE25-CPBlock-Holiday1-15',101,61400,,'',1,3400,,'',1,7300,,'',1,3700,,'',1,7500,,'',1,7500,,'',1,3700,,'',1,7600,,'',1,8000,,'',1,3900,,'',1,8000,,'',1,8200,,'',1,4200,,'',1,8100,,'',1,8100,,'',1,4100,,'',1,8100,,'',1,8100,,'',1,4000,,'',1,8200,,'',1,8000,,'',1
'23DE25-CPBlock-Holiday1-15',102,75400,4,'',1,7200,4,'',1,7500,4,'',1,3600,4,'',1,7600,4,'',1,4300,4,'',1,8000,4,'',1,8000,4,'',1,4200,4,'',1,8100,4,'',1,8100,4,'',1,8200,4,'',1,4100,4,'',1,8100,4,'',1,8100,4,'',1,4000,4,'',1,8200,4,'',1,8000,4,'',1,3400,4,'',1,7500,4,'',1,3600,4,'',1
'23DE25-CPBlock-Saturday-12',101,60400,,'',1,2500,,'',1,2500,,'',1,6500,,'',1,2500,,'',1,6500,,'',1,2500,,'',1,2500,,'',1,6700,,'',1,2900,,'',1,7000,,'',1,2900,,'',1,7000,,'',1,3100,,'',1,7100,,'',1,3200,,'',1,7200,,'',1,7200,,'',1,3200,,'',1,7100,,'',1,3100,,'',1,7100,,'',1,3100,,'',1,7100,,'',1,3100,,'',1,7100,,'',1,3100,,'',1,6800,,'',1,2800,,'',1,6600,,'',1,2300,,'',1,2800,,'',1,7100,,'',1,8200,,'',1,4100,,'',1,8200,,'',1,8200,,'',1,4200,,'',1
'23DE25-CPBlock-Saturday-12',102,74000,4,'',1,6500,4,'',1,2500,4,'',1,2500,4,'',1,6600,4,'',1,2800,4,'',1,6800,4,'',1,3000,4,'',1,7100,4,'',1,3100,4,'',1,7000,4,'',1,3200,4,'',1,7300,4,'',1,3200,4,'',1,7100,4,'',1,3200,4,'',1,7200,4,'',1,7200,4,'',1,2900,4,'',1,7000,4,'',1,3100,4,'',1,7100,4,'',1,3100,4,'',1,7000,4,'',1,2600,4,'',1,2500,4,'',1,6600,4,'',1,2800,4,'',1,6600,4,'',1,1300,4,'',1,2400,4,'',1,5100,4,'',1,2800,4,'',1,1100,4,'',1,8100,4,'',1,8100,4,'',1,4200,4,'',1,8100,4,'',1,8200,4,'',1
'23DE25-CPBlock-Sunday-13',101,61400,,'',1,3400,,'',1,7300,,'',1,3700,,'',1,7500,,'',1,7500,,'',1,3700,,'',1,7600,,'',1,8000,,'',1,3900,,'',1,8000,,'',1,8200,,'',1,4200,,'',1,8100,,'',1,8100,,'',1,4100,,'',1,8100,,'',1,8100,,'',1,4000,,'',1,8200,,'',1,8000,,'',1
'23DE25-CPBlock-Sunday-13',102,75400,4,'',1,7200,4,'',1,7500,4,'',1,3600,4,'',1,7600,4,'',1,4300,4,'',1,8000,4,'',1,8000,4,'',1,4200,4,'',1,8100,4,'',1,8100,4,'',1,8200,4,'',1,4100,4,'',1,8100,4,'',1,8100,4,'',1,4000,4,'',1,8200,4,'',1,8000,4,'',1,3400,4,'',1,7500,4,'',1,3600,4,'',1
'23DE25-CPBlock-Weekday-11',101,50100,,'',1,2100,,'',1,2100,,'',1,6000,,'',1,2100,,'',1,1900,,'',1,6200,,'',1,2400,,'',1,2400,,'',1,6400,,'',1,2200,,'',1,6600,,'',1,2400,,'',1,8200,,'',1,4200,,'',1,8100,,'',1,8200,,'',1,4100,,'',1,6800,,'',1,2300,,'',1,6600,,'',1,1400,,'',1,2000,,'',1,6300,,'',1,2000,,'',1,2500,,'',1,6900,,'',1,2600,,'',1,6400,,'',1,2800,,'',1,6400,,'',1,2200,,'',1,2200,,'',1,6200,,'',1,1900,,'',1,2500,,'',1,7100,,'',1,7400,,'',1,3400,,'',1,7300,,'',1,3300,,'',1,7200,,'',1,3300,,'',1,7400,,'',1
'23DE25-CPBlock-Weekday-11',102,55900,4,'',1,6600,4,'',1,2600,4,'',1,6500,4,'',1,2400,4,'',1,6400,4,'',1,2300,4,'',1,2300,4,'',1,6200,4,'',1,2000,4,'',1,2400,4,'',1,6300,4,'',1,2300,4,'',1,6600,4,'',1,1400,4,'',1,8100,4,'',1,4200,4,'',1,8300,4,'',1,8100,4,'',1,4400,4,'',1,7000,4,'',1,2200,4,'',1,6500,4,'',1,2600,4,'',1,2300,4,'',1,6500,4,'',1,600,4,'',1,2100,4,'',1,6300,4,'',1,2800,4,'',1,5900,4,'',1,2100,4,'',1,2200,4,'',1,6100,4,'',1,2000,4,'',1,2000,4,'',1,5900,4,'',1,1900,4,'',1,1000,4,'',1,2600,4,'',1,7300,4,'',1,7400,4,'',1,3200,4,'',1,6800,4,'',1
'24JA08-CPBlock-Holiday1-14',101,60400,,'',1,4300,,'',1,7400,,'',1,3700,,'',1,8100,,'',1,8000,,'',1,8100,,'',1,4600,,'',1,8600,,'',1,8700,,'',1,8800,,'',1,4800,,'',1,8900,,'',1,9000,,'',1,8800,,'',1,8500,,'',1,4700,,'',1,8500,,'',1,8200,,'',1
'24JA08-CPBlock-Holiday1-14',102,74400,4,'',1,8500,4,'',1,7800,4,'',1,4500,4,'',1,8500,4,'',1,8300,4,'',1,8500,4,'',1,4900,4,'',1,8900,4,'',1,8900,4,'',1,8800,4,'',1,8800,4,'',1,4800,4,'',1,8800,4,'',1,8300,4,'',1,8200,4,'',1,4200,4,'',1,7900,4,'',1,7700,4,'',1
'24JA08-CPBlock-Saturday-12',101,60100,,'',1,2800,,'',1,2600,,'',1,6800,,'',1,3000,,'',1,7000,,'',1,3000,,'',1,7000,,'',1,3200,,'',1,7400,,'',1,7400,,'',1,3300,,'',1,7500,,'',1,3800,,'',1,7700,,'',1,7500,,'',1,3300,,'',1,7900,,'',1,4000,,'',1,7700,,'',1,7100,,'',1,3300,,'',1,8200,,'',1,3500,,'',1,7100,,'',1,2800,,'',1,7100,,'',1,3200,,'',1,7100,,'',1,2800,,'',1,7600,,'',1,9000,,'',1,8700,,'',1,4400,,'',1,8100,,'',1
'24JA08-CPBlock-Saturday-12',102,74300,4,'',1,7100,4,'',1,2900,4,'',1,7100,4,'',1,3000,4,'',1,7300,4,'',1,3200,4,'',1,7200,4,'',1,3500,4,'',1,8000,4,'',1,7600,4,'',1,3500,4,'',1,7400,4,'',1,3800,4,'',1,7800,4,'',1,7700,4,'',1,3200,4,'',1,7700,4,'',1,7800,4,'',1,3600,4,'',1,7100,4,'',1,2800,4,'',1,7500,4,'',1,3300,4,'',1,7000,4,'',1,2800,4,'',1,6900,4,'',1,3000,4,'',1,6900,4,'',1,4500,4,'',1,8300,4,'',1,8400,4,'',1,8200,4,'',1,4100,4,'',1
'24JA08-CPBlock-Sunday-13',101,60400,,'',1,4300,,'',1,7400,,'',1,3700,,'',1,8100,,'',1,8000,,'',1,8100,,'',1,4600,,'',1,8600,,'',1,8700,,'',1,8800,,'',1,4800,,'',1,8900,,'',1,9000,,'',1,8800,,'',1,8500,,'',1,4700,,'',1,8500,,'',1,8200,,'',1
'24JA08-CPBlock-Sunday-13',102,74400,4,'',1,8500,4,'',1,7800,4,'',1,4500,4,'',1,8500,4,'',1,8300,4,'',1,8500,4,'',1,4900,4,'',1,8900,4,'',1,8900,4,'',1,8800,4,'',1,8800,4,'',1,4800,4,'',1,8800,4,'',1,8300,4,'',1,8200,4,'',1,4200,4,'',1,7900,4,'',1,7700,4,'',1
'24JA08-CPBlock-Weekday-11',101,50100,,'',1,1500,,'',1,2200,,'',1,1800,,'',1,6500,,'',1,2400,,'',1,5800,,'',1,2100,,'',1,2500,,'',1,6500,,'',1,2200,,'',1,6500,,'',1,2500,,'',1,2300,,'',1,7300,,'',1,3600,,'',1,8800,,'',1,8400,,'',1,7600,,'',1,2100,,'',1,2600,,'',1,6600,,'',1,2500,,'',1,7200,,'',1,3000,,'',1,6800,,'',1,2600,,'',1,6400,,'',1,2600,,'',1,2700,,'',1,6600,,'',1,2600,,'',1,6400,,'',1,2200,,'',1,7100,,'',1,4100,,'',1,7900,,'',1,7700,,'',1,3600,,'',1,7500,,'',1,3600,,'',1,7200,,'',1
'24JA08-CPBlock-Weekday-11',102,45400,4,'',1,15700,4,'',1,3500,4,'',1,7000,4,'',1,2400,4,'',1,6400,4,'',1,2300,4,'',1,2400,4,'',1,6500,4,'',1,2400,4,'',1,6400,4,'',1,2100,4,'',1,2400,4,'',1,8400,4,'',1,8700,4,'',1,3600,4,'',1,8600,4,'',1,8800,4,'',1,7700,4,'',1,2900,4,'',1,6700,4,'',1,2600,4,'',1,2500,4,'',1,6600,4,'',1,1700,4,'',1,1000,4,'',1,6800,4,'',1,2500,4,'',1,6300,4,'',1,2100,4,'',1,2400,4,'',1,6500,4,'',1,2200,4,'',1,2200,4,'',1,5900,4,'',1,3800,4,'',1,7600,4,'',1,7700,4,'',1,3400,4,'',1,7200,4,'',1
