'23DE25-CPBlock-Weekday-11',703,23400,4,'',1,8000,4,'',1,4100,4,'',1,8000,4,'',1,8000,4,'',1
'23DE25-CPBlock-Weekday-11',704,20500,,'',1,4000,,'',1,8000,,'',1,8000,,'',1
'23DE25-MABlock-Holiday1-25',703,53200,4,'',1,2700,4,'',1,6700,4,'',1,2700,4,'',1,6700,4,'',1,2700,4,'',1,6800,4,'',1,2800,4,'',1,6800,4,'',1,2900,4,'',1,6900,4,'',1,2900,4,'',1,6900,4,'',1,3000,4,'',1,7000,4,'',1,3100,4,'',1,7000,4,'',1,3000,4,'',1,7100,4,'',1,3000,4,'',1,7300,4,'',1,3200,4,'',1,7100,4,'',1,3100,4,'',1,7000,4,'',1,3100,4,'',1,7000,4,'',1,3100,4,'',1,6700,4,'',1,3100,4,'',1,7000,4,'',1,3000,4,'',1,6500,4,'',1,2800,4,'',1,6800,4,'',1,2700,4,'',1,6800,4,'',1,2800,4,'',1,2700,4,'',1
'23DE25-MABlock-Holiday1-25',704,51300,,'',1,2700,,'',1,6700,,'',1,2700,,'',1,6700,,'',1,2700,,'',1,2700,,'',1,6700,,'',1,2800,,'',1,6800,,'',1,2900,,'',1,6900,,'',1,2900,,'',1,7000,,'',1,3000,,'',1,7000,,'',1,3000,,'',1,7000,,'',1,3100,,'',1,7100,,'',1,3100,,'',1,7100,,'',1,3100,,'',1,7100,,'',1,3100,,'',1,7100,,'',1,3100,,'',1,7000,,'',1,3000,,'',1,7000,,'',1,3000,,'',1,6900,,'',1,2900,,'',1,6800,,'',1,2800,,'',1,6800,,'',1,2800,,'',1,6700,,'',1,2700,,'',1
'23DE25-MABlock-Saturday-22',703,45200,4,'',1,6900,4,'',1,3000,4,'',1,7400,4,'',1,3000,4,'',1,7100,4,'',1,3300,4,'',1,7200,4,'',1,7200,4,'',1,3300,4,'',1,7400,4,'',1,3500,4,'',1,7200,4,'',1,3300,4,'',1,6400,4,'',1,2700,4,'',1,7000,4,'',1,2800,4,'',1,6800,4,'',1,2800,4,'',1,6900,4,'',1,2800,4,'',1,6800,4,'',1,2800,4,'',1,2800,4,'',1,6800,4,'',1,2800,4,'',1,6800,4,'',1,2700,4,'',1,6800,4,'',1,2700,4,'',1,6900,4,'',1,2700,4,'',1,8000,4,'',1,4100,4,'',1,7800,4,'',1,8000,4,'',1,3900,4,'',1,7700,4,'',1,7700,4,'',1
'23DE25-MABlock-Saturday-22',704,43200,,'',1,6800,,'',1,2900,,'',1,3000,,'',1,7200,,'',1,7100,,'',1,3200,,'',1,7200,,'',1,3200,,'',1,7300,,'',1,3400,,'',1,7500,,'',1,3400,,'',1,7100,,'',1,3200,,'',1,6800,,'',1,2700,,'',1,6700,,'',1,2700,,'',1,6700,,'',1,2900,,'',1,6900,,'',1,2800,,'',1,6800,,'',1,2800,,'',1,6800,,'',1,2800,,'',1,2800,,'',1,6800,,'',1,2800,,'',1,6600,,'',1,8100,,'',1,4300,,'',1,8300,,'',1,7900,,'',1,3900,,'',1,7900,,'',1,7800,,'',1
'23DE25-MABlock-Sunday-23',703,53200,4,'',1,2700,4,'',1,6700,4,'',1,2700,4,'',1,6700,4,'',1,2700,4,'',1,6800,4,'',1,2800,4,'',1,6800,4,'',1,2900,4,'',1,6900,4,'',1,2900,4,'',1,6900,4,'',1,3000,4,'',1,7000,4,'',1,3100,4,'',1,7000,4,'',1,3000,4,'',1,7100,4,'',1,3000,4,'',1,7300,4,'',1,3200,4,'',1,7100,4,'',1,3100,4,'',1,7000,4,'',1,3100,4,'',1,7000,4,'',1,3100,4,'',1,6700,4,'',1,3100,4,'',1,7000,4,'',1,3000,4,'',1,6500,4,'',1,2800,4,'',1,6800,4,'',1,2700,4,'',1,6800,4,'',1,2800,4,'',1,2700,4,'',1,6700,4,'',2,2700,4,'',2,6700,4,'',2,2700,4,'',2,6700,4,'',2,2700,4,'',2,6700,4,'',2
'23DE25-MABlock-Sunday-23',704,51300,,'',1,2700,,'',1,6700,,'',1,2700,,'',1,6700,,'',1,2700,,'',1,2700,,'',1,6700,,'',1,2800,,'',1,6800,,'',1,2900,,'',1,6900,,'',1,2900,,'',1,7000,,'',1,3000,,'',1,7000,,'',1,3000,,'',1,7000,,'',1,3100,,'',1,7100,,'',1,3100,,'',1,7100,,'',1,3100,,'',1,7100,,'',1,3100,,'',1,7100,,'',1,3100,,'',1,7000,,'',1,3000,,'',1,7000,,'',1,3000,,'',1,6900,,'',1,2900,,'',1,6800,,'',1,2800,,'',1,6800,,'',1,2800,,'',1,6700,,'',1,2700,,'',1,6700,,'',2,2700,,'',2,2700,,'',2,6700,,'',2,2700,,'',2,6700,,'',2
'23DE25-MABlock-Weekday-21',703,55100,4,'',1,6500,4,'',1,2300,4,'',1,6200,4,'',1,2200,4,'',1,2200,4,'',1,6100,4,'',1,2200,4,'',1,2200,4,'',1,6100,4,'',1,2100,4,'',1,2000,4,'',1,6400,4,'',1,2400,4,'',1,6600,4,'',1,2900,4,'',1,6900,4,'',1,2800,4,'',1,2700,4,'',1,6600,4,'',1,2100,4,'',1,6200,4,'',1,2200,4,'',1,2100,4,'',1,6200,4,'',1,2300,4,'',1,2200,4,'',1,6400,4,'',1,2400,4,'',1,6500,4,'',1,2500,4,'',1,6500,4,'',1,2200,4,'',1,2300,4,'',1,6200,4,'',1,2100,4,'',1,2000,4,'',1,6000,4,'',1,1900,4,'',1,2000,4,'',1,6200,4,'',1,2100,4,'',1,2100,4,'',1,6600,4,'',1,2600,4,'',1,6500,4,'',1,2400,4,'',1,7000,4,'',1,2900,4,'',1,7100,4,'',1,2900,4,'',1,6900,4,'',1,3100,4,'',1
'23DE25-MABlock-Weekday-21',704,43100,,'',1,1800,,'',1,5800,,'',1,1800,,'',1,1800,,'',1,5900,,'',1,2200,,'',1,2200,,'',1,6200,,'',1,2200,,'',1,2200,,'',1,6200,,'',1,2200,,'',1,2100,,'',1,6100,,'',1,2000,,'',1,2000,,'',1,6400,,'',1,2500,,'',1,6500,,'',1,2000,,'',1,2000,,'',1,6000,,'',1,2000,,'',1,2000,,'',1,6000,,'',1,2000,,'',1,2000,,'',1,6200,,'',1,2200,,'',1,2300,,'',1,6300,,'',1,2300,,'',1,6400,,'',1,2400,,'',1,2400,,'',1,6400,,'',1,2400,,'',1,6400,,'',1,2200,,'',1,2200,,'',1,6200,,'',1,2200,,'',1,2000,,'',1,6000,,'',1,2000,,'',1,6500,,'',1,2500,,'',1,3200,,'',1,7200,,'',1,7200,,'',1,3300,,'',1,7300,,'',1,3200,,'',1,7000,,'',1,2800,,'',1
'24JA08-CPBlock-Weekday-11',703,23400,4,'',1,8000,4,'',1,4100,4,'',1,8000,4,'',1,8000,4,'',1
'24JA08-CPBlock-Weekday-11',704,20500,,'',1,4000,,'',1,8000,,'',1,8000,,'',1
'24JA08-MABlock-Holiday1-24',703,53200,4,'',1,2700,4,'',1,6700,4,'',1,2700,4,'',1,6700,4,'',1,2700,4,'',1,6800,4,'',1,2800,4,'',1,6800,4,'',1,2900,4,'',1,6900,4,'',1,2900,4,'',1,6900,4,'',1,3000,4,'',1,7000,4,'',1,3100,4,'',1,7000,4,'',1,3000,4,'',1,7100,4,'',1,3000,4,'',1,7300,4,'',1,3200,4,'',1,7100,4,'',1,3100,4,'',1,7000,4,'',1,3100,4,'',1,7000,4,'',1,3100,4,'',1,6700,4,'',1,3100,4,'',1,7000,4,'',1,3000,4,'',1,6500,4,'',1,2800,4,'',1,6800,4,'',1,2700,4,'',1,6800,4,'',1,2800,4,'',1,2700,4,'',1
'24JA08-MABlock-Holiday1-24',704,51300,,'',1,2700,,'',1,6700,,'',1,2700,,'',1,6700,,'',1,2700,,'',1,2700,,'',1,6700,,'',1,2800,,'',1,6800,,'',1,2900,,'',1,6900,,'',1,2900,,'',1,7000,,'',1,3000,,'',1,7000,,'',1,3000,,'',1,7000,,'',1,3100,,'',1,7100,,'',1,3100,,'',1,7100,,'',1,3100,,'',1,7100,,'',1,3100,,'',1,7100,,'',1,3100,,'',1,7000,,'',1,3000,,'',1,7000,,'',1,3000,,'',1,6900,,'',1,2900,,'',1,6800,,'',1,2800,,'',1,6800,,'',1,2800,,'',1,6700,,'',1,2700,,'',1
'24JA08-MABlock-Saturday-22',703,45200,4,'',1,6900,4,'',1,3000,4,'',1,7400,4,'',1,3000,4,'',1,7100,4,'',1,3300,4,'',1,7200,4,'',1,7200,4,'',1,3300,4,'',1,7400,4,'',1,3500,4,'',1,7200,4,'',1,3300,4,'',1,6400,4,'',1,2700,4,'',1,7000,4,'',1,2800,4,'',1,6800,4,'',1,2800,4,'',1,6900,4,'',1,2800,4,'',1,6800,4,'',1,2800,4,'',1,2800,4,'',1,6800,4,'',1,2800,4,'',1,6800,4,'',1,2700,4,'',1,6800,4,'',1,2700,4,'',1,6900,4,'',1,2700,4,'',1,8000,4,'',1,4100,4,'',1,7800,4,'',1,8000,4,'',1,3900,4,'',1,7700,4,'',1,7700,4,'',1
'24JA08-MABlock-Saturday-22',704,43200,,'',1,6800,,'',1,2900,,'',1,3000,,'',1,7200,,'',1,7100,,'',1,3200,,'',1,7200,,'',1,3200,,'',1,7300,,'',1,3400,,'',1,7500,,'',1,3400,,'',1,7100,,'',1,3200,,'',1,6800,,'',1,2700,,'',1,6700,,'',1,2700,,'',1,6700,,'',1,2900,,'',1,6900,,'',1,2800,,'',1,6800,,'',1,2800,,'',1,6800,,'',1,2800,,'',1,2800,,'',1,6800,,'',1,2800,,'',1,6600,,'',1,8100,,'',1,4300,,'',1,8300,,'',1,7900,,'',1,3900,,'',1,7900,,'',1,7800,,'',1
'24JA08-MABlock-Sunday-23',703,53200,4,'',1,2700,4,'',1,6700,4,'',1,2700,4,'',1,6700,4,'',1,2700,4,'',1,6800,4,'',1,2800,4,'',1,6800,4,'',1,2900,4,'',1,6900,4,'',1,2900,4,'',1,6900,4,'',1,3000,4,'',1,7000,4,'',1,3100,4,'',1,7000,4,'',1,3000,4,'',1,7100,4,'',1,3000,4,'',1,7300,4,'',1,3200,4,'',1,7100,4,'',1,3100,4,'',1,7000,4,'',1,3100,4,'',1,7000,4,'',1,3100,4,'',1,6700,4,'',1,3100,4,'',1,7000,4,'',1,3000,4,'',1,6500,4,'',1,2800,4,'',1,6800,4,'',1,2700,4,'',1,6800,4,'',1,2800,4,'',1,2700,4,'',1
'24JA08-MABlock-Sunday-23',704,51300,,'',1,2700,,'',1,6700,,'',1,2700,,'',1,6700,,'',1,2700,,'',1,2700,,'',1,6700,,'',1,2800,,'',1,6800,,'',1,2900,,'',1,6900,,'',1,2900,,'',1,7000,,'',1,3000,,'',1,7000,,'',1,3000,,'',1,7000,,'',1,3100,,'',1,7100,,'',1,3100,,'',1,7100,,'',1,3100,,'',1,7100,,'',1,3100,,'',1,7100,,'',1,3100,,'',1,7000,,'',1,3000,,'',1,7000,,'',1,3000,,'',1,6900,,'',1,2900,,'',1,6800,,'',1,2800,,'',1,6800,,'',1,2800,,'',1,6700,,'',1,2700,,'',1
'24JA08-MABlock-Weekday-21',703,55100,4,'',1,6500,4,'',1,2300,4,'',1,6200,4,'',1,2200,4,'',1,2200,4,'',1,6100,4,'',1,2200,4,'',1,2200,4,'',1,6100,4,'',1,2100,4,'',1,2000,4,'',1,6400,4,'',1,2400,4,'',1,6600,4,'',1,2900,4,'',1,6900,4,'',1,2800,4,'',1,2700,4,'',1,6600,4,'',1,2100,4,'',1,6200,4,'',1,2200,4,'',1,2100,4,'',1,6200,4,'',1,2300,4,'',1,2200,4,'',1,6400,4,'',1,2400,4,'',1,6500,4,'',1,2500,4,'',1,6500,4,'',1,2200,4,'',1,2300,4,'',1,6200,4,'',1,2100,4,'',1,2000,4,'',1,6000,4,'',1,1900,4,'',1,2000,4,'',1,6200,4,'',1,2100,4,'',1,2100,4,'',1,6600,4,'',1,2600,4,'',1,6500,4,'',1,2400,4,'',1,7000,4,'',1,2900,4,'',1,7100,4,'',1,2900,4,'',1,6900,4,'',1,3100,4,'',1
'24JA08-MABlock-Weekday-21',704,43100,,'',1,1800,,'',1,5800,,'',1,1800,,'',1,1800,,'',1,5900,,'',1,2200,,'',1,2200,,'',1,6200,,'',1,2200,,'',1,2200,,'',1,6200,,'',1,2200,,'',1,2100,,'',1,6100,,'',1,2000,,'',1,2000,,'',1,6400,,'',1,2500,,'',1,6500,,'',1,2000,,'',1,2000,,'',1,6000,,'',1,2000,,'',1,2000,,'',1,6000,,'',1,2000,,'',1,2000,,'',1,6200,,'',1,2200,,'',1,2300,,'',1,6300,,'',1,2300,,'',1,6400,,'',1,2400,,'',1,2400,,'',1,6400,,'',1,2400,,'',1,6400,,'',1,2200,,'',1,2200,,'',1,6200,,'',1,2200,,'',1,2000,,'',1,6000,,'',1,2000,,'',1,6500,,'',1,2500,,'',1,3200,,'',1,7200,,'',1,7200,,'',1,3300,,'',1,7300,,'',1,3200,,'',1,7000,,'',1,2800,,'',1
