'23OC23-CPBlock-Saturday-12',401,61000,,'',1,3400,,'',1,7500,,'',1,3500,,'',1,7600,,'',1,7600,,'',1,3600,,'',1,7600,,'',1,3600,,'',1,7800,,'',1,7900,,'',1,3900,,'',1,7900,,'',1,7900,,'',1,3900,,'',1,7900,,'',1,8000,,'',1,4000,,'',1,7800,,'',1,7800,,'',1,3700,,'',1,7600,,'',1,3600,,'',1,7600,,'',1,7500,,'',1,3500,,'',1
'23OC23-CPBlock-Saturday-12',402,71200,4,'',1,3600,4,'',1,7600,4,'',1,3500,4,'',1,7500,4,'',1,7600,4,'',1,3600,4,'',1,7800,4,'',1,7800,4,'',1,4100,4,'',1,7900,4,'',1,7800,4,'',1,3900,4,'',1,7900,4,'',1,4000,4,'',1,8000,4,'',1,7900,4,'',1,3600,4,'',1,7700,4,'',1,7700,4,'',1,3600,4,'',1,7500,4,'',1,3600,4,'',1,7500,4,'',1,7500,4,'',1,3400,4,'',1,7500,4,'',1
'23OC23-CPBlock-Sunday-13',401,75000,,'',1,7800,,'',1,7800,,'',1,3800,,'',1,7800,,'',1,7800,,'',1,3800,,'',1,7800,,'',1,3800,,'',1,7800,,'',1,7800,,'',1,3800,,'',1,7800,,'',1,7800,,'',1,3800,,'',1,7800,,'',1,8000,,'',1,4000,,'',1,8000,,'',1
'23OC23-CPBlock-Sunday-13',402,74400,4,'',1,7800,4,'',1,11200,4,'',1,7700,4,'',1,3900,4,'',1,7800,4,'',1,8000,4,'',1,3800,4,'',1,7900,4,'',1,7800,4,'',1,3800,4,'',1,7800,4,'',1,3800,4,'',1,7800,4,'',1,7800,4,'',1,3800,4,'',1,7900,4,'',1,8000,4,'',1,3800,4,'',1,7900,4,'',1,7900,4,'',1
'23OC23-CPBlock-Weekday-11',401,45000,,'',1,8100,,'',1,8100,,'',1,3800,,'',1,8000,,'',1,8200,,'',1,4200,,'',1,8000,,'',1,8100,,'',1,4100,,'',1,8000,,'',1,8000,,'',1,4100,,'',1,8000,,'',1,7200,,'',1,2300,,'',1,7600,,'',1,3600,,'',1,7600,,'',1,3400,,'',1,7300,,'',1,7300,,'',1,3300,,'',1,9900,,'',1,9900,,'',1,9900,,'',1,9900,,'',1
'23OC23-CPBlock-Weekday-11',402,44200,4,'',1,8100,4,'',1,8100,4,'',1,3400,4,'',1,8400,4,'',1,8100,4,'',1,1800,4,'',1,2300,4,'',1,8000,4,'',1,8100,4,'',1,4100,4,'',1,8100,4,'',1,8000,4,'',1,4100,4,'',1,8100,4,'',1,8200,4,'',1,4200,4,'',1,8400,4,'',1,7700,4,'',1,3100,4,'',1,7100,4,'',1,3500,4,'',1,7300,4,'',1,2900,4,'',1,7100,4,'',1,3100,4,'',1,6900,4,'',1,9600,4,'',1,9800,4,'',1,9600,4,'',1,9600,4,'',1
'23SE04-CPBlock-Saturday-12',401,61000,,'',1,3400,,'',1,7400,,'',1,3400,,'',1,7300,,'',1,3300,,'',1,7300,,'',1,7300,,'',1,3300,,'',1,7300,,'',1,3300,,'',1,7300,,'',1,3300,,'',1,7300,,'',1,3300,,'',1,7300,,'',1,7300,,'',1,3300,,'',1,7300,,'',1,3300,,'',1,7300,,'',1,3300,,'',1,7300,,'',1,3300,,'',1,7300,,'',1,3300,,'',1,7400,,'',1,7400,,'',1,3400,,'',1
'23SE04-CPBlock-Saturday-12',402,71200,4,'',1,3100,4,'',1,7300,4,'',1,3300,4,'',1,7300,4,'',1,3300,4,'',1,7300,4,'',1,7300,4,'',1,3400,4,'',1,7400,4,'',1,3300,4,'',1,7300,4,'',1,3300,4,'',1,7300,4,'',1,3300,4,'',1,7300,4,'',1,7300,4,'',1,3300,4,'',1,7300,4,'',1,3300,4,'',1,7300,4,'',1,3300,4,'',1,7200,4,'',1,3200,4,'',1,7300,4,'',1,3300,4,'',1,7300,4,'',1,7300,4,'',1,3400,4,'',1,7500,4,'',1
'23SE04-CPBlock-Sunday-13',401,75500,,'',1,7300,,'',1,7300,,'',1,3300,,'',1,7300,,'',1,3300,,'',1,7300,,'',1,3300,,'',1,7300,,'',1,3300,,'',1,7300,,'',1,3300,,'',1,7300,,'',1,7300,,'',1,3300,,'',1,7300,,'',1,3300,,'',1,7300,,'',1,3300,,'',1,7300,,'',1,3300,,'',1,7400,,'',1
'23SE04-CPBlock-Sunday-13',402,75400,4,'',1,7300,4,'',1,9600,4,'',1,3300,4,'',1,7300,4,'',1,7300,4,'',1,3500,4,'',1,7400,4,'',1,3300,4,'',1,7300,4,'',1,3300,4,'',1,7300,4,'',1,3300,4,'',1,7300,4,'',1,7300,4,'',1,3300,4,'',1,7300,4,'',1,3300,4,'',1,7300,4,'',1,3300,4,'',1,7200,4,'',1,3200,4,'',1,7500,4,'',1,7600,4,'',1
'23SE04-CPBlock-Weekday-11',401,45000,,'',1,7000,,'',1,3000,,'',1,7600,,'',1,7500,,'',1,3600,,'',1,7500,,'',1,3600,,'',1,7600,,'',1,7600,,'',1,3600,,'',1,7600,,'',1,3600,,'',1,7600,,'',1,7600,,'',1,3500,,'',1,7500,,'',1,3600,,'',1,7700,,'',1,7700,,'',1,3700,,'',1,7700,,'',1,3700,,'',1,7600,,'',1,7500,,'',1,3500,,'',1,7600,,'',1,3400,,'',1,7400,,'',1,3500,,'',1,7500,,'',1
'23SE04-CPBlock-Weekday-11',402,45000,4,'',1,7000,4,'',1,3000,4,'',1,6900,4,'',1,3300,4,'',1,7500,4,'',1,7700,4,'',1,1700,4,'',1,1900,4,'',1,7500,4,'',1,3600,4,'',1,7600,4,'',1,7600,4,'',1,3600,4,'',1,7600,4,'',1,3600,4,'',1,7500,4,'',1,7600,4,'',1,3500,4,'',1,7600,4,'',1,3800,4,'',1,7700,4,'',1,7700,4,'',1,3700,4,'',1,7600,4,'',1,3500,4,'',1,7600,4,'',1,7600,4,'',1,3400,4,'',1,7300,4,'',1,3400,4,'',1,7300,4,'',1,3400,4,'',1,7400,4,'',1,7400,4,'',1
