'23OC23-CPBlock-Saturday-12',3501,60900,4,'',1,9300,4,'',1,2600,4,'',1,2700,4,'',1,6700,4,'',1,9500,4,'',1,2800,4,'',1,6800,4,'',1,2800,4,'',1,9500,4,'',1,6800,4,'',1,2900,4,'',1,7000,4,'',1,10000,4,'',1,3000,4,'',1,6900,4,'',1,2900,4,'',1,9900,4,'',1,7000,4,'',1,3000,4,'',1,7000,4,'',1,5800,4,'',1,6700,4,'',1,2700,4,'',1,6900,4,'',1,9800,4,'',1,3500,4,'',1,7500,4,'',1,10700,4,'',1
'23OC23-CPBlock-Saturday-12',3502,61800,,'',1,9200,,'',1,2700,,'',1,6700,,'',1,2700,,'',1,9400,,'',1,2800,,'',1,6800,,'',1,2800,,'',1,9600,,'',1,6800,,'',1,2900,,'',1,6900,,'',1,9900,,'',1,3000,,'',1,7000,,'',1,3000,,'',1,10000,,'',1,7000,,'',1,2900,,'',1,6900,,'',1,9700,,'',1,2800,,'',1,6800,,'',1,2800,,'',1,9900,,'',1,7300,,'',1,3500,,'',1
'23OC23-CPBlock-Sunday-13',3501,74700,4,'',1,7100,4,'',1,3300,4,'',1,7200,4,'',1,3300,4,'',1,7200,4,'',1,7200,4,'',1,3300,4,'',1,7400,4,'',1,3400,4,'',1,7400,4,'',1,3400,4,'',1,7600,4,'',1,7500,4,'',1,3500,4,'',1,7500,4,'',1,3500,4,'',1,7500,4,'',1,3400,4,'',1,7400,4,'',1,7300,4,'',1,3200,4,'',1,7400,4,'',1,3400,4,'',1,7400,4,'',1,3100,4,'',1,7100,4,'',1,3000,4,'',1,7000,4,'',1,2900,4,'',1
'23OC23-CPBlock-Sunday-13',3502,73100,,'',1,2500,,'',1,7100,,'',1,3200,,'',1,7200,,'',1,7300,,'',1,3200,,'',1,7200,,'',1,3300,,'',1,7300,,'',1,3400,,'',1,7400,,'',1,3500,,'',1,7500,,'',1,7500,,'',1,3500,,'',1,7500,,'',1,3500,,'',1,7500,,'',1,7500,,'',1,3500,,'',1,7500,,'',1,3500,,'',1,7000,,'',1,3500,,'',1,7500,,'',1,3000,,'',1,7000,,'',1,3000,,'',1,7000,,'',1,3000,,'',1
'23OC23-CPBlock-Weekday-11',3501,50000,4,'',1,2400,4,'',1,2500,4,'',1,6600,4,'',1,1300,4,'',1,1100,4,'',1,1200,4,'',1,5000,4,'',1,1100,4,'',1,1200,4,'',1,1400,4,'',1,1000,4,'',1,1000,4,'',1,5000,4,'',1,900,4,'',1,1000,4,'',1,1000,4,'',1,1000,4,'',1,1000,4,'',1,5000,4,'',1,1000,4,'',1,1000,4,'',1,1000,4,'',1,1000,4,'',1,1100,4,'',1,5400,4,'',1,2200,4,'',1,2200,4,'',1,6300,4,'',1,2300,4,'',1,6200,4,'',1,2300,4,'',1,2300,4,'',1,6300,4,'',1,2300,4,'',1,2300,4,'',1,5700,4,'',1,1100,4,'',1,1000,4,'',1,1000,4,'',1,1000,4,'',1,5000,4,'',1,1000,4,'',1,1100,4,'',1,1100,4,'',1,1000,4,'',1,5200,4,'',1,1200,4,'',1,1100,4,'',1,900,4,'',1,1000,4,'',1,1000,4,'',1,5100,4,'',1,1000,4,'',1,1000,4,'',1,1000,4,'',1,1100,4,'',1,1000,4,'',1,5000,4,'',1,1000,4,'',1,900,4,'',1,900,4,'',1,1000,4,'',1,1100,4,'',1,5100,4,'',1,500,4,'',1,800,4,'',1,1000,4,'',1,1000,4,'',1,1000,4,'',1,5300,4,'',1,1300,4,'',1,1400,4,'',1,1300,4,'',1,1500,4,'',1,5400,4,'',1,1400,4,'',1,1500,4,'',1,1600,4,'',1,6700,4,'',1,2700,4,'',1,6500,4,'',1,2300,4,'',1,6500,4,'',1,2400,4,'',1,2500,4,'',1,6500,4,'',1,2500,4,'',1
'23OC23-CPBlock-Weekday-11',3502,51300,,'',1,1800,,'',1,1400,,'',1,1400,,'',1,5000,,'',1,1000,,'',1,1000,,'',1,1000,,'',1,1000,,'',1,1000,,'',1,5000,,'',1,1000,,'',1,900,,'',1,1100,,'',1,1000,,'',1,1000,,'',1,5000,,'',1,1000,,'',1,1000,,'',1,1000,,'',1,1000,,'',1,1000,,'',1,5700,,'',1,1800,,'',1,2200,,'',1,6300,,'',1,2300,,'',1,6300,,'',1,2300,,'',1,2200,,'',1,6300,,'',1,2300,,'',1,2100,,'',1,5900,,'',1,1000,,'',1,1000,,'',1,1000,,'',1,1000,,'',1,5000,,'',1,1000,,'',1,1000,,'',1,1000,,'',1,1000,,'',1,1000,,'',1,5000,,'',1,1000,,'',1,1000,,'',1,1100,,'',1,1100,,'',1,1100,,'',1,5100,,'',1,1100,,'',1,1100,,'',1,1000,,'',1,1000,,'',1,5000,,'',1,1000,,'',1,1000,,'',1,1000,,'',1,1000,,'',1,1000,,'',1,5000,,'',1,1000,,'',1,1000,,'',1,1000,,'',1,900,,'',1,900,,'',1,5200,,'',1,1500,,'',1,1500,,'',1,1500,,'',1,5500,,'',1,1900,,'',1,1800,,'',1,1800,,'',1,6000,,'',1,2500,,'',1,6500,,'',1,2500,,'',1,2500,,'',1,6500,,'',1,2500,,'',1,6500,,'',1,2500,,'',1,6500,,'',1,2500,,'',1,2500,,'',1
'23OC23-MABlock-Saturday-22',3501,63600,4,'',1,21300,4,'',1,25900,4,'',1,22400,4,'',1,26800,4,'',1,22900,4,'',1,21900,4,'',1,25400,4,'',1
'23OC23-MABlock-Saturday-22',3502,64400,,'',1,21400,,'',1,25900,,'',1,22300,,'',1,27000,,'',1,22700,,'',1,22100,,'',1,25300,,'',1
'23SE04-CPBlock-Saturday-12',3501,60900,4,'',1,9300,4,'',1,2600,4,'',1,2700,4,'',1,6700,4,'',1,9500,4,'',1,2800,4,'',1,6800,4,'',1,2800,4,'',1,9500,4,'',1,6800,4,'',1,2900,4,'',1,7000,4,'',1,10000,4,'',1,3000,4,'',1,6900,4,'',1,2900,4,'',1,9900,4,'',1,7000,4,'',1,3000,4,'',1,7000,4,'',1,5800,4,'',1,6700,4,'',1,2700,4,'',1,6900,4,'',1,9800,4,'',1,3500,4,'',1,7500,4,'',1,10700,4,'',1
'23SE04-CPBlock-Saturday-12',3502,61800,,'',1,9200,,'',1,2700,,'',1,6700,,'',1,2700,,'',1,9400,,'',1,2800,,'',1,6800,,'',1,2800,,'',1,9600,,'',1,6800,,'',1,2900,,'',1,6900,,'',1,9900,,'',1,3000,,'',1,7000,,'',1,3000,,'',1,10000,,'',1,7000,,'',1,2900,,'',1,6900,,'',1,9700,,'',1,2800,,'',1,6800,,'',1,2800,,'',1,9900,,'',1,7300,,'',1,3500,,'',1
'23SE04-CPBlock-Sunday-13',3501,74700,4,'',1,7100,4,'',1,3300,4,'',1,7200,4,'',1,3300,4,'',1,7200,4,'',1,7200,4,'',1,3300,4,'',1,7400,4,'',1,3400,4,'',1,7400,4,'',1,3400,4,'',1,7600,4,'',1,7500,4,'',1,3500,4,'',1,7500,4,'',1,3500,4,'',1,7500,4,'',1,3400,4,'',1,7400,4,'',1,7300,4,'',1,3200,4,'',1,7400,4,'',1,3400,4,'',1,7400,4,'',1,3100,4,'',1,7100,4,'',1,3000,4,'',1,7000,4,'',1
'23SE04-CPBlock-Sunday-13',3502,73100,,'',1,2500,,'',1,7100,,'',1,3200,,'',1,7200,,'',1,7300,,'',1,3200,,'',1,7200,,'',1,3300,,'',1,7300,,'',1,3400,,'',1,7400,,'',1,3500,,'',1,7500,,'',1,7500,,'',1,3500,,'',1,7500,,'',1,3500,,'',1,7500,,'',1,7500,,'',1,3500,,'',1,7500,,'',1,3500,,'',1,7000,,'',1,3500,,'',1,7500,,'',1,3000,,'',1,7000,,'',1,3000,,'',1,7000,,'',1
'23SE04-CPBlock-Weekday-11',3501,50000,4,'',1,2400,4,'',1,2500,4,'',1,6600,4,'',1,1300,4,'',1,1100,4,'',1,1200,4,'',1,5000,4,'',1,1100,4,'',1,1200,4,'',1,1400,4,'',1,1000,4,'',1,1000,4,'',1,5000,4,'',1,900,4,'',1,1000,4,'',1,1000,4,'',1,1000,4,'',1,1000,4,'',1,5000,4,'',1,1000,4,'',1,1000,4,'',1,1000,4,'',1,1000,4,'',1,1100,4,'',1,5400,4,'',1,2200,4,'',1,2200,4,'',1,6300,4,'',1,2300,4,'',1,6200,4,'',1,2300,4,'',1,2300,4,'',1,6300,4,'',1,2300,4,'',1,2300,4,'',1,5700,4,'',1,1100,4,'',1,1000,4,'',1,1000,4,'',1,1000,4,'',1,5000,4,'',1,1000,4,'',1,1100,4,'',1,1100,4,'',1,1000,4,'',1,5200,4,'',1,1200,4,'',1,1100,4,'',1,900,4,'',1,1000,4,'',1,1000,4,'',1,5100,4,'',1,1000,4,'',1,1000,4,'',1,1000,4,'',1,1100,4,'',1,1000,4,'',1,5000,4,'',1,1000,4,'',1,900,4,'',1,900,4,'',1,1000,4,'',1,1100,4,'',1,5100,4,'',1,500,4,'',1,800,4,'',1,1000,4,'',1,1000,4,'',1,1000,4,'',1,5300,4,'',1,1300,4,'',1,1400,4,'',1,1300,4,'',1,1500,4,'',1,5400,4,'',1,1400,4,'',1,1500,4,'',1,1600,4,'',1,6700,4,'',1,2700,4,'',1,6500,4,'',1,2300,4,'',1,6500,4,'',1,2400,4,'',1,2500,4,'',1,6500,4,'',1,2500,4,'',1
'23SE04-CPBlock-Weekday-11',3502,51300,,'',1,1800,,'',1,1400,,'',1,1400,,'',1,5000,,'',1,1000,,'',1,1000,,'',1,1000,,'',1,1000,,'',1,1000,,'',1,5000,,'',1,1000,,'',1,900,,'',1,1100,,'',1,1000,,'',1,1000,,'',1,5000,,'',1,1000,,'',1,1000,,'',1,1000,,'',1,1000,,'',1,1000,,'',1,5700,,'',1,1800,,'',1,2200,,'',1,6300,,'',1,2300,,'',1,6300,,'',1,2300,,'',1,2200,,'',1,6300,,'',1,2300,,'',1,2100,,'',1,5900,,'',1,1000,,'',1,1000,,'',1,1000,,'',1,1000,,'',1,5000,,'',1,1000,,'',1,1000,,'',1,1000,,'',1,1000,,'',1,1000,,'',1,5000,,'',1,1000,,'',1,1000,,'',1,1100,,'',1,1100,,'',1,1100,,'',1,5100,,'',1,1100,,'',1,1100,,'',1,1000,,'',1,1000,,'',1,5000,,'',1,1000,,'',1,1000,,'',1,1000,,'',1,1000,,'',1,1000,,'',1,5000,,'',1,1000,,'',1,1000,,'',1,1000,,'',1,900,,'',1,900,,'',1,5200,,'',1,1500,,'',1,1500,,'',1,1500,,'',1,5500,,'',1,1900,,'',1,1800,,'',1,1800,,'',1,6000,,'',1,2500,,'',1,6500,,'',1,2500,,'',1,2500,,'',1,6500,,'',1,2500,,'',1,6500,,'',1,2500,,'',1,6500,,'',1,2500,,'',1,2500,,'',1
'23SE04-MABlock-Saturday-22',3501,63600,4,'',1,21300,4,'',1,25900,4,'',1,22400,4,'',1,26800,4,'',1,22900,4,'',1,21900,4,'',1,25400,4,'',1
'23SE04-MABlock-Saturday-22',3502,64400,,'',1,21400,,'',1,25900,,'',1,22300,,'',1,27000,,'',1,22700,,'',1,22100,,'',1,25300,,'',1
