'23DE25-CPBlock-Holiday1-15',2001,80600,4,'',1,3400,4,'',1,7400,4,'',1,3400,4,'',1,7500,4,'',1,3600,4,'',1,7700,4,'',1,7800,4,'',1,3700,4,'',1,7800,4,'',1,7900,4,'',1,3800,4,'',1,7800,4,'',1,7700,4,'',1,3800,4,'',1,7700,4,'',1,3600,4,'',1,7700,4,'',1,7400,4,'',1,3600,4,'',1,7400,4,'',1,3500,4,'',1
'23DE25-CPBlock-Holiday1-15',2002,81400,,'',1,3400,,'',1,7400,,'',1,3400,,'',1,7500,,'',1,7600,,'',1,3700,,'',1,7800,,'',1,7800,,'',1,3800,,'',1,7800,,'',1,3800,,'',1,7800,,'',1,7800,,'',1,3700,,'',1,7700,,'',1,7600,,'',1,3700,,'',1,7400,,'',1,3500,,'',1,7500,,'',1,3400,,'',1
'23DE25-CPBlock-Saturday-12',2001,64600,4,'',1,7200,4,'',1,3400,4,'',1,7500,4,'',1,7300,4,'',1,3500,4,'',1,7500,4,'',1,3100,4,'',1,6600,4,'',1,2900,4,'',1,6900,4,'',1,2800,4,'',1,6900,4,'',1,2900,4,'',1,6900,4,'',1,2900,4,'',1,2900,4,'',1,6900,4,'',1,2900,4,'',1,6900,4,'',1,2700,4,'',1,6900,4,'',1,2800,4,'',1,6900,4,'',1,2900,4,'',1,6700,4,'',1,2700,4,'',1,6600,4,'',1,2800,4,'',1,7500,4,'',1,3400,4,'',1,7600,4,'',1,3300,4,'',1,7300,4,'',1
'23DE25-CPBlock-Saturday-12',2002,65500,,'',1,7300,,'',1,7300,,'',1,3300,,'',1,7300,,'',1,3700,,'',1,7500,,'',1,2700,,'',1,6900,,'',1,2900,,'',1,6900,,'',1,2900,,'',1,6800,,'',1,2800,,'',1,6900,,'',1,2900,,'',1,6900,,'',1,2900,,'',1,6900,,'',1,2900,,'',1,6900,,'',1,2900,,'',1,2900,,'',1,6800,,'',1,2800,,'',1,6700,,'',1,2700,,'',1,6600,,'',1,3000,,'',1,7400,,'',1,3400,,'',1,7400,,'',1,7300,,'',1,3400,,'',1
'23DE25-CPBlock-Sunday-13',2001,80600,4,'',1,3400,4,'',1,7400,4,'',1,3400,4,'',1,7500,4,'',1,3600,4,'',1,7700,4,'',1,7800,4,'',1,3700,4,'',1,7800,4,'',1,7900,4,'',1,3800,4,'',1,7800,4,'',1,7700,4,'',1,3800,4,'',1,7700,4,'',1,3600,4,'',1,7700,4,'',1,7400,4,'',1,3600,4,'',1,7400,4,'',1,3500,4,'',1
'23DE25-CPBlock-Sunday-13',2002,81400,,'',1,3400,,'',1,7400,,'',1,3400,,'',1,7500,,'',1,7600,,'',1,3700,,'',1,7800,,'',1,7800,,'',1,3800,,'',1,7800,,'',1,3800,,'',1,7800,,'',1,7800,,'',1,3700,,'',1,7700,,'',1,7600,,'',1,3700,,'',1,7400,,'',1,3500,,'',1,7500,,'',1,3400,,'',1
'23DE25-CPBlock-Weekday-11',2001,52600,4,'',1,2000,4,'',1,5900,4,'',1,2000,4,'',1,2500,4,'',1,6300,4,'',1,2300,4,'',1,2200,4,'',1,6200,4,'',1,2200,4,'',1,6200,4,'',1,2200,4,'',1,2100,4,'',1,6200,4,'',1,2200,4,'',1,2200,4,'',1,6700,4,'',1,2700,4,'',1,6700,4,'',1,2700,4,'',1,6700,4,'',1,2900,4,'',1,6700,4,'',1,2000,4,'',1,2000,4,'',1,5900,4,'',1,2000,4,'',1,2000,4,'',1,6100,4,'',1,2200,4,'',1,2200,4,'',1,6200,4,'',1,2000,4,'',1,2000,4,'',1,6100,4,'',1,2000,4,'',1,2100,4,'',1,5800,4,'',1,1600,4,'',1,1900,4,'',1,5700,4,'',1,1700,4,'',1,2100,4,'',1,8600,4,'',1,8700,4,'',1,8700,4,'',1,4400,4,'',1,8500,4,'',1,8500,4,'',1
'23DE25-CPBlock-Weekday-11',2002,45400,,'',1,6000,,'',1,2000,,'',1,2000,,'',1,6100,,'',1,2200,,'',1,2200,,'',1,6200,,'',1,2200,,'',1,6200,,'',1,2200,,'',1,2200,,'',1,6200,,'',1,2200,,'',1,2200,,'',1,6200,,'',1,2200,,'',1,6200,,'',1,2800,,'',1,2700,,'',1,6700,,'',1,2700,,'',1,6700,,'',1,2700,,'',1,6700,,'',1,2000,,'',1,2000,,'',1,6000,,'',1,2000,,'',1,2000,,'',1,6000,,'',1,2200,,'',1,2200,,'',1,6200,,'',1,2100,,'',1,2100,,'',1,6000,,'',1,2000,,'',1,2000,,'',1,5800,,'',1,1800,,'',1,1800,,'',1,5700,,'',1,1700,,'',1,2000,,'',1,8600,,'',1,8700,,'',1,8700,,'',1,4500,,'',1,8500,,'',1,8400,,'',1
'24JA08-CPBlock-Holiday1-14',2001,80200,4,'',1,2800,4,'',1,2800,4,'',1,6900,4,'',1,2900,4,'',1,6800,4,'',1,2900,4,'',1,6900,4,'',1,2900,4,'',1,7100,4,'',1,3000,4,'',1,7000,4,'',1,3100,4,'',1,7000,4,'',1,3000,4,'',1,7000,4,'',1,3000,4,'',1,7000,4,'',1,3000,4,'',1,6900,4,'',1,3000,4,'',1,7000,4,'',1,2900,4,'',1,6900,4,'',1,3000,4,'',1,6800,4,'',1,2900,4,'',1
'24JA08-CPBlock-Holiday1-14',2002,81500,,'',1,2800,,'',1,6700,,'',1,2800,,'',1,6800,,'',1,2900,,'',1,6900,,'',1,2900,,'',1,6900,,'',1,3000,,'',1,7000,,'',1,3000,,'',1,7000,,'',1,3000,,'',1,7000,,'',1,3000,,'',1,7000,,'',1,3000,,'',1,7000,,'',1,3000,,'',1,7000,,'',1,3000,,'',1,7000,,'',1,3000,,'',1,6800,,'',1,2800,,'',1,2800,,'',1
'24JA08-CPBlock-Saturday-12',2001,64500,4,'',1,6700,4,'',1,2700,4,'',1,6700,4,'',1,2600,4,'',1,2600,4,'',1,6700,4,'',1,2800,4,'',1,6800,4,'',1,2900,4,'',1,6900,4,'',1,3100,4,'',1,6900,4,'',1,3000,4,'',1,7000,4,'',1,3000,4,'',1,7000,4,'',1,3000,4,'',1,7000,4,'',1,3000,4,'',1,7000,4,'',1,3000,4,'',1,6900,4,'',1,2900,4,'',1,6900,4,'',1,2900,4,'',1,6800,4,'',1,2800,4,'',1,6900,4,'',1,2700,4,'',1,6800,4,'',1,2700,4,'',1,2700,4,'',1,6800,4,'',1,2800,4,'',1,6800,4,'',1
'24JA08-CPBlock-Saturday-12',2002,65600,,'',1,6500,,'',1,2600,,'',1,6600,,'',1,2600,,'',1,6700,,'',1,2800,,'',1,6700,,'',1,2900,,'',1,2800,,'',1,6900,,'',1,3000,,'',1,7000,,'',1,3000,,'',1,6900,,'',1,3000,,'',1,7000,,'',1,3000,,'',1,7000,,'',1,3000,,'',1,7000,,'',1,3000,,'',1,7000,,'',1,3000,,'',1,7000,,'',1,2800,,'',1,6800,,'',1,2800,,'',1,6800,,'',1,2800,,'',1,6800,,'',1,2800,,'',1,6700,,'',1,2700,,'',1,6700,,'',1,2700,,'',1
'24JA08-CPBlock-Sunday-13',2001,80200,4,'',1,2800,4,'',1,2800,4,'',1,6900,4,'',1,2900,4,'',1,6800,4,'',1,2900,4,'',1,6900,4,'',1,2900,4,'',1,7100,4,'',1,3000,4,'',1,7000,4,'',1,3100,4,'',1,7000,4,'',1,3000,4,'',1,7000,4,'',1,3000,4,'',1,7000,4,'',1,3000,4,'',1,6900,4,'',1,3000,4,'',1,7000,4,'',1,2900,4,'',1,6900,4,'',1,3000,4,'',1,6800,4,'',1,2900,4,'',1
'24JA08-CPBlock-Sunday-13',2002,81500,,'',1,2800,,'',1,6700,,'',1,2800,,'',1,6800,,'',1,2900,,'',1,6900,,'',1,2900,,'',1,6900,,'',1,3000,,'',1,7000,,'',1,3000,,'',1,7000,,'',1,3000,,'',1,7000,,'',1,3000,,'',1,7000,,'',1,3000,,'',1,7000,,'',1,3000,,'',1,7000,,'',1,3000,,'',1,7000,,'',1,3000,,'',1,6800,,'',1,2800,,'',1,2800,,'',1
'24JA08-CPBlock-Weekday-11',2001,52900,4,'',1,2000,4,'',1,5900,4,'',1,2200,4,'',1,2000,4,'',1,6200,4,'',1,2200,4,'',1,2100,4,'',1,6200,4,'',1,1400,4,'',1,800,4,'',1,6100,4,'',1,2100,4,'',1,2100,4,'',1,6000,4,'',1,2100,4,'',1,2000,4,'',1,6000,4,'',1,2700,4,'',1,2800,4,'',1,6800,4,'',1,2800,4,'',1,6900,4,'',1,2900,4,'',1,6900,4,'',1,2200,4,'',1,1400,4,'',1,4700,4,'',1,2200,4,'',1,1500,4,'',1,6000,4,'',1,2100,4,'',1,2100,4,'',1,5900,4,'',1,1900,4,'',1,1900,4,'',1,6000,4,'',1,1900,4,'',1,1900,4,'',1,1800,4,'',1,5600,4,'',1,1700,4,'',1,1800,4,'',1,5800,4,'',1,1900,4,'',1,2900,4,'',1,7700,4,'',1,7700,4,'',1,3800,4,'',1,7700,4,'',1,3700,4,'',1,7500,4,'',1,7500,4,'',1
'24JA08-CPBlock-Weekday-11',2002,45700,,'',1,6000,,'',1,2000,,'',1,2000,,'',1,6100,,'',1,2100,,'',1,6100,,'',1,2100,,'',1,2100,,'',1,6200,,'',1,2200,,'',1,2200,,'',1,6100,,'',1,2100,,'',1,2100,,'',1,6100,,'',1,2100,,'',1,2000,,'',1,6000,,'',1,2600,,'',1,6800,,'',1,2800,,'',1,6800,,'',1,3100,,'',1,7000,,'',1,100,,'',1,500,,'',1,2100,,'',1,2200,,'',1,6000,,'',1,2000,,'',1,1700,,'',1,5900,,'',1,2100,,'',1,2100,,'',1,6000,,'',1,2000,,'',1,2000,,'',1,5900,,'',1,1900,,'',1,1900,,'',1,5700,,'',1,1700,,'',1,1700,,'',1,1700,,'',1,5700,,'',1,2100,,'',1,6700,,'',1,3800,,'',1,7800,,'',1,3800,,'',1,7600,,'',1,7600,,'',1,3600,,'',1,7600,,'',1
