'23OC23-CPBlock-Saturday-12',3603,54000,,'',1,7500,,'',1,3500,,'',1,7500,,'',1,7600,,'',1,3600,,'',1,7500,,'',1,3500,,'',1,7500,,'',1,3500,,'',1,7500,,'',1,7500,,'',1,3500,,'',1,7500,,'',1,3500,,'',1,7500,,'',1,7500,,'',1,3500,,'',1,7500,,'',1,3500,,'',1,7400,,'',1,3500,,'',1,7500,,'',1,7500,,'',1,3400,,'',1,7400,,'',1,3400,,'',1,7400,,'',1,3400,,'',1,7400,,'',1,7400,,'',1,3400,,'',1,7400,,'',1,3400,,'',1,7400,,'',1,3400,,'',1
'23OC23-CPBlock-Saturday-12',3604,60400,4,'',1,3500,4,'',1,7500,4,'',1,3500,4,'',1,7600,4,'',1,7500,4,'',1,3500,4,'',1,7500,4,'',1,3500,4,'',1,7600,4,'',1,3500,4,'',1,7500,4,'',1,7500,4,'',1,3500,4,'',1,7500,4,'',1,3500,4,'',1,7500,4,'',1,7500,4,'',1,3500,4,'',1,7400,4,'',1,3500,4,'',1,7500,4,'',1,3500,4,'',1,7600,4,'',1,7500,4,'',1,3400,4,'',1,7400,4,'',1,3400,4,'',1,7400,4,'',1,3400,4,'',1,7400,4,'',1,7400,4,'',1,3400,4,'',1,7400,4,'',1,3400,4,'',1
'23OC23-CPBlock-Sunday-13',3603,65900,,'',1,7600,,'',1,7600,,'',1,3600,,'',1,7600,,'',1,3600,,'',1,7600,,'',1,7600,,'',1,3600,,'',1,7600,,'',1,3600,,'',1,7600,,'',1,7600,,'',1,3600,,'',1,7600,,'',1,3600,,'',1,7600,,'',1,7600,,'',1,3600,,'',1,7600,,'',1,3600,,'',1,7600,,'',1,7600,,'',1,3600,,'',1,7600,,'',1,3600,,'',1,7600,,'',1,7600,,'',1,3600,,'',1
'23OC23-CPBlock-Sunday-13',3604,80400,4,'',1,3600,4,'',1,7700,4,'',1,3700,4,'',1,7600,4,'',1,7600,4,'',1,3600,4,'',1,7600,4,'',1,3600,4,'',1,7600,4,'',1,7600,4,'',1,3600,4,'',1,7600,4,'',1,3600,4,'',1,7600,4,'',1,7600,4,'',1,3600,4,'',1,7600,4,'',1,3600,4,'',1,7600,4,'',1,7500,4,'',1,3600,4,'',1,7600,4,'',1,3600,4,'',1,7600,4,'',1,7600,4,'',1,3500,4,'',1
'23OC23-CPBlock-Weekday-11',3603,54100,,'',1,7700,,'',1,3700,,'',1,7700,,'',1,300,,'',1,7400,,'',1,3700,,'',1,7700,,'',1,7700,,'',1,3700,,'',1,7700,,'',1,3700,,'',1,7700,,'',1,7700,,'',1,3700,,'',1,6500,,'',1,1200,,'',1,3700,,'',1,7700,,'',1,7700,,'',1,3700,,'',1,7700,,'',1,7700,,'',1,3700,,'',1,7700,,'',1,3500,,'',1,7600,,'',1,7500,,'',1,3500,,'',1,7500,,'',1,3500,,'',1,7500,,'',1,3400,,'',1,7400,,'',1,7400,,'',1,3300,,'',1,7300,,'',1
'23OC23-CPBlock-Weekday-11',3604,61100,4,'',1,3800,4,'',1,7700,4,'',1,7700,4,'',1,3800,4,'',1,7700,4,'',1,3600,4,'',1,7700,4,'',1,7700,4,'',1,3700,4,'',1,7800,4,'',1,7700,4,'',1,3700,4,'',1,7700,4,'',1,3400,4,'',1,300,4,'',1,7800,4,'',1,7700,4,'',1,3700,4,'',1,7700,4,'',1,3700,4,'',1,7600,4,'',1,7600,4,'',1,3600,4,'',1,7700,4,'',1,3500,4,'',1,7500,4,'',1,7500,4,'',1,3500,4,'',1,7500,4,'',1,3200,4,'',1,7200,4,'',1,3300,4,'',1,7300,4,'',1,7300,4,'',1
'23SE04-CPBlock-Saturday-12',3603,54000,,'',1,7500,,'',1,3500,,'',1,7500,,'',1,7600,,'',1,3600,,'',1,7500,,'',1,3500,,'',1,7500,,'',1,3500,,'',1,7500,,'',1,7500,,'',1,3500,,'',1,7500,,'',1,3500,,'',1,7500,,'',1,7500,,'',1,3500,,'',1,7500,,'',1,3500,,'',1,7400,,'',1,3500,,'',1,7500,,'',1,7500,,'',1,3400,,'',1,7400,,'',1,3400,,'',1,7400,,'',1,3400,,'',1,7400,,'',1,7400,,'',1,3400,,'',1,7400,,'',1,3400,,'',1,7400,,'',1,3400,,'',1
'23SE04-CPBlock-Saturday-12',3604,60400,4,'',1,3500,4,'',1,7500,4,'',1,3500,4,'',1,7600,4,'',1,7500,4,'',1,3500,4,'',1,7500,4,'',1,3500,4,'',1,7600,4,'',1,3500,4,'',1,7500,4,'',1,7500,4,'',1,3500,4,'',1,7500,4,'',1,3500,4,'',1,7500,4,'',1,7500,4,'',1,3500,4,'',1,7400,4,'',1,3500,4,'',1,7500,4,'',1,3500,4,'',1,7600,4,'',1,7500,4,'',1,3400,4,'',1,7400,4,'',1,3400,4,'',1,7400,4,'',1,3400,4,'',1,7400,4,'',1,7400,4,'',1,3400,4,'',1,7400,4,'',1,3400,4,'',1
'23SE04-CPBlock-Sunday-13',3603,65900,,'',1,7600,,'',1,7600,,'',1,3600,,'',1,7600,,'',1,3600,,'',1,7600,,'',1,7600,,'',1,3600,,'',1,7600,,'',1,3600,,'',1,7600,,'',1,7600,,'',1,3600,,'',1,7600,,'',1,3600,,'',1,7600,,'',1,7600,,'',1,3600,,'',1,7600,,'',1,3600,,'',1,7600,,'',1,7600,,'',1,3600,,'',1,7600,,'',1,3600,,'',1,7600,,'',1,7600,,'',1,3600,,'',1
'23SE04-CPBlock-Sunday-13',3604,80400,4,'',1,3600,4,'',1,7700,4,'',1,3700,4,'',1,7600,4,'',1,7600,4,'',1,3600,4,'',1,7600,4,'',1,3600,4,'',1,7600,4,'',1,7600,4,'',1,3600,4,'',1,7600,4,'',1,3600,4,'',1,7600,4,'',1,7600,4,'',1,3600,4,'',1,7600,4,'',1,3600,4,'',1,7600,4,'',1,7500,4,'',1,3600,4,'',1,7600,4,'',1,3600,4,'',1,7600,4,'',1,7600,4,'',1,3500,4,'',1
'23SE04-CPBlock-Weekday-11',3603,54100,,'',1,7700,,'',1,3700,,'',1,7700,,'',1,300,,'',1,7400,,'',1,3700,,'',1,7700,,'',1,7700,,'',1,3700,,'',1,7700,,'',1,3700,,'',1,7700,,'',1,7700,,'',1,3700,,'',1,6500,,'',1,1200,,'',1,3700,,'',1,7700,,'',1,7700,,'',1,3700,,'',1,7700,,'',1,7700,,'',1,3700,,'',1,7700,,'',1,3500,,'',1,7600,,'',1,7500,,'',1,3500,,'',1,7500,,'',1,3500,,'',1,7500,,'',1,3400,,'',1,7400,,'',1,7400,,'',1,3300,,'',1,7300,,'',1
'23SE04-CPBlock-Weekday-11',3604,61100,4,'',1,3800,4,'',1,7700,4,'',1,7700,4,'',1,3800,4,'',1,7700,4,'',1,3600,4,'',1,7700,4,'',1,7700,4,'',1,3700,4,'',1,7800,4,'',1,7700,4,'',1,3700,4,'',1,7700,4,'',1,3400,4,'',1,300,4,'',1,7800,4,'',1,7700,4,'',1,3700,4,'',1,7700,4,'',1,3700,4,'',1,7600,4,'',1,7600,4,'',1,3600,4,'',1,7700,4,'',1,3500,4,'',1,7500,4,'',1,7500,4,'',1,3500,4,'',1,7500,4,'',1,3200,4,'',1,7200,4,'',1,3300,4,'',1,7300,4,'',1,7300,4,'',1
