'23JA02-CPBlock-Weekday-11',1401,51000,,'',1,3000,,'',1,7300,,'',1,3000,,'',1,7800,,'',1,3000,,'',1,9700,,'',1,9400,,'',1,8500,,'',1,8500,,'',1,4500,,'',1,8500,,'',1,8500,,'',1,8500,,'',1,1900,,'',1,7600,,'',1,3300,,'',1,7900,,'',1,3900,,'',1,7300,,'',1,7900,,'',1,3500,,'',1,9200,,'',1,8400,,'',1,8500,,'',1,4500,,'',1,8500,,'',1
'23JA02-CPBlock-Weekday-11',1402,85500,4,'',1,8400,4,'',1,8400,4,'',1,8500,4,'',1,4500,4,'',1,8500,4,'',1,8500,4,'',1,8600,4,'',1,4800,4,'',1,100,4,'',1,44800,4,'',1,2900,4,'',1,8300,4,'',1,8400,4,'',1,4400,4,'',1,8500,4,'',1
'23JA02-CPBlock-Holiday1-14',4503,83200,,'',1,7000,,'',1,3000,,'',1,7000,,'',1,3000,,'',1,7000,,'',1,3100,,'',1,7000,,'',1,3000,,'',1,7000,,'',1,3100,,'',1,7100,,'',1,3100,,'',1,7200,,'',1,3200,,'',1,7200,,'',1,3200,,'',1,7200,,'',1,3200,,'',1,7200,,'',1,3100,,'',1,7100,,'',1,3100,,'',1,7100,,'',1,3100,,'',1
'23JA02-CPBlock-Holiday1-14',4504,82400,4,'',1,3000,4,'',1,7000,4,'',1,3000,4,'',1,7200,4,'',1,3000,4,'',1,7000,4,'',1,3000,4,'',1,7100,4,'',1,3000,4,'',1,7000,4,'',1,3000,4,'',1,7000,4,'',1,3200,4,'',1,7200,4,'',1,7200,4,'',1,3200,4,'',1,7200,4,'',1,3100,4,'',1,7200,4,'',1,3200,4,'',1,7100,4,'',1,3000,4,'',1,7200,4,'',1,3200,4,'',1
'23JA02-CPBlock-Saturday-12',4503,62800,,'',1,3000,,'',1,7000,,'',1,3000,,'',1,7100,,'',1,7100,,'',1,3100,,'',1,7100,,'',1,3200,,'',1,7200,,'',1,3300,,'',1,7300,,'',1,3300,,'',1,7300,,'',1,3300,,'',1,7300,,'',1,3300,,'',1,7300,,'',1,7300,,'',1,3300,,'',1,7300,,'',1,3300,,'',1,7200,,'',1,3500,,'',1,7400,,'',1,3000,,'',1,7000,,'',1,3000,,'',1
'23JA02-CPBlock-Saturday-12',4504,62200,4,'',1,3000,4,'',1,7000,4,'',1,3100,4,'',1,7100,4,'',1,3000,4,'',1,7000,4,'',1,3100,4,'',1,7000,4,'',1,3300,4,'',1,7300,4,'',1,7400,4,'',1,3300,4,'',1,7200,4,'',1,3300,4,'',1,7300,4,'',1,3300,4,'',1,7300,4,'',1,3300,4,'',1,7200,4,'',1,7300,4,'',1,3300,4,'',1,7400,4,'',1,3200,4,'',1,7300,4,'',1,3300,4,'',1,6900,4,'',1,3000,4,'',1
'23JA02-CPBlock-Sunday-13',4503,83200,,'',1,7000,,'',1,3000,,'',1,7000,,'',1,3000,,'',1,7000,,'',1,3100,,'',1,7000,,'',1,3000,,'',1,7000,,'',1,3100,,'',1,7100,,'',1,3100,,'',1,7200,,'',1,3200,,'',1,7200,,'',1,3200,,'',1,7200,,'',1,3200,,'',1,7200,,'',1,3100,,'',1,7100,,'',1,3100,,'',1,7100,,'',1,3100,,'',1
'23JA02-CPBlock-Sunday-13',4504,82400,4,'',1,3000,4,'',1,7000,4,'',1,3000,4,'',1,7200,4,'',1,3000,4,'',1,7000,4,'',1,3000,4,'',1,7100,4,'',1,3000,4,'',1,7000,4,'',1,3000,4,'',1,7000,4,'',1,3200,4,'',1,7200,4,'',1,7200,4,'',1,3200,4,'',1,7200,4,'',1,3100,4,'',1,7200,4,'',1,3200,4,'',1,7100,4,'',1,3000,4,'',1,7200,4,'',1,3200,4,'',1
'23JA02-CPBlock-Weekday-11',4503,45400,,'',1,7500,,'',1,3000,,'',1,6200,,'',1,1500,,'',1,1500,,'',1,5500,,'',1,1700,,'',1,1700,,'',1,1700,,'',1,5600,,'',1,1600,,'',1,1700,,'',1,5700,,'',1,2000,,'',1,2000,,'',1,6000,,'',1,2000,,'',1,2000,,'',1,6000,,'',1,2000,,'',1,2000,,'',1,6000,,'',1,2000,,'',1,2000,,'',1,6000,,'',1,1900,,'',1,1800,,'',1,1800,,'',1,5600,,'',1,1600,,'',1,1600,,'',1,5700,,'',1,1800,,'',1,1800,,'',1,1800,,'',1,5800,,'',1,1800,,'',1,1800,,'',1,5800,,'',1,1800,,'',1,1800,,'',1,5800,,'',1,1800,,'',1,1900,,'',1,7000,,'',1,3000,,'',1,7000,,'',1,3000,,'',1,7000,,'',1,3000,,'',1,7000,,'',1,3000,,'',1,6800,,'',1,2800,,'',1
'23JA02-CPBlock-Weekday-11',4504,52000,4,'',1,3200,4,'',1,6400,4,'',1,1400,4,'',1,2500,4,'',1,5600,4,'',1,2000,4,'',1,1400,4,'',1,6000,4,'',1,1300,4,'',1,2100,4,'',1,1400,4,'',1,6300,4,'',1,1500,4,'',1,2200,4,'',1,5400,4,'',1,2500,4,'',1,2000,4,'',1,6000,4,'',1,2000,4,'',1,2100,4,'',1,6000,4,'',1,2000,4,'',1,2000,4,'',1,6000,4,'',1,2100,4,'',1,2000,4,'',1,6000,4,'',1,2000,4,'',1,1900,4,'',1,6000,4,'',1,1500,4,'',1,2200,4,'',1,5400,4,'',1,2200,4,'',1,1400,4,'',1,6200,4,'',1,1400,4,'',1,2200,4,'',1,1400,4,'',1,6100,4,'',1,1400,4,'',1,2000,4,'',1,5300,4,'',1,2000,4,'',1,1600,4,'',1,6900,4,'',1,3000,4,'',1,6800,4,'',1,3000,4,'',1,7000,4,'',1,3000,4,'',1,6800,4,'',1,2800,4,'',1
