'23AP24-CPBlock-Holiday1-14',10903,81800,,'',1,2400,,'',1,6400,,'',1,2400,,'',1,2400,,'',1,6400,,'',1,2400,,'',1,6400,,'',1,2400,,'',1,2400,,'',1,6400,,'',1,2400,,'',1,6400,,'',1,2400,,'',1,2400,,'',1,6400,,'',1,2400,,'',1,6400,,'',1,2400,,'',1,2400,,'',1,6400,,'',1,2400,,'',1,6400,,'',1,2400,,'',1,2400,,'',1,6400,,'',1,2400,,'',1,6400,,'',1,2400,,'',1,2400,,'',1,6400,,'',1,2400,,'',1,6400,,'',1,2400,,'',1,2400,,'',1,6400,,'',1,2400,,'',1
'23AP24-CPBlock-Holiday1-14',10904,80600,4,'',1,2400,4,'',1,2400,4,'',1,6400,4,'',1,2400,4,'',1,6400,4,'',1,2500,4,'',1,2400,4,'',1,6500,4,'',1,2500,4,'',1,6500,4,'',1,2400,4,'',1,2400,4,'',1,6400,4,'',1,2400,4,'',1,6400,4,'',1,2400,4,'',1,2400,4,'',1,6400,4,'',1,2400,4,'',1,6400,4,'',1,2400,4,'',1,2400,4,'',1,6400,4,'',1,2400,4,'',1,6300,4,'',1,2300,4,'',1,2300,4,'',1,6400,4,'',1,2400,4,'',1,6400,4,'',1,2400,4,'',1,2400,4,'',1,6400,4,'',1,2400,4,'',1,6400,4,'',1,2400,4,'',1
'23AP24-CPBlock-Saturday-12',10903,74300,,'',1,6400,,'',1,2400,,'',1,2400,,'',1,6400,,'',1,2400,,'',1,6400,,'',1,2300,,'',1,2000,,'',1,6000,,'',1,2000,,'',1,2000,,'',1,6000,,'',1,2000,,'',1,2000,,'',1,6000,,'',1,2000,,'',1,2000,,'',1,6000,,'',1,2000,,'',1,2000,,'',1,6000,,'',1,2000,,'',1,2000,,'',1,6000,,'',1,2000,,'',1,1800,,'',1,6200,,'',1,2000,,'',1,2000,,'',1,5900,,'',1,2700,,'',1,7000,,'',1,3000,,'',1,7000,,'',1,3000,,'',1,7000,,'',1,3000,,'',1,7000,,'',1,3000,,'',1
'23AP24-CPBlock-Saturday-12',10904,73800,4,'',1,6400,4,'',1,2400,4,'',1,2200,4,'',1,6500,4,'',1,2500,4,'',1,2100,4,'',1,6200,4,'',1,2100,4,'',1,6000,4,'',1,1800,4,'',1,2000,4,'',1,6000,4,'',1,2000,4,'',1,2100,4,'',1,6000,4,'',1,2000,4,'',1,2000,4,'',1,6000,4,'',1,2000,4,'',1,2000,4,'',1,6000,4,'',1,2000,4,'',1,2000,4,'',1,6000,4,'',1,2000,4,'',1,2000,4,'',1,6000,4,'',1,2000,4,'',1,2000,4,'',1,6000,4,'',1,2000,4,'',1,1900,4,'',1,1900,4,'',1,6800,4,'',1,3000,4,'',1,7000,4,'',1,2900,4,'',1,7000,4,'',1,3000,4,'',1,7000,4,'',1
'23AP24-CPBlock-Sunday-13',10903,81800,,'',1,2400,,'',1,6400,,'',1,2400,,'',1,2400,,'',1,6400,,'',1,2400,,'',1,6400,,'',1,2400,,'',1,2400,,'',1,6400,,'',1,2400,,'',1,6400,,'',1,2400,,'',1,2400,,'',1,6400,,'',1,2400,,'',1,6400,,'',1,2400,,'',1,2400,,'',1,6400,,'',1,2400,,'',1,6400,,'',1,2400,,'',1,2400,,'',1,6400,,'',1,2400,,'',1,6400,,'',1,2400,,'',1,2400,,'',1,6400,,'',1,2400,,'',1,6400,,'',1,2400,,'',1,2400,,'',1,6400,,'',1,2400,,'',1
'23AP24-CPBlock-Sunday-13',10904,80600,4,'',1,2400,4,'',1,2400,4,'',1,6400,4,'',1,2400,4,'',1,6400,4,'',1,2500,4,'',1,2400,4,'',1,6500,4,'',1,2500,4,'',1,6500,4,'',1,2400,4,'',1,2400,4,'',1,6400,4,'',1,2400,4,'',1,6400,4,'',1,2400,4,'',1,2400,4,'',1,6400,4,'',1,2400,4,'',1,6400,4,'',1,2400,4,'',1,2400,4,'',1,6400,4,'',1,2400,4,'',1,6300,4,'',1,2300,4,'',1,2300,4,'',1,6400,4,'',1,2400,4,'',1,6400,4,'',1,2400,4,'',1,2400,4,'',1,6400,4,'',1,2400,4,'',1,6400,4,'',1,2400,4,'',1
'23AP24-CPBlock-Weekday-11',10903,51700,,'',1,1600,,'',1,1500,,'',1,5600,,'',1,1600,,'',1,1600,,'',1,1700,,'',1,5700,,'',1,1600,,'',1,1600,,'',1,1600,,'',1,5600,,'',1,1600,,'',1,1700,,'',1,5700,,'',1,1700,,'',1,2300,,'',1,6300,,'',1,2100,,'',1,2100,,'',1,6100,,'',1,2100,,'',1,2100,,'',1,6100,,'',1,2100,,'',1,2100,,'',1,6000,,'',1,2200,,'',1,2100,,'',1,4800,,'',1,900,,'',1,900,,'',1,800,,'',1,1700,,'',1,900,,'',1,4700,,'',1,1000,,'',1,1100,,'',1,1100,,'',1,1000,,'',1,800,,'',1,4800,,'',1,800,,'',1,900,,'',1,800,,'',1,800,,'',1,1000,,'',1,1000,,'',1,4700,,'',1,900,,'',1,900,,'',1,700,,'',1,1000,,'',1,1700,,'',1,5700,,'',1,1100,,'',1,600,,'',1,1700,,'',1,5700,,'',1,1700,,'',1,1700,,'',1,1700,,'',1,5700,,'',1,1700,,'',1,2300,,'',1,6100,,'',1,2100,,'',1,2100,,'',1,6000,,'',1,2000,,'',1,2000,,'',1,6200,,'',1
'23AP24-CPBlock-Weekday-11',10904,50700,4,'',1,1600,4,'',1,1600,4,'',1,1700,4,'',1,5700,4,'',1,1600,4,'',1,1700,4,'',1,5500,4,'',1,1000,4,'',1,900,4,'',1,1000,4,'',1,1000,4,'',1,1000,4,'',1,800,4,'',1,4800,4,'',1,900,4,'',1,800,4,'',1,900,4,'',1,800,4,'',1,900,4,'',1,800,4,'',1,4800,4,'',1,1300,4,'',1,1300,4,'',1,800,4,'',1,900,4,'',1,800,4,'',1,4800,4,'',1,1400,4,'',1,1400,4,'',1,900,4,'',1,1200,4,'',1,5200,4,'',1,1600,4,'',1,1600,4,'',1,700,4,'',1,700,4,'',1,5400,4,'',1,2100,4,'',1,2100,4,'',1,6100,4,'',1,2100,4,'',1,2100,4,'',1,6100,4,'',1,2100,4,'',1,2400,4,'',1,5700,4,'',1,1700,4,'',1,1700,4,'',1,800,4,'',1,4900,4,'',1,1700,4,'',1,1800,4,'',1,1800,4,'',1,5700,4,'',1,1700,4,'',1,1700,4,'',1,5700,4,'',1,1500,4,'',1,1700,4,'',1,1700,4,'',1,5700,4,'',1,1700,4,'',1,1500,4,'',1,1600,4,'',1,5700,4,'',1,1600,4,'',1,1500,4,'',1,5600,4,'',1,1600,4,'',1,2100,4,'',1,6300,4,'',1,2200,4,'',1,2200,4,'',1,6200,4,'',1
'23FE27-CPBlock-Saturday-12',10903,74300,,'',1,6400,,'',1,2400,,'',1,2400,,'',1,6400,,'',1,2400,,'',1,6400,,'',1,2300,,'',1,2000,,'',1,6000,,'',1,2000,,'',1,2000,,'',1,6000,,'',1,2000,,'',1,2000,,'',1,6000,,'',1,2000,,'',1,2000,,'',1,6000,,'',1,2000,,'',1,2000,,'',1,6000,,'',1,2000,,'',1,2000,,'',1,6000,,'',1,2000,,'',1,1800,,'',1,6200,,'',1,2000,,'',1,2000,,'',1,5900,,'',1,2700,,'',1,7000,,'',1,3000,,'',1,7000,,'',1,3000,,'',1,7000,,'',1,3000,,'',1,7000,,'',1,3000,,'',1
'23FE27-CPBlock-Saturday-12',10904,73800,4,'',1,6400,4,'',1,2400,4,'',1,2200,4,'',1,6500,4,'',1,2500,4,'',1,2100,4,'',1,6200,4,'',1,2100,4,'',1,6000,4,'',1,1800,4,'',1,2000,4,'',1,6000,4,'',1,2000,4,'',1,2100,4,'',1,6000,4,'',1,2000,4,'',1,2000,4,'',1,6000,4,'',1,2000,4,'',1,2000,4,'',1,6000,4,'',1,2000,4,'',1,2000,4,'',1,6000,4,'',1,2000,4,'',1,2000,4,'',1,6000,4,'',1,2000,4,'',1,2000,4,'',1,6000,4,'',1,2000,4,'',1,1900,4,'',1,1900,4,'',1,6800,4,'',1,3000,4,'',1,7000,4,'',1,2900,4,'',1,7000,4,'',1,3000,4,'',1,7000,4,'',1
'23FE27-CPBlock-Sunday-13',10903,81800,,'',1,2400,,'',1,6400,,'',1,2400,,'',1,2400,,'',1,6400,,'',1,2400,,'',1,6400,,'',1,2400,,'',1,2400,,'',1,6400,,'',1,2400,,'',1,6400,,'',1,2400,,'',1,2400,,'',1,6400,,'',1,2400,,'',1,6400,,'',1,2400,,'',1,2400,,'',1,6400,,'',1,2400,,'',1,6400,,'',1,2400,,'',1,2400,,'',1,6400,,'',1,2400,,'',1,6400,,'',1,2400,,'',1,2400,,'',1,6400,,'',1,2400,,'',1,6400,,'',1,2400,,'',1,2400,,'',1,6400,,'',1,2400,,'',1
'23FE27-CPBlock-Sunday-13',10904,80600,4,'',1,2400,4,'',1,2400,4,'',1,6400,4,'',1,2400,4,'',1,6400,4,'',1,2500,4,'',1,2400,4,'',1,6500,4,'',1,2500,4,'',1,6500,4,'',1,2400,4,'',1,2400,4,'',1,6400,4,'',1,2400,4,'',1,6400,4,'',1,2400,4,'',1,2400,4,'',1,6400,4,'',1,2400,4,'',1,6400,4,'',1,2400,4,'',1,2400,4,'',1,6400,4,'',1,2400,4,'',1,6300,4,'',1,2300,4,'',1,2300,4,'',1,6400,4,'',1,2400,4,'',1,6400,4,'',1,2400,4,'',1,2400,4,'',1,6400,4,'',1,2400,4,'',1,6400,4,'',1,2400,4,'',1
'23FE27-CPBlock-Weekday-11',10903,51700,,'',1,1600,,'',1,1500,,'',1,5600,,'',1,1600,,'',1,1600,,'',1,1700,,'',1,5700,,'',1,1600,,'',1,1600,,'',1,1600,,'',1,5600,,'',1,1600,,'',1,1700,,'',1,5700,,'',1,1700,,'',1,2300,,'',1,6300,,'',1,2100,,'',1,2100,,'',1,6100,,'',1,2100,,'',1,2100,,'',1,6100,,'',1,2100,,'',1,2100,,'',1,6000,,'',1,2200,,'',1,2100,,'',1,4800,,'',1,900,,'',1,900,,'',1,800,,'',1,1700,,'',1,900,,'',1,4700,,'',1,1000,,'',1,1100,,'',1,1100,,'',1,1000,,'',1,800,,'',1,4800,,'',1,800,,'',1,900,,'',1,800,,'',1,800,,'',1,1000,,'',1,1000,,'',1,4700,,'',1,900,,'',1,900,,'',1,700,,'',1,1000,,'',1,1700,,'',1,5700,,'',1,1100,,'',1,600,,'',1,1700,,'',1,5700,,'',1,1700,,'',1,1700,,'',1,1700,,'',1,5700,,'',1,1700,,'',1,2300,,'',1,6100,,'',1,2100,,'',1,2100,,'',1,6000,,'',1,2000,,'',1,2000,,'',1,6200,,'',1
'23FE27-CPBlock-Weekday-11',10904,50700,4,'',1,1600,4,'',1,1600,4,'',1,1700,4,'',1,5700,4,'',1,1600,4,'',1,1700,4,'',1,5500,4,'',1,1000,4,'',1,900,4,'',1,1000,4,'',1,1000,4,'',1,1000,4,'',1,800,4,'',1,4800,4,'',1,900,4,'',1,800,4,'',1,900,4,'',1,800,4,'',1,900,4,'',1,800,4,'',1,4800,4,'',1,1300,4,'',1,1300,4,'',1,800,4,'',1,900,4,'',1,800,4,'',1,4800,4,'',1,1400,4,'',1,1400,4,'',1,900,4,'',1,1200,4,'',1,5200,4,'',1,1600,4,'',1,1600,4,'',1,700,4,'',1,700,4,'',1,5400,4,'',1,2100,4,'',1,2100,4,'',1,6100,4,'',1,2100,4,'',1,2100,4,'',1,6100,4,'',1,2100,4,'',1,2400,4,'',1,5700,4,'',1,1700,4,'',1,1700,4,'',1,800,4,'',1,4900,4,'',1,1700,4,'',1,1800,4,'',1,1800,4,'',1,5700,4,'',1,1700,4,'',1,1700,4,'',1,5700,4,'',1,1500,4,'',1,1700,4,'',1,1700,4,'',1,5700,4,'',1,1700,4,'',1,1500,4,'',1,1600,4,'',1,5700,4,'',1,1600,4,'',1,1500,4,'',1,5600,4,'',1,1600,4,'',1,2100,4,'',1,6300,4,'',1,2200,4,'',1,2200,4,'',1,6200,4,'',1
