'23SE04-CPBlock-Holiday1-14',2601,74700,,'',1,7200,,'',1,3600,,'',1,7700,,'',1,7700,,'',1,2400,,'',1,2300,,'',1,7400,,'',1,7400,,'',1,3400,,'',1,7100,,'',1,3100,,'',1,7100,,'',1,3200,,'',1,7200,,'',1,3200,,'',1,7200,,'',1,3400,,'',1,7400,,'',1,7400,,'',1,2700,,'',1,2700,,'',1,7600,,'',1,7700,,'',1,3700,,'',1,7500,,'',1,3500,,'',1,7400,,'',1,7300,,'',1,3200,,'',1,7200,,'',1
'23SE04-CPBlock-Holiday1-14',2602,73500,4,'',1,7500,4,'',1,3700,4,'',1,7700,4,'',1,7600,4,'',1,3800,4,'',1,7700,4,'',1,3800,4,'',1,7700,4,'',1,2500,4,'',1,6800,4,'',1,7800,4,'',1,3200,4,'',1,7200,4,'',1,3200,4,'',1,7100,4,'',1,3100,4,'',1,7200,4,'',1,3200,4,'',1,7200,4,'',1,3200,4,'',1,7600,4,'',1,3600,4,'',1,7400,4,'',1,7700,4,'',1,3600,4,'',1,7500,4,'',1,3300,4,'',1,7100,4,'',1,3200,4,'',1,7100,4,'',1,2900,4,'',1,7200,4,'',1,7100,4,'',1
'23SE04-CPBlock-Holiday1-16',2601,74700,,'',1,7200,,'',1,3600,,'',1,7700,,'',1,7700,,'',1,2400,,'',1,2300,,'',1,7400,,'',1,7400,,'',1,3400,,'',1,7100,,'',1,3100,,'',1,7100,,'',1,3200,,'',1,7200,,'',1,3200,,'',1,7200,,'',1,3400,,'',1,7400,,'',1,7400,,'',1,2700,,'',1,2700,,'',1,7600,,'',1,7700,,'',1,3700,,'',1,7500,,'',1,3500,,'',1,7400,,'',1,7300,,'',1,3200,,'',1,7200,,'',1
'23SE04-CPBlock-Holiday1-16',2602,73500,4,'',1,7500,4,'',1,3700,4,'',1,7700,4,'',1,7600,4,'',1,3800,4,'',1,7700,4,'',1,3800,4,'',1,7700,4,'',1,2500,4,'',1,6800,4,'',1,7800,4,'',1,3200,4,'',1,7200,4,'',1,3200,4,'',1,7100,4,'',1,3100,4,'',1,7200,4,'',1,3200,4,'',1,7200,4,'',1,3200,4,'',1,7600,4,'',1,3600,4,'',1,7400,4,'',1,7700,4,'',1,3600,4,'',1,7500,4,'',1,3300,4,'',1,7100,4,'',1,3200,4,'',1,7100,4,'',1,2900,4,'',1,7200,4,'',1,7100,4,'',1
'23SE04-CPBlock-Holiday2-15',2601,50700,,'',1,2100,,'',1,2000,,'',1,6100,,'',1,2100,,'',1,2200,,'',1,6200,,'',1,2200,,'',1,2200,,'',1,6300,,'',1,2400,,'',1,6400,,'',1,2500,,'',1,2500,,'',1,5700,,'',1,1700,,'',1,2100,,'',1,6400,,'',1,2400,,'',1,6500,,'',1,2400,,'',1,2300,,'',1,6100,,'',1,2200,,'',1,2200,,'',1,6300,,'',1,2400,,'',1,6500,,'',1,2300,,'',1,2300,,'',1,6200,,'',1,2200,,'',1,6200,,'',1,2300,,'',1,2500,,'',1,6300,,'',1,2200,,'',1,2300,,'',1,6200,,'',1,2100,,'',1,6200,,'',1,2300,,'',1,2300,,'',1,6300,,'',1,2300,,'',1,2300,,'',1,6200,,'',1,2200,,'',1,6100,,'',1,2000,,'',1,2000,,'',1,6000,,'',1,2000,,'',1,2000,,'',1,6000,,'',1,2500,,'',1,7300,,'',1
'23SE04-CPBlock-Holiday2-15',2602,60000,4,'',1,2200,4,'',1,2200,4,'',1,6200,4,'',1,2200,4,'',1,2200,4,'',1,6300,4,'',1,2400,4,'',1,6400,4,'',1,2500,4,'',1,2500,4,'',1,6600,4,'',1,2400,4,'',1,6500,4,'',1,2700,4,'',1,2500,4,'',1,6500,4,'',1,2200,4,'',1,6100,4,'',1,2100,4,'',1,2200,4,'',1,6400,4,'',1,2500,4,'',1,6400,4,'',1,2300,4,'',1,2300,4,'',1,6000,4,'',1,2200,4,'',1,2300,4,'',1,6500,4,'',1,2500,4,'',1,6300,4,'',1,2300,4,'',1,2200,4,'',1,6200,4,'',1,2100,4,'',1,2200,4,'',1,6100,4,'',1,2300,4,'',1,6500,4,'',1,2400,4,'',1,2200,4,'',1,6200,4,'',1,2100,4,'',1,2100,4,'',1,6100,4,'',1,2200,4,'',1,6300,4,'',1,2000,4,'',1,2000,4,'',1,5900,4,'',1,2000,4,'',1,2000,4,'',1,1900,4,'',1,6000,4,'',1,2000,4,'',1,2000,4,'',1,6000,4,'',1
'23SE04-CPBlock-Saturday-12',2601,50700,,'',1,2100,,'',1,2000,,'',1,6100,,'',1,2100,,'',1,2200,,'',1,6200,,'',1,2200,,'',1,2200,,'',1,6300,,'',1,2400,,'',1,6400,,'',1,2500,,'',1,2500,,'',1,5700,,'',1,1700,,'',1,2100,,'',1,6400,,'',1,2400,,'',1,6500,,'',1,2400,,'',1,2300,,'',1,6100,,'',1,2200,,'',1,2200,,'',1,6300,,'',1,2400,,'',1,6500,,'',1,2300,,'',1,2300,,'',1,6200,,'',1,2200,,'',1,6200,,'',1,2300,,'',1,2500,,'',1,6300,,'',1,2200,,'',1,2300,,'',1,6200,,'',1,2100,,'',1,6200,,'',1,2300,,'',1,2300,,'',1,6300,,'',1,2300,,'',1,2300,,'',1,6200,,'',1,2200,,'',1,6100,,'',1,2000,,'',1,2000,,'',1,6000,,'',1,2000,,'',1,2000,,'',1,6000,,'',1,2500,,'',1,7300,,'',1
'23SE04-CPBlock-Saturday-12',2602,60000,4,'',1,2200,4,'',1,2200,4,'',1,6200,4,'',1,2200,4,'',1,2200,4,'',1,6300,4,'',1,2400,4,'',1,6400,4,'',1,2500,4,'',1,2500,4,'',1,6600,4,'',1,2400,4,'',1,6500,4,'',1,2700,4,'',1,2500,4,'',1,6500,4,'',1,2200,4,'',1,6100,4,'',1,2100,4,'',1,2200,4,'',1,6400,4,'',1,2500,4,'',1,6400,4,'',1,2300,4,'',1,2300,4,'',1,6000,4,'',1,2200,4,'',1,2300,4,'',1,6500,4,'',1,2500,4,'',1,6300,4,'',1,2300,4,'',1,2200,4,'',1,6200,4,'',1,2100,4,'',1,2200,4,'',1,6100,4,'',1,2300,4,'',1,6500,4,'',1,2400,4,'',1,2200,4,'',1,6200,4,'',1,2100,4,'',1,2100,4,'',1,6100,4,'',1,2200,4,'',1,6300,4,'',1,2000,4,'',1,2000,4,'',1,5900,4,'',1,2000,4,'',1,2000,4,'',1,1900,4,'',1,6000,4,'',1,2000,4,'',1,2000,4,'',1,6000,4,'',1
'23SE04-CPBlock-Sunday-13',2601,74700,,'',1,7200,,'',1,3600,,'',1,7700,,'',1,7700,,'',1,2400,,'',1,2300,,'',1,7400,,'',1,7400,,'',1,3400,,'',1,7100,,'',1,3100,,'',1,7100,,'',1,3200,,'',1,7200,,'',1,3200,,'',1,7200,,'',1,3400,,'',1,7400,,'',1,7400,,'',1,2700,,'',1,2700,,'',1,7600,,'',1,7700,,'',1,3700,,'',1,7500,,'',1,3500,,'',1,7400,,'',1,7300,,'',1,3200,,'',1,7200,,'',1
'23SE04-CPBlock-Sunday-13',2602,73500,4,'',1,7500,4,'',1,3700,4,'',1,7700,4,'',1,7600,4,'',1,3800,4,'',1,7700,4,'',1,3800,4,'',1,7700,4,'',1,2500,4,'',1,6800,4,'',1,7800,4,'',1,3200,4,'',1,7200,4,'',1,3200,4,'',1,7100,4,'',1,3100,4,'',1,7200,4,'',1,3200,4,'',1,7200,4,'',1,3200,4,'',1,7600,4,'',1,3600,4,'',1,7400,4,'',1,7700,4,'',1,3600,4,'',1,7500,4,'',1,3300,4,'',1,7100,4,'',1,3200,4,'',1,7100,4,'',1,2900,4,'',1,7200,4,'',1,7100,4,'',1
'23SE04-CPBlock-Weekday-11',2601,40600,,'',1,1300,,'',1,1300,,'',1,1400,,'',1,1200,,'',1,5300,,'',1,1400,,'',1,1400,,'',1,1400,,'',1,5300,,'',1,1300,,'',1,1400,,'',1,1400,,'',1,5500,,'',1,1500,,'',1,1600,,'',1,1700,,'',1,5600,,'',1,1500,,'',1,1400,,'',1,1500,,'',1,5500,,'',1,1500,,'',1,1500,,'',1,1500,,'',1,5800,,'',1,1800,,'',1,2100,,'',1,6100,,'',1,2100,,'',1,2100,,'',1,5800,,'',1,1800,,'',1,1800,,'',1,5800,,'',1,1800,,'',1,1500,,'',1,1500,,'',1,5500,,'',1,1600,,'',1,1500,,'',1,1500,,'',1,5600,,'',1,1700,,'',1,1600,,'',1,1500,,'',1,5600,,'',1,1700,,'',1,1600,,'',1,5600,,'',1,1600,,'',1,1600,,'',1,1600,,'',1,5600,,'',1,1500,,'',1,1500,,'',1,1400,,'',1,5400,,'',1,1400,,'',1,1600,,'',1,1700,,'',1,5600,,'',1,1700,,'',1,2000,,'',1,6300,,'',1,2700,,'',1,2400,,'',1,6600,,'',1,2500,,'',1,6600,,'',1,2500,,'',1,6500,,'',1,2500,,'',1,2500,,'',1,6500,,'',1,3400,,'',1
'23SE04-CPBlock-Weekday-11',2602,40400,4,'',1,1200,4,'',1,1200,4,'',1,1200,4,'',1,1200,4,'',1,5200,4,'',1,1600,4,'',1,1300,4,'',1,1500,4,'',1,5300,4,'',1,1700,4,'',1,1600,4,'',1,1600,4,'',1,5600,4,'',1,1700,4,'',1,1700,4,'',1,1700,4,'',1,5500,4,'',1,1500,4,'',1,1500,4,'',1,1700,4,'',1,5500,4,'',1,1600,4,'',1,1500,4,'',1,1300,4,'',1,5400,4,'',1,1700,4,'',1,1400,4,'',1,1400,4,'',1,5400,4,'',1,1400,4,'',1,1500,4,'',1,1600,4,'',1,5600,4,'',1,1700,4,'',1,2000,4,'',1,6100,4,'',1,2200,4,'',1,2400,4,'',1,5900,4,'',1,1900,4,'',1,1800,4,'',1,6000,4,'',1,1800,4,'',1,500,4,'',1,1100,4,'',1,5500,4,'',1,1800,4,'',1,1700,4,'',1,1600,4,'',1,5700,4,'',1,1600,4,'',1,1700,4,'',1,1600,4,'',1,5400,4,'',1,1600,4,'',1,1300,4,'',1,1300,4,'',1,5600,4,'',1,1600,4,'',1,1500,4,'',1,1400,4,'',1,5300,4,'',1,1100,4,'',1,1400,4,'',1,1200,4,'',1,1400,4,'',1,5400,4,'',1,1400,4,'',1,1600,4,'',1,1400,4,'',1,5500,4,'',1,2000,4,'',1,1800,4,'',1,5900,4,'',1,2300,4,'',1,2400,4,'',1,6300,4,'',1,2500,4,'',1,6400,4,'',1,2400,4,'',1,2500,4,'',1,6400,4,'',1,2400,4,'',1,7600,4,'',1
