'23AP24-CPBlock-Saturday-12',10703,103900,4,'',1,6100,4,'',1,2200,4,'',1,8200,4,'',1,2100,4,'',1,2100,4,'',1,8200,4,'',1,2100,4,'',1,6100,4,'',1,4200,4,'',1,6100,4,'',1,2100,4,'',1,8200,4,'',1,2100,4,'',1,2100,4,'',1,8200,4,'',1,6100,4,'',1,2100,4,'',1,8200,4,'',1,2100,4,'',1
'23AP24-CPBlock-Saturday-12',10704,100400,,'',1,4100,,'',1,6100,,'',1,2100,,'',1,8200,,'',1,2100,,'',1,2100,,'',1,8200,,'',1,2100,,'',1,6100,,'',1,4200,,'',1,6100,,'',1,2100,,'',1,8200,,'',1,2100,,'',1,6100,,'',1,4200,,'',1,6100,,'',1,2100,,'',1
'23AP24-CPBlock-Weekday-11',10703,54100,4,'',1,8900,4,'',1,9300,4,'',1,9100,4,'',1,9000,4,'',1,5000,4,'',1,30100,4,'',1,8900,4,'',1,9200,4,'',1,9200,4,'',1,9400,4,'',1,9500,4,'',1,9400,4,'',1,4800,4,'',1,8700,4,'',1,17200,4,'',1,13100,4,'',1
'23AP24-CPBlock-Weekday-11',10704,50600,,'',1,4700,,'',1,8900,,'',1,8800,,'',1,9300,,'',1,39000,,'',1,9000,,'',1,5000,,'',1,9100,,'',1,9300,,'',1,9400,,'',1,9400,,'',1,9300,,'',1,13500,,'',1,17200,,'',1,13400,,'',1
'23AP24-MABlock-Saturday-22',10703,114300,4,'',1,16400,4,'',1,12400,4,'',1,12400,4,'',1,16400,4,'',1,12400,4,'',1
'23AP24-MABlock-Saturday-22',10704,102400,,'',1,12400,,'',1,16400,,'',1,12400,,'',1,16400,,'',1,12400,,'',1,12400,,'',1
'23AP24-MABlock-Weekday-21',10703,55700,4,'',1,5600,4,'',1,3500,4,'',1,5800,4,'',1,3400,4,'',1,1700,4,'',1,7400,4,'',1,1600,4,'',1,7500,4,'',1,1700,4,'',1,7200,4,'',1,2400,4,'',1,6500,4,'',1,2500,4,'',1,2400,4,'',1,6500,4,'',1,2500,4,'',1,7200,4,'',1,1600,4,'',1,7400,4,'',1,1700,4,'',1,3600,4,'',1,5800,4,'',1,3400,4,'',1,5800,4,'',1,3600,4,'',1,6000,4,'',1,3500,4,'',1,1800,4,'',1,7400,4,'',1,1600,4,'',1,7200,4,'',1,10100,4,'',1,3100,4,'',1,10200,4,'',1,7000,4,'',1,10100,4,'',1,3000,4,'',1
'23AP24-MABlock-Weekday-21',10704,45000,,'',1,7200,,'',1,1600,,'',1,7200,,'',1,1600,,'',1,3200,,'',1,5600,,'',1,3400,,'',1,5700,,'',1,3600,,'',1,6300,,'',1,2500,,'',1,2400,,'',1,6500,,'',1,2400,,'',1,6500,,'',1,2500,,'',1,2400,,'',1,7400,,'',1,1700,,'',1,7300,,'',1,1600,,'',1,7400,,'',1,1700,,'',1,7500,,'',1,1800,,'',1,3500,,'',1,5800,,'',1,3600,,'',1,5800,,'',1,3600,,'',1,5800,,'',1,3300,,'',1,1600,,'',1,7200,,'',1,10100,,'',1,3100,,'',1,10200,,'',1,7100,,'',1
'23FE27-CPBlock-Saturday-12',10703,103900,4,'',1,6100,4,'',1,2200,4,'',1,8200,4,'',1,2100,4,'',1,2100,4,'',1,8200,4,'',1,2100,4,'',1,6100,4,'',1,4200,4,'',1,6100,4,'',1,2100,4,'',1,8200,4,'',1,2100,4,'',1,2100,4,'',1,8200,4,'',1,6100,4,'',1,2100,4,'',1,8200,4,'',1,2100,4,'',1
'23FE27-CPBlock-Weekday-11',10703,53700,,'',1,9700,,'',1,7000,,'',1,3300,,'',1,10500,,'',1,7400,,'',1,53200,,'',1,9600,,'',1,16300,,'',1,9400,,'',1,11800,,'',1,8500,,'',1,11100,,'',1,8700,,'',1,10900,,'',1
'23FE27-MABlock-Saturday-22',10703,114300,4,'',1,16400,4,'',1,12400,4,'',1,12400,4,'',1,16400,4,'',1,12400,4,'',1
'23FE27-MABlock-Weekday-21',10703,55100,,'',1,5400,,'',1,1400,,'',1,3000,,'',1,7200,,'',1,3100,,'',1,5500,,'',1,1800,,'',1,3400,,'',1,7400,,'',1,2100,,'',1,6500,,'',1,2500,,'',1,6500,,'',1,2600,,'',1,6600,,'',1,2500,,'',1,2500,,'',1,6500,,'',1,2500,,'',1,1800,,'',1,5500,,'',1,1500,,'',1,7900,,'',1,1800,,'',1,3300,,'',1,5500,,'',1,1500,,'',1,1900,,'',1,7700,,'',1,1800,,'',1,7300,,'',1,1600,,'',1,1400,,'',1,5600,,'',1,3800,,'',1,8700,,'',1,2400,,'',1,8800,,'',1,8600,,'',1,2300,,'',1,9300,,'',1
