'23DE25-MABlock-Holiday1-24',2201,81800,4,'',1,3300,4,'',1,7300,4,'',1,3300,4,'',1,7300,4,'',1,7300,4,'',1,3400,4,'',1,7500,4,'',1,3700,4,'',1,7900,4,'',1,7900,4,'',1,3900,4,'',1,7900,4,'',1,8000,4,'',1,4200,4,'',1,8300,4,'',1,8400,4,'',1,4400,4,'',1,8300,4,'',1,8300,4,'',1,8100,4,'',1,3800,4,'',1,7800,4,'',1
'23DE25-MABlock-Holiday1-24',2202,81800,,'',1,3300,,'',1,7300,,'',1,3300,,'',1,7300,,'',1,7300,,'',1,3400,,'',1,7500,,'',1,3700,,'',1,7900,,'',1,7900,,'',1,3900,,'',1,7900,,'',1,8000,,'',1,4200,,'',1,8300,,'',1,8400,,'',1,4400,,'',1,8300,,'',1,8300,,'',1,8100,,'',1,3800,,'',1,7800,,'',1
'23DE25-MABlock-Holiday1-25',2201,81800,4,'',1,3300,4,'',1,7300,4,'',1,3300,4,'',1,7300,4,'',1,7300,4,'',1,3400,4,'',1,7500,4,'',1,3700,4,'',1,7900,4,'',1,7900,4,'',1,3900,4,'',1,7900,4,'',1,8000,4,'',1,4200,4,'',1,8300,4,'',1,8400,4,'',1,4400,4,'',1,8300,4,'',1,8300,4,'',1,8100,4,'',1,3800,4,'',1,7800,4,'',1
'23DE25-MABlock-Holiday1-25',2202,81800,,'',1,3300,,'',1,7300,,'',1,3300,,'',1,7300,,'',1,7300,,'',1,3400,,'',1,7500,,'',1,3700,,'',1,7900,,'',1,7900,,'',1,3900,,'',1,7900,,'',1,8000,,'',1,4200,,'',1,8300,,'',1,8400,,'',1,4400,,'',1,8300,,'',1,8300,,'',1,8100,,'',1,3800,,'',1,7800,,'',1
'23DE25-MABlock-Holiday2-26',2201,62900,4,'',1,7800,4,'',1,3800,4,'',1,7800,4,'',1,7800,4,'',1,4000,4,'',1,8000,4,'',1,8200,4,'',1,4200,4,'',1,6100,4,'',1,2200,4,'',1,2100,4,'',1,6200,4,'',1,2300,4,'',1,2200,4,'',1,6300,4,'',1,2200,4,'',1,6300,4,'',1,2200,4,'',1,2300,4,'',1,6200,4,'',1,2300,4,'',1,2200,4,'',1,6200,4,'',1,2200,4,'',1,6200,4,'',1,2100,4,'',1,2200,4,'',1,6100,4,'',1,4000,4,'',1,7900,4,'',1,7900,4,'',1,3800,4,'',1,7800,4,'',1,3800,4,'',1
'23DE25-MABlock-Holiday2-26',2202,62900,,'',1,7800,,'',1,3800,,'',1,7800,,'',1,7800,,'',1,4000,,'',1,8000,,'',1,8200,,'',1,4200,,'',1,6100,,'',1,2200,,'',1,2100,,'',1,6200,,'',1,2300,,'',1,2200,,'',1,6300,,'',1,2200,,'',1,6300,,'',1,2200,,'',1,2300,,'',1,6200,,'',1,2300,,'',1,2200,,'',1,6200,,'',1,2200,,'',1,6200,,'',1,2100,,'',1,2200,,'',1,6100,,'',1,4000,,'',1,7900,,'',1,7900,,'',1,3800,,'',1,7800,,'',1,3800,,'',1
'23DE25-MABlock-Saturday-22',2201,62900,4,'',1,7800,4,'',1,3800,4,'',1,7800,4,'',1,7800,4,'',1,4000,4,'',1,8000,4,'',1,8200,4,'',1,4200,4,'',1,6100,4,'',1,2200,4,'',1,2100,4,'',1,6200,4,'',1,2300,4,'',1,2200,4,'',1,6300,4,'',1,2200,4,'',1,6300,4,'',1,2200,4,'',1,2300,4,'',1,6200,4,'',1,2300,4,'',1,2200,4,'',1,6200,4,'',1,2200,4,'',1,6200,4,'',1,2100,4,'',1,2200,4,'',1,6100,4,'',1,4000,4,'',1,7900,4,'',1,7900,4,'',1,3800,4,'',1,7800,4,'',1,3800,4,'',1
'23DE25-MABlock-Saturday-22',2202,62900,,'',1,7800,,'',1,3800,,'',1,7800,,'',1,7800,,'',1,4000,,'',1,8000,,'',1,8200,,'',1,4200,,'',1,6100,,'',1,2200,,'',1,2100,,'',1,6200,,'',1,2300,,'',1,2200,,'',1,6300,,'',1,2200,,'',1,6300,,'',1,2200,,'',1,2300,,'',1,6200,,'',1,2300,,'',1,2200,,'',1,6200,,'',1,2200,,'',1,6200,,'',1,2100,,'',1,2200,,'',1,6100,,'',1,4000,,'',1,7900,,'',1,7900,,'',1,3800,,'',1,7800,,'',1,3800,,'',1
'23DE25-MABlock-Sunday-23',2201,81800,4,'',1,3300,4,'',1,7300,4,'',1,3300,4,'',1,7300,4,'',1,7300,4,'',1,3400,4,'',1,7500,4,'',1,3700,4,'',1,7900,4,'',1,7900,4,'',1,3900,4,'',1,7900,4,'',1,8000,4,'',1,4200,4,'',1,8300,4,'',1,8400,4,'',1,4400,4,'',1,8300,4,'',1,8300,4,'',1,8100,4,'',1,3800,4,'',1,7800,4,'',1
'23DE25-MABlock-Sunday-23',2202,81800,,'',1,3300,,'',1,7300,,'',1,3300,,'',1,7300,,'',1,7300,,'',1,3400,,'',1,7500,,'',1,3700,,'',1,7900,,'',1,7900,,'',1,3900,,'',1,7900,,'',1,8000,,'',1,4200,,'',1,8300,,'',1,8400,,'',1,4400,,'',1,8300,,'',1,8300,,'',1,8100,,'',1,3800,,'',1,7800,,'',1
'23DE25-MABlock-Weekday-21',2201,43300,4,'',1,8000,4,'',1,3900,4,'',1,6300,4,'',1,1900,4,'',1,2200,4,'',1,6500,4,'',1,2400,4,'',1,6300,4,'',1,2300,4,'',1,2300,4,'',1,6100,4,'',1,2200,4,'',1,2200,4,'',1,6100,4,'',1,2200,4,'',1,6100,4,'',1,2100,4,'',1,2100,4,'',1,6100,4,'',1,2100,4,'',1,2200,4,'',1,6100,4,'',1,2200,4,'',1,2200,4,'',1,6200,4,'',1,2300,4,'',1,6500,4,'',1,2500,4,'',1,2400,4,'',1,6400,4,'',1,2400,4,'',1,6400,4,'',1,2400,4,'',1,2300,4,'',1,6200,4,'',1,2300,4,'',1,2200,4,'',1,6200,4,'',1,2000,4,'',1,6000,4,'',1,4000,4,'',1,7900,4,'',1,8000,4,'',1,3900,4,'',1,7900,4,'',1,3900,4,'',1,7800,4,'',1,7700,4,'',1
'23DE25-MABlock-Weekday-21',2202,43800,,'',1,7900,,'',1,3900,,'',1,6200,,'',1,1900,,'',1,2200,,'',1,6500,,'',1,2400,,'',1,6300,,'',1,2300,,'',1,2300,,'',1,6200,,'',1,2200,,'',1,6200,,'',1,2100,,'',1,2100,,'',1,6100,,'',1,2100,,'',1,2100,,'',1,6100,,'',1,2100,,'',1,2200,,'',1,6100,,'',1,2200,,'',1,2200,,'',1,6200,,'',1,2400,,'',1,6500,,'',1,2400,,'',1,2400,,'',1,6400,,'',1,2400,,'',1,6400,,'',1,2400,,'',1,2300,,'',1,6300,,'',1,2200,,'',1,6200,,'',1,2200,,'',1,8000,,'',1,4000,,'',1,8000,,'',1,7900,,'',1,3900,,'',1,7900,,'',1,7900,,'',1,3800,,'',1,7700,,'',1
'23OC23-MABlock-Saturday-22',2201,62900,4,'',1,7800,4,'',1,3800,4,'',1,7800,4,'',1,7800,4,'',1,4000,4,'',1,8000,4,'',1,8200,4,'',1,4200,4,'',1,6100,4,'',1,2200,4,'',1,2100,4,'',1,6200,4,'',1,2300,4,'',1,2200,4,'',1,6300,4,'',1,2200,4,'',1,6300,4,'',1,2200,4,'',1,2300,4,'',1,6200,4,'',1,2300,4,'',1,2200,4,'',1,6200,4,'',1,2200,4,'',1,6200,4,'',1,2100,4,'',1,2200,4,'',1,6100,4,'',1,4000,4,'',1,7900,4,'',1,7900,4,'',1,3800,4,'',1,7800,4,'',1,3800,4,'',1
'23OC23-MABlock-Saturday-22',2202,62900,,'',1,7800,,'',1,3800,,'',1,7800,,'',1,7800,,'',1,4000,,'',1,8000,,'',1,8200,,'',1,4200,,'',1,6100,,'',1,2200,,'',1,2100,,'',1,6200,,'',1,2300,,'',1,2200,,'',1,6300,,'',1,2200,,'',1,6300,,'',1,2200,,'',1,2300,,'',1,6200,,'',1,2300,,'',1,2200,,'',1,6200,,'',1,2200,,'',1,6200,,'',1,2100,,'',1,2200,,'',1,6100,,'',1,4000,,'',1,7900,,'',1,7900,,'',1,3800,,'',1,7800,,'',1,3800,,'',1
'23OC23-MABlock-Sunday-23',2201,81800,4,'',1,3300,4,'',1,7300,4,'',1,3300,4,'',1,7300,4,'',1,7300,4,'',1,3400,4,'',1,7500,4,'',1,3700,4,'',1,7900,4,'',1,7900,4,'',1,3900,4,'',1,7900,4,'',1,8000,4,'',1,4200,4,'',1,8300,4,'',1,8400,4,'',1,4400,4,'',1,8300,4,'',1,8300,4,'',1,8100,4,'',1,3800,4,'',1,7800,4,'',1
'23OC23-MABlock-Sunday-23',2202,81800,,'',1,3300,,'',1,7300,,'',1,3300,,'',1,7300,,'',1,7300,,'',1,3400,,'',1,7500,,'',1,3700,,'',1,7900,,'',1,7900,,'',1,3900,,'',1,7900,,'',1,8000,,'',1,4200,,'',1,8300,,'',1,8400,,'',1,4400,,'',1,8300,,'',1,8300,,'',1,8100,,'',1,3800,,'',1,7800,,'',1
'23OC23-MABlock-Weekday-21',2201,43300,4,'',1,8000,4,'',1,3900,4,'',1,6300,4,'',1,1900,4,'',1,2200,4,'',1,6500,4,'',1,2400,4,'',1,6300,4,'',1,2300,4,'',1,2300,4,'',1,6100,4,'',1,2200,4,'',1,2200,4,'',1,6100,4,'',1,2200,4,'',1,6100,4,'',1,2100,4,'',1,2100,4,'',1,6100,4,'',1,2100,4,'',1,2200,4,'',1,6100,4,'',1,2200,4,'',1,2200,4,'',1,6200,4,'',1,2300,4,'',1,6500,4,'',1,2500,4,'',1,2400,4,'',1,6400,4,'',1,2400,4,'',1,6400,4,'',1,2400,4,'',1,2300,4,'',1,6200,4,'',1,2300,4,'',1,2200,4,'',1,6200,4,'',1,2000,4,'',1,6000,4,'',1,4000,4,'',1,7900,4,'',1,8000,4,'',1,3900,4,'',1,7900,4,'',1,3900,4,'',1,7800,4,'',1,7700,4,'',1
'23OC23-MABlock-Weekday-21',2202,43800,,'',1,7900,,'',1,3900,,'',1,6200,,'',1,1900,,'',1,2200,,'',1,6500,,'',1,2400,,'',1,6300,,'',1,2300,,'',1,2300,,'',1,6200,,'',1,2200,,'',1,6200,,'',1,2100,,'',1,2100,,'',1,6100,,'',1,2100,,'',1,2100,,'',1,6100,,'',1,2100,,'',1,2200,,'',1,6100,,'',1,2200,,'',1,2200,,'',1,6200,,'',1,2400,,'',1,6500,,'',1,2400,,'',1,2400,,'',1,6400,,'',1,2400,,'',1,6400,,'',1,2400,,'',1,2300,,'',1,6300,,'',1,2200,,'',1,6200,,'',1,2200,,'',1,8000,,'',1,4000,,'',1,8000,,'',1,7900,,'',1,3900,,'',1,7900,,'',1,7900,,'',1,3800,,'',1,7700,,'',1
