'23DE25-MABlock-Weekday-21',2403,53600,,'',1,7000,,'',1,3000,,'',1,7000,,'',1,3100,,'',1,7100,,'',1,3100,,'',1,7100,,'',1,3100,,'',1,47000,,'',1,3000,,'',1,7200,,'',1,3200,,'',1,7200,,'',1,3200,,'',1,7100,,'',1,3100,,'',1
'23DE25-MABlock-Weekday-21',2404,52700,4,'',1,2900,4,'',1,7200,4,'',1,3000,4,'',1,7100,4,'',1,7100,4,'',1,3100,4,'',1,7000,4,'',1,3100,4,'',1,6900,4,'',1,40200,4,'',1,2900,4,'',1,7300,4,'',1,3200,4,'',1,7100,4,'',1,3200,4,'',1,7100,4,'',1,3200,4,'',1,7100,4,'',1
'24JA08-MABlock-Weekday-21',2403,53600,,'',1,7000,,'',1,3000,,'',1,7000,,'',1,3100,,'',1,7100,,'',1,3100,,'',1,7100,,'',1,3100,,'',1,47000,,'',1,3000,,'',1,7200,,'',1,3200,,'',1,7200,,'',1,3200,,'',1,7100,,'',1,3100,,'',1
'24JA08-MABlock-Weekday-21',2404,52700,4,'',1,2900,4,'',1,7200,4,'',1,3000,4,'',1,7100,4,'',1,7100,4,'',1,3100,4,'',1,7000,4,'',1,3100,4,'',1,6900,4,'',1,40200,4,'',1,2900,4,'',1,7300,4,'',1,3200,4,'',1,7100,4,'',1,3200,4,'',1,7100,4,'',1,3200,4,'',1,7100,4,'',1
'23DE25-CPBlock-Weekday-11',4303,51500,,'',1,3500,,'',1,8600,,'',1,8600,,'',1,8500,,'',1,4400,,'',1,8200,,'',1,7900,,'',1
'24JA08-CPBlock-Weekday-11',4303,51500,,'',1,3800,,'',1,8600,,'',1,8900,,'',1,8900,,'',1,8800,,'',1,4600,,'',1,8100,,'',1
'23DE25-CPBlock-Weekday-11',5701,50700,4,'',1,2000,4,'',1,2500,4,'',1,5100,4,'',1,1300,4,'',1,1100,4,'',1,1000,4,'',1,1700,4,'',1,4600,4,'',1,1700,4,'',1,400,4,'',1,1600,4,'',1,700,4,'',1,1400,4,'',1,5400,4,'',1,600,4,'',1,1600,4,'',1,500,4,'',1,1300,4,'',1,5100,4,'',1,1100,4,'',1,1900,4,'',1,2100,4,'',1,6200,4,'',1,2300,4,'',1,6300,4,'',1,2300,4,'',1,2300,4,'',1,6400,4,'',1,2400,4,'',1,6400,4,'',1,2300,4,'',1,2300,4,'',1,6200,4,'',1,2200,4,'',1,1100,4,'',1,1000,4,'',1,4900,4,'',1,1200,4,'',1,1800,4,'',1,600,4,'',1,900,4,'',1,800,4,'',1,5100,4,'',1,1000,4,'',1,1600,4,'',1,500,4,'',1,1500,4,'',1,6200,4,'',1,800,4,'',1,1500,4,'',1,1300,4,'',1,6100,4,'',1,1100,4,'',1,2600,4,'',1,5400,4,'',1,1800,4,'',1,1800,4,'',1,1600,4,'',1
'23DE25-CPBlock-Weekday-11',5702,51500,,'',1,2300,,'',1,6200,,'',1,1000,,'',1,1000,,'',1,1000,,'',1,1100,,'',1,1100,,'',1,5000,,'',1,1200,,'',1,1100,,'',1,1000,,'',1,1200,,'',1,1100,,'',1,5100,,'',1,1100,,'',1,1100,,'',1,1100,,'',1,1000,,'',1,5100,,'',1,1100,,'',1,1000,,'',1,2000,,'',1,6200,,'',1,2200,,'',1,2300,,'',1,6300,,'',1,2300,,'',1,6400,,'',1,2300,,'',1,2300,,'',1,6300,,'',1,2300,,'',1,2300,,'',1,6100,,'',1,2100,,'',1,1300,,'',1,5000,,'',1,1000,,'',1,1300,,'',1,1400,,'',1,1500,,'',1,500,,'',1,4500,,'',1,1200,,'',1,1200,,'',1,1100,,'',1,1000,,'',1,1000,,'',1,6200,,'',1,1400,,'',1,1300,,'',1,5300,,'',1,1700,,'',1,1700,,'',1,2000,,'',1,5700,,'',1,1800,,'',1,1600,,'',1,5600,,'',1
'24JA08-CPBlock-Weekday-11',5701,45200,4,'',1,6300,4,'',1,2900,4,'',1,1400,4,'',1,5700,4,'',1,1200,4,'',1,1000,4,'',1,1600,4,'',1,4800,4,'',1,1800,4,'',1,700,4,'',1,1800,4,'',1,800,4,'',1,5400,4,'',1,1500,4,'',1,1500,4,'',1,500,4,'',1,1100,4,'',1,5000,4,'',1,700,4,'',1,800,4,'',1,1000,4,'',1,2400,4,'',1,6400,4,'',1,2500,4,'',1,6400,4,'',1,2400,4,'',1,2400,4,'',1,6400,4,'',1,2400,4,'',1,6600,4,'',1,2500,4,'',1,2500,4,'',1,6500,4,'',1,1100,4,'',1,1700,4,'',1,5300,4,'',1,1500,4,'',1,1500,4,'',1,600,4,'',1,1300,4,'',1,5100,4,'',1,1100,4,'',1,1800,4,'',1,600,4,'',1,1100,4,'',1,1100,4,'',1,5700,4,'',1,300,4,'',1,1100,4,'',1,1300,4,'',1,6000,4,'',1,1000,4,'',1,1800,4,'',1,2600,4,'',1,5500,4,'',1,2200,4,'',1,2200,4,'',1
'24JA08-CPBlock-Weekday-11',5702,50400,,'',1,2300,,'',1,1800,,'',1,1100,,'',1,5400,,'',1,1200,,'',1,1000,,'',1,1000,,'',1,1000,,'',1,5300,,'',1,1300,,'',1,1300,,'',1,1200,,'',1,1300,,'',1,5300,,'',1,1300,,'',1,1300,,'',1,1300,,'',1,900,,'',1,4900,,'',1,900,,'',1,1400,,'',1,1000,,'',1,6500,,'',1,2500,,'',1,2400,,'',1,6400,,'',1,2400,,'',1,6400,,'',1,2400,,'',1,2400,,'',1,6500,,'',1,2500,,'',1,6500,,'',1,1300,,'',1,1200,,'',1,1200,,'',1,1000,,'',1,5000,,'',1,1300,,'',1,1300,,'',1,1300,,'',1,1100,,'',1,5200,,'',1,1200,,'',1,1200,,'',1,1200,,'',1,1100,,'',1,5100,,'',1,1100,,'',1,1200,,'',1,1100,,'',1,1800,,'',1,5800,,'',1,1500,,'',1,1700,,'',1,6200,,'',1,1900,,'',1,2000,,'',1,6000,,'',1
'23DE25-CPBlock-Weekday-11',7401,53200,4,'',1,7600,4,'',1,3600,4,'',1,8400,4,'',1,8200,4,'',1,4000,4,'',1,8500,4,'',1,8500,4,'',1,42800,4,'',1,8200,4,'',1,8700,4,'',1,8400,4,'',1,4300,4,'',1,8600,4,'',1,8200,4,'',1,4300,4,'',1
'23DE25-CPBlock-Weekday-11',7402,53500,,'',1,7600,,'',1,3700,,'',1,8500,,'',1,8000,,'',1,4100,,'',1,8400,,'',1,8800,,'',1,42600,,'',1,8100,,'',1,8800,,'',1,8400,,'',1,4300,,'',1,8500,,'',1,8300,,'',1,4300,,'',1
'24JA08-CPBlock-Weekday-11',7401,53200,4,'',1,7600,4,'',1,3600,4,'',1,8400,4,'',1,8200,4,'',1,4000,4,'',1,8500,4,'',1,8500,4,'',1,42800,4,'',1,8200,4,'',1,8700,4,'',1,8400,4,'',1,4300,4,'',1,8600,4,'',1,8200,4,'',1,4300,4,'',1
'24JA08-CPBlock-Weekday-11',7402,53500,,'',1,7600,,'',1,3700,,'',1,8500,,'',1,8000,,'',1,4100,,'',1,8400,,'',1,8800,,'',1,42600,,'',1,8100,,'',1,8800,,'',1,8400,,'',1,4300,,'',1,8500,,'',1,8300,,'',1,4300,,'',1
'23DE25-CPBlock-Weekday-11',8704,54400,4,'',1,8400,4,'',1,8900,4,'',1,8500,4,'',1,4100,4,'',1,8200,4,'',1,8200,4,'',1
'24JA08-CPBlock-Weekday-11',8704,54100,4,'',1,8600,4,'',1,8900,4,'',1,8900,4,'',1,4800,4,'',1,8600,4,'',1,8100,4,'',1
