'23DE25-CPBlock-Holiday1-14',901,83100,,'',1,7600,,'',1,3800,,'',1,7500,,'',1,2500,,'',1,6500,,'',1,2500,,'',1,6600,,'',1,2500,,'',1,2600,,'',1,6600,,'',1,2700,,'',1,6600,,'',1,2600,,'',1,6700,,'',1,2600,,'',1,2600,,'',1,6700,,'',1,2600,,'',1,6600,,'',1,2700,,'',1,6600,,'',1,2400,,'',1,2400,,'',1,7100,,'',1,7600,,'',1,3600,,'',1,7600,,'',1,3800,,'',1,8000,,'',1,8000,,'',1
'23DE25-CPBlock-Holiday1-14',902,82700,4,'',1,7700,4,'',1,3700,4,'',1,7600,4,'',1,2500,4,'',1,6500,4,'',1,2600,4,'',1,2500,4,'',1,6500,4,'',1,2500,4,'',1,6600,4,'',1,2600,4,'',1,6600,4,'',1,2600,4,'',1,2700,4,'',1,6600,4,'',1,2600,4,'',1,6700,4,'',1,2600,4,'',1,6600,4,'',1,2700,4,'',1,6600,4,'',1,2400,4,'',1,2500,4,'',1,7200,4,'',1,7600,4,'',1,3600,4,'',1,7600,4,'',1,3600,4,'',1,7600,4,'',1,7800,4,'',1
'23DE25-CPBlock-Holiday2-16',901,70200,,'',1,2700,,'',1,2700,,'',1,6700,,'',1,2700,,'',1,6700,,'',1,2700,,'',1,6700,,'',1,2800,,'',1,6900,,'',1,2900,,'',1,6900,,'',1,2900,,'',1,6900,,'',1,2900,,'',1,7000,,'',1,3000,,'',1,7000,,'',1,3000,,'',1,7000,,'',1,3000,,'',1,7000,,'',1,3000,,'',1,7000,,'',1,3000,,'',1,6900,,'',1,2900,,'',1,7600,,'',1,4400,,'',1,8400,,'',1,8300,,'',1,4000,,'',1,8000,,'',1,8000,,'',1
'23DE25-CPBlock-Holiday2-16',902,72200,4,'',1,2700,4,'',1,6800,4,'',1,2700,4,'',1,6700,4,'',1,2800,4,'',1,6700,4,'',1,2900,4,'',1,6800,4,'',1,2800,4,'',1,6900,4,'',1,3000,4,'',1,7000,4,'',1,3000,4,'',1,2900,4,'',1,6900,4,'',1,2900,4,'',1,7100,4,'',1,3000,4,'',1,7000,4,'',1,3000,4,'',1,7000,4,'',1,3000,4,'',1,6900,4,'',1,3000,4,'',1,7000,4,'',1,2800,4,'',1,6600,4,'',1,2700,4,'',1,7800,4,'',1,8100,4,'',1,4200,4,'',1,8200,4,'',1,7700,4,'',1,4000,4,'',1
'23OC23-CPBlock-Saturday-12',901,70200,,'',1,2700,,'',1,2700,,'',1,6700,,'',1,2700,,'',1,6700,,'',1,2700,,'',1,6700,,'',1,2800,,'',1,6900,,'',1,2900,,'',1,6900,,'',1,2900,,'',1,6900,,'',1,2900,,'',1,7000,,'',1,3000,,'',1,7000,,'',1,3000,,'',1,7000,,'',1,3000,,'',1,7000,,'',1,3000,,'',1,7000,,'',1,3000,,'',1,6900,,'',1,2900,,'',1,7600,,'',1,4400,,'',1,8400,,'',1,8300,,'',1,4000,,'',1,8000,,'',1,8000,,'',1
'23OC23-CPBlock-Saturday-12',902,72200,4,'',1,2700,4,'',1,6800,4,'',1,2700,4,'',1,6700,4,'',1,2800,4,'',1,6700,4,'',1,2900,4,'',1,6800,4,'',1,2800,4,'',1,6900,4,'',1,3000,4,'',1,7000,4,'',1,3000,4,'',1,2900,4,'',1,6900,4,'',1,2900,4,'',1,7100,4,'',1,3000,4,'',1,7000,4,'',1,3000,4,'',1,7000,4,'',1,3000,4,'',1,6900,4,'',1,3000,4,'',1,7000,4,'',1,2800,4,'',1,6600,4,'',1,2700,4,'',1,7800,4,'',1,8100,4,'',1,4200,4,'',1,8200,4,'',1,7700,4,'',1,4000,4,'',1
'23OC23-CPBlock-Sunday-13',901,83100,,'',1,7600,,'',1,3800,,'',1,7500,,'',1,2500,,'',1,6500,,'',1,2500,,'',1,6600,,'',1,2500,,'',1,2600,,'',1,6600,,'',1,2700,,'',1,6600,,'',1,2600,,'',1,6700,,'',1,2600,,'',1,2600,,'',1,6700,,'',1,2600,,'',1,6600,,'',1,2700,,'',1,6600,,'',1,2400,,'',1,2400,,'',1,7100,,'',1,7600,,'',1,3600,,'',1,7600,,'',1,3800,,'',1,8000,,'',1,8000,,'',1
'23OC23-CPBlock-Sunday-13',902,82700,4,'',1,7700,4,'',1,3700,4,'',1,7600,4,'',1,2500,4,'',1,6500,4,'',1,2600,4,'',1,2500,4,'',1,6500,4,'',1,2500,4,'',1,6600,4,'',1,2600,4,'',1,6600,4,'',1,2600,4,'',1,2700,4,'',1,6600,4,'',1,2600,4,'',1,6700,4,'',1,2600,4,'',1,6600,4,'',1,2700,4,'',1,6600,4,'',1,2400,4,'',1,2500,4,'',1,7200,4,'',1,7600,4,'',1,3600,4,'',1,7600,4,'',1,3600,4,'',1,7600,4,'',1,7800,4,'',1
'23OC23-CPBlock-Weekday-11',901,50000,,'',1,2000,,'',1,2000,,'',1,1500,,'',1,6500,,'',1,2500,,'',1,6500,,'',1,2500,,'',1,6500,,'',1,2500,,'',1,2500,,'',1,6500,,'',1,3000,,'',1,7500,,'',1,3000,,'',1,7000,,'',1,3500,,'',1,7000,,'',1,7500,,'',1,3500,,'',1,7000,,'',1,3500,,'',1,7500,,'',1,3500,,'',1,7500,,'',1,7500,,'',1,2500,,'',1,2500,,'',1,7000,,'',1,3000,,'',1,7000,,'',1,3000,,'',1,6000,,'',1,2000,,'',1,2000,,'',1,7000,,'',1,2500,,'',1,7000,,'',1,3500,,'',1,6500,,'',1,3000,,'',1,6500,,'',1,2500,,'',1
'23OC23-CPBlock-Weekday-11',902,61200,4,'',1,2000,4,'',1,2600,4,'',1,6800,4,'',1,2600,4,'',1,6500,4,'',1,2600,4,'',1,6400,4,'',1,2800,4,'',1,7400,4,'',1,3000,4,'',1,7000,4,'',1,3500,4,'',1,7100,4,'',1,3600,4,'',1,7000,4,'',1,3200,4,'',1,7500,4,'',1,7700,4,'',1,3700,4,'',1,7000,4,'',1,3800,4,'',1,6600,4,'',1,2000,4,'',1,7000,4,'',1,3000,4,'',1,7000,4,'',1,2900,4,'',1,2300,4,'',1,6800,4,'',1,2100,4,'',1,6400,4,'',1,2400,4,'',1,7500,4,'',1,2900,4,'',1,6400,4,'',1,3000,4,'',1,6900,4,'',1,2400,4,'',1,2900,4,'',1,6500,4,'',1
'23DE25-CPBlock-Holiday1-14',3501,65300,,'',1,7100,,'',1,3100,,'',1,7100,,'',1,3200,,'',1,7200,,'',1,7200,,'',1,3300,,'',1,7300,,'',1,3300,,'',1,7300,,'',1,3400,,'',1,7500,,'',1,3500,,'',1,7500,,'',1,7500,,'',1,3500,,'',1,7500,,'',1,3500,,'',1,7400,,'',1,7400,,'',1,3400,,'',1,7500,,'',1,3500,,'',1,7500,,'',1,3200,,'',1,7100,,'',1,3100,,'',1,7200,,'',1,3100,,'',1
'23DE25-CPBlock-Holiday1-14',3502,65000,4,'',1,7100,4,'',1,3100,4,'',1,7100,4,'',1,2500,4,'',1,7200,4,'',1,3200,4,'',1,7300,4,'',1,3400,4,'',1,7300,4,'',1,7300,4,'',1,3300,4,'',1,7400,4,'',1,3400,4,'',1,7500,4,'',1,3500,4,'',1,7500,4,'',1,7500,4,'',1,3500,4,'',1,7500,4,'',1,3500,4,'',1,7500,4,'',1,7500,4,'',1,3200,4,'',1,7400,4,'',1,3400,4,'',1,7000,4,'',1,3300,4,'',1,7400,4,'',1,2900,4,'',1,6900,4,'',1,3000,4,'',1,7000,4,'',1,3000,4,'',1
'23DE25-CPBlock-Holiday2-16',3501,51100,,'',1,9200,,'',1,2600,,'',1,2700,,'',1,6700,,'',1,9400,,'',1,2700,,'',1,6700,,'',1,2700,,'',1,9500,,'',1,6800,,'',1,2900,,'',1,2900,,'',1,9800,,'',1,6900,,'',1,2900,,'',1,6900,,'',1,9900,,'',1,3000,,'',1,7000,,'',1,3000,,'',1,10000,,'',1,6900,,'',1,2900,,'',1,6900,,'',1,10100,,'',1,3500,,'',1,7500,,'',1,10800,,'',1
'23DE25-CPBlock-Holiday2-16',3502,51000,4,'',1,9200,4,'',1,2600,4,'',1,2600,4,'',1,6000,4,'',1,9200,4,'',1,2800,4,'',1,6700,4,'',1,2800,4,'',1,9400,4,'',1,2900,4,'',1,6900,4,'',1,2800,4,'',1,9700,4,'',1,7000,4,'',1,2900,4,'',1,6900,4,'',1,10000,4,'',1,3000,4,'',1,7000,4,'',1,3000,4,'',1,9900,4,'',1,7000,4,'',1,2900,4,'',1,6900,4,'',1,9700,4,'',1,2600,4,'',1,6600,4,'',1,2700,4,'',1,9800,4,'',1,3200,4,'',1,7500,4,'',1
'23DE25-MABlock-Holiday2-26',3501,53700,,'',1,21300,,'',1,25500,,'',1,22300,,'',1,22500,,'',1,27000,,'',1,22700,,'',1,25500,,'',1
'23DE25-MABlock-Holiday2-26',3502,53600,4,'',1,20400,4,'',1,21600,4,'',1,26200,4,'',1,22600,4,'',1,27000,4,'',1,22600,4,'',1,21600,4,'',1,25100,4,'',1
'23OC23-CPBlock-Saturday-12',3501,51100,,'',1,9200,,'',1,2600,,'',1,2700,,'',1,6700,,'',1,9400,,'',1,2700,,'',1,6700,,'',1,2700,,'',1,9500,,'',1,6800,,'',1,2900,,'',1,2900,,'',1,9800,,'',1,6900,,'',1,2900,,'',1,6900,,'',1,9900,,'',1,3000,,'',1,7000,,'',1,3000,,'',1,10000,,'',1,6900,,'',1,2900,,'',1,6900,,'',1,10100,,'',1,3500,,'',1,7500,,'',1,10800,,'',1
'23OC23-CPBlock-Saturday-12',3502,51000,4,'',1,9200,4,'',1,2600,4,'',1,2600,4,'',1,6000,4,'',1,9200,4,'',1,2800,4,'',1,6700,4,'',1,2800,4,'',1,9400,4,'',1,2900,4,'',1,6900,4,'',1,2800,4,'',1,9700,4,'',1,7000,4,'',1,2900,4,'',1,6900,4,'',1,10000,4,'',1,3000,4,'',1,7000,4,'',1,3000,4,'',1,9900,4,'',1,7000,4,'',1,2900,4,'',1,6900,4,'',1,9700,4,'',1,2600,4,'',1,6600,4,'',1,2700,4,'',1,9800,4,'',1,3200,4,'',1,7500,4,'',1
'23OC23-CPBlock-Sunday-13',3501,65300,,'',1,7100,,'',1,3100,,'',1,7100,,'',1,3200,,'',1,7200,,'',1,7200,,'',1,3300,,'',1,7300,,'',1,3300,,'',1,7300,,'',1,3400,,'',1,7500,,'',1,3500,,'',1,7500,,'',1,7500,,'',1,3500,,'',1,7500,,'',1,3500,,'',1,7400,,'',1,7400,,'',1,3400,,'',1,7500,,'',1,3500,,'',1,7500,,'',1,3200,,'',1,7100,,'',1,3100,,'',1,7200,,'',1,3100,,'',1
'23OC23-CPBlock-Sunday-13',3502,65000,4,'',1,7100,4,'',1,3100,4,'',1,7100,4,'',1,2500,4,'',1,7200,4,'',1,3200,4,'',1,7300,4,'',1,3400,4,'',1,7300,4,'',1,7300,4,'',1,3300,4,'',1,7400,4,'',1,3400,4,'',1,7500,4,'',1,3500,4,'',1,7500,4,'',1,7500,4,'',1,3500,4,'',1,7500,4,'',1,3500,4,'',1,7500,4,'',1,7500,4,'',1,3200,4,'',1,7400,4,'',1,3400,4,'',1,7000,4,'',1,3300,4,'',1,7400,4,'',1,2900,4,'',1,6900,4,'',1,3000,4,'',1,7000,4,'',1,3000,4,'',1
'23OC23-CPBlock-Weekday-11',3501,40800,,'',1,2400,,'',1,2400,,'',1,6400,,'',1,1200,,'',1,1000,,'',1,1000,,'',1,5000,,'',1,1000,,'',1,1100,,'',1,1100,,'',1,1000,,'',1,900,,'',1,4900,,'',1,900,,'',1,1000,,'',1,1000,,'',1,1000,,'',1,1000,,'',1,5000,,'',1,1000,,'',1,1000,,'',1,1000,,'',1,1000,,'',1,1200,,'',1,5500,,'',1,2300,,'',1,2300,,'',1,6300,,'',1,2300,,'',1,6200,,'',1,2300,,'',1,2300,,'',1,6300,,'',1,2300,,'',1,2300,,'',1,5700,,'',1,1000,,'',1,1000,,'',1,1000,,'',1,1000,,'',1,5000,,'',1,1000,,'',1,1000,,'',1,1000,,'',1,1000,,'',1,1000,,'',1,5000,,'',1,1100,,'',1,900,,'',1,1000,,'',1,1000,,'',1,1000,,'',1,5000,,'',1,1000,,'',1,1000,,'',1,1100,,'',1,1000,,'',1,1100,,'',1,5000,,'',1,1000,,'',1,1100,,'',1,1100,,'',1,1100,,'',1,5100,,'',1,600,,'',1,1000,,'',1,1000,,'',1,1000,,'',1,1000,,'',1,5400,,'',1,1500,,'',1,1500,,'',1,1500,,'',1,5500,,'',1,1500,,'',1,1500,,'',1,1500,,'',1,5600,,'',1,2800,,'',1,2800,,'',1,6500,,'',1,2500,,'',1,6500,,'',1,2500,,'',1,6500,,'',1,2500,,'',1,2500,,'',1
'23OC23-CPBlock-Weekday-11',3502,61000,4,'',1,1900,4,'',1,1500,4,'',1,1500,4,'',1,5100,4,'',1,1000,4,'',1,1100,4,'',1,1000,4,'',1,1000,4,'',1,5000,4,'',1,1000,4,'',1,1100,4,'',1,1000,4,'',1,1100,4,'',1,1000,4,'',1,5000,4,'',1,1000,4,'',1,800,4,'',1,1100,4,'',1,1000,4,'',1,800,4,'',1,5000,4,'',1,1500,4,'',1,1600,4,'',1,2200,4,'',1,6300,4,'',1,2200,4,'',1,6300,4,'',1,2400,4,'',1,2300,4,'',1,6300,4,'',1,2300,4,'',1,2100,4,'',1,5900,4,'',1,1000,4,'',1,1100,4,'',1,1000,4,'',1,1000,4,'',1,5100,4,'',1,1000,4,'',1,1300,4,'',1,1500,4,'',1,1100,4,'',1,5000,4,'',1,1000,4,'',1,1100,4,'',1,1400,4,'',1,1100,4,'',1,5100,4,'',1,1500,4,'',1,1200,4,'',1,1100,4,'',1,1100,4,'',1,4900,4,'',1,1000,4,'',1,1000,4,'',1,600,4,'',1,1000,4,'',1,900,4,'',1,700,4,'',1,4800,4,'',1,800,4,'',1,900,4,'',1,1000,4,'',1,800,4,'',1,700,4,'',1,900,4,'',1,5200,4,'',1,1400,4,'',1,1500,4,'',1,1300,4,'',1,1400,4,'',1,5800,4,'',1,1800,4,'',1,1700,4,'',1,6000,4,'',1,2500,4,'',1,6500,4,'',1,2500,4,'',1,2400,4,'',1,6300,4,'',1,2400,4,'',1,6500,4,'',1,2500,4,'',1,2500,4,'',1,6500,4,'',1,2500,4,'',1
'23OC23-MABlock-Saturday-22',3501,53700,,'',1,21300,,'',1,25500,,'',1,22300,,'',1,22500,,'',1,27000,,'',1,22700,,'',1,25500,,'',1
'23OC23-MABlock-Saturday-22',3502,53600,4,'',1,20400,4,'',1,21600,4,'',1,26200,4,'',1,22600,4,'',1,27000,4,'',1,22600,4,'',1,21600,4,'',1,25100,4,'',1
