'23OC23-CPBlock-Saturday-12',2001,63800,4,'',1,7200,4,'',1,3400,4,'',1,7500,4,'',1,3300,4,'',1,7500,4,'',1,7500,4,'',1,3100,4,'',1,2600,4,'',1,6900,4,'',1,2900,4,'',1,6800,4,'',1,2900,4,'',1,6900,4,'',1,2900,4,'',1,6900,4,'',1,2900,4,'',1,6900,4,'',1,2900,4,'',1,6900,4,'',1,2700,4,'',1,6900,4,'',1,2800,4,'',1,6900,4,'',1,2900,4,'',1,6700,4,'',1,2700,4,'',1,2600,4,'',1,6900,4,'',1,7500,4,'',1,3400,4,'',1,7600,4,'',1,3300,4,'',1,7300,4,'',1
'23OC23-CPBlock-Sunday-13',2001,75900,4,'',1,7400,4,'',1,7300,4,'',1,3400,4,'',1,7500,4,'',1,3600,4,'',1,7700,4,'',1,7800,4,'',1,3700,4,'',1,7800,4,'',1,7900,4,'',1,3800,4,'',1,7800,4,'',1,3700,4,'',1,7800,4,'',1,7700,4,'',1,3600,4,'',1,7700,4,'',1,3500,4,'',1,7600,4,'',1,7400,4,'',1,3500,4,'',1
'23OC23-CPBlock-Weekday-11',2001,51900,4,'',1,2000,4,'',1,1900,4,'',1,6000,4,'',1,2500,4,'',1,6300,4,'',1,2300,4,'',1,2200,4,'',1,6200,4,'',1,1000,4,'',1,1200,4,'',1,2200,4,'',1,6200,4,'',1,2100,4,'',1,6100,4,'',1,2200,4,'',1,2200,4,'',1,6700,4,'',1,2700,4,'',1,6700,4,'',1,2700,4,'',1,6700,4,'',1,2900,4,'',1,2700,4,'',1,6000,4,'',1,2000,4,'',1,1200,4,'',1,700,4,'',1,6000,4,'',1,2000,4,'',1,2100,4,'',1,6200,4,'',1,2200,4,'',1,6200,4,'',1,2000,4,'',1,2000,4,'',1,6100,4,'',1,2000,4,'',1,2100,4,'',1,5900,4,'',1,1600,4,'',1,1900,4,'',1,1700,4,'',1,5700,4,'',1,2100,4,'',1,8600,4,'',1,8700,4,'',1,4700,4,'',1,8400,4,'',1,8500,4,'',1,8500,4,'',1
'23SE04-CPBlock-Saturday-12',2001,63600,4,'',1,6500,4,'',1,2600,4,'',1,2400,4,'',1,6400,4,'',1,2500,4,'',1,6500,4,'',1,2700,4,'',1,2600,4,'',1,6600,4,'',1,2600,4,'',1,6600,4,'',1,2600,4,'',1,6600,4,'',1,2600,4,'',1,6600,4,'',1,2700,4,'',1,2600,4,'',1,6600,4,'',1,2600,4,'',1,6700,4,'',1,2600,4,'',1,6600,4,'',1,2600,4,'',1,2600,4,'',1,6600,4,'',1,2600,4,'',1,6600,4,'',1,2600,4,'',1,6600,4,'',1,2500,4,'',1,2600,4,'',1,6500,4,'',1,2500,4,'',1,6500,4,'',1,2400,4,'',1,6400,4,'',1,2400,4,'',1,2400,4,'',1,6500,4,'',1
'23SE04-CPBlock-Sunday-13',2001,75600,4,'',1,7400,4,'',1,7400,4,'',1,3300,4,'',1,7400,4,'',1,3400,4,'',1,7400,4,'',1,3400,4,'',1,7400,4,'',1,7400,4,'',1,3400,4,'',1,7400,4,'',1,3400,4,'',1,7400,4,'',1,3400,4,'',1,7400,4,'',1,3400,4,'',1,7400,4,'',1,7400,4,'',1,3400,4,'',1,7400,4,'',1,3500,4,'',1,7500,4,'',1
'23SE04-CPBlock-Weekday-11',2001,52100,4,'',1,2100,4,'',1,6000,4,'',1,2200,4,'',1,1200,4,'',1,1000,4,'',1,6000,4,'',1,2000,4,'',1,2000,4,'',1,1000,4,'',1,5000,4,'',1,2000,4,'',1,2000,4,'',1,900,4,'',1,5000,4,'',1,1900,4,'',1,2100,4,'',1,6300,4,'',1,2500,4,'',1,2500,4,'',1,6400,4,'',1,2500,4,'',1,6600,4,'',1,2500,4,'',1,6500,4,'',1,2400,4,'',1,1600,4,'',1,1600,4,'',1,5500,4,'',1,1600,4,'',1,1600,4,'',1,5600,4,'',1,1700,4,'',1,1700,4,'',1,1700,4,'',1,5700,4,'',1,1600,4,'',1,1800,4,'',1,5700,4,'',1,1800,4,'',1,1800,4,'',1,1700,4,'',1,5600,4,'',1,1600,4,'',1,1700,4,'',1,5700,4,'',1,1700,4,'',1,1600,4,'',1,1700,4,'',1,5600,4,'',1,1800,4,'',1,1800,4,'',1,7200,4,'',1,3000,4,'',1,6900,4,'',1,2700,4,'',1,6800,4,'',1,2900,4,'',1,6800,4,'',1,2800,4,'',1,2600,4,'',1
'23OC23-CPBlock-Saturday-12',2601,54600,4,'',1,6100,4,'',1,2100,4,'',1,2100,4,'',1,6400,4,'',1,2400,4,'',1,2200,4,'',1,6300,4,'',1,2300,4,'',1,6300,4,'',1,2400,4,'',1,2500,4,'',1,6600,4,'',1,2600,4,'',1,5700,4,'',1,2000,4,'',1,2100,4,'',1,6400,4,'',1,2800,4,'',1,6500,4,'',1,2400,4,'',1,2300,4,'',1,6100,4,'',1,2200,4,'',1,2200,4,'',1,6300,4,'',1,2400,4,'',1,6500,4,'',1,2300,4,'',1,2300,4,'',1,6200,4,'',1,2200,4,'',1,6200,4,'',1,2300,4,'',1,2500,4,'',1,6300,4,'',1,1800,4,'',1,2100,4,'',1,6000,4,'',1,2000,4,'',1,1900,4,'',1,6300,4,'',1,2300,4,'',1,2300,4,'',1,6200,4,'',1,2300,4,'',1,6200,4,'',1,2000,4,'',1,1900,4,'',1,5900,4,'',1,1800,4,'',1,1900,4,'',1,6000,4,'',1,2000,4,'',1,2000,4,'',1,6500,4,'',1
'23OC23-CPBlock-Sunday-13',2601,64700,4,'',1,7700,4,'',1,3400,4,'',1,7400,4,'',1,7200,4,'',1,3600,4,'',1,7900,4,'',1,3800,4,'',1,6400,4,'',1,2400,4,'',1,7700,4,'',1,3500,4,'',1,7400,4,'',1,7200,4,'',1,3100,4,'',1,7100,4,'',1,3200,4,'',1,7200,4,'',1,3200,4,'',1,7200,4,'',1,3400,4,'',1,7400,4,'',1,3400,4,'',1,6600,4,'',1,2700,4,'',1,7400,4,'',1,3500,4,'',1,7600,4,'',1,7300,4,'',1,3400,4,'',1,7400,4,'',1,3000,4,'',1,7100,4,'',1,3200,4,'',1
'23OC23-CPBlock-Weekday-11',2601,43600,4,'',1,1300,4,'',1,5300,4,'',1,1700,4,'',1,1400,4,'',1,1300,4,'',1,5500,4,'',1,1500,4,'',1,1400,4,'',1,1300,4,'',1,1600,4,'',1,5500,4,'',1,1400,4,'',1,1900,4,'',1,5600,4,'',1,1200,4,'',1,400,4,'',1,1700,4,'',1,1600,4,'',1,5500,4,'',1,1200,4,'',1,1300,4,'',1,1300,4,'',1,5500,4,'',1,1500,4,'',1,1500,4,'',1,1800,4,'',1,5800,4,'',1,2200,4,'',1,2100,4,'',1,6200,4,'',1,2100,4,'',1,1800,4,'',1,5800,4,'',1,1800,4,'',1,1800,4,'',1,5900,4,'',1,1600,4,'',1,1500,4,'',1,1600,4,'',1,5600,4,'',1,1500,4,'',1,1600,4,'',1,1700,4,'',1,5700,4,'',1,1600,4,'',1,1500,4,'',1,1600,4,'',1,5600,4,'',1,1600,4,'',1,1600,4,'',1,5600,4,'',1,1400,4,'',1,1600,4,'',1,1500,4,'',1,5500,4,'',1,1500,4,'',1,1200,4,'',1,1300,4,'',1,1400,4,'',1,5500,4,'',1,1600,4,'',1,1500,4,'',1,1700,4,'',1,6000,4,'',1,2300,4,'',1,6600,4,'',1,2200,4,'',1,2600,4,'',1,6400,4,'',1,2400,4,'',1,6300,4,'',1,2300,4,'',1,2500,4,'',1,6500,4,'',1,2400,4,'',1,7400,4,'',1
'23SE04-CPBlock-Saturday-12',2601,54600,4,'',1,6100,4,'',1,2100,4,'',1,2100,4,'',1,6400,4,'',1,2400,4,'',1,2200,4,'',1,6300,4,'',1,2300,4,'',1,6300,4,'',1,2400,4,'',1,2500,4,'',1,6600,4,'',1,2600,4,'',1,5700,4,'',1,2000,4,'',1,2100,4,'',1,6400,4,'',1,2800,4,'',1,6500,4,'',1,2400,4,'',1,2300,4,'',1,6100,4,'',1,2200,4,'',1,2200,4,'',1,6300,4,'',1,2400,4,'',1,6500,4,'',1,2300,4,'',1,2300,4,'',1,6200,4,'',1,2200,4,'',1,6200,4,'',1,2300,4,'',1,2500,4,'',1,6300,4,'',1,1800,4,'',1,2100,4,'',1,6000,4,'',1,2000,4,'',1,1900,4,'',1,6300,4,'',1,2300,4,'',1,2300,4,'',1,6200,4,'',1,2300,4,'',1,6200,4,'',1,2000,4,'',1,1900,4,'',1,5900,4,'',1,1800,4,'',1,1900,4,'',1,6000,4,'',1,2000,4,'',1,2000,4,'',1,6500,4,'',1
'23SE04-CPBlock-Sunday-13',2601,64700,4,'',1,7700,4,'',1,3400,4,'',1,7400,4,'',1,7200,4,'',1,3600,4,'',1,7900,4,'',1,3800,4,'',1,6400,4,'',1,2400,4,'',1,7700,4,'',1,3500,4,'',1,7400,4,'',1,7200,4,'',1,3100,4,'',1,7100,4,'',1,3200,4,'',1,7200,4,'',1,3200,4,'',1,7200,4,'',1,3400,4,'',1,7400,4,'',1,3400,4,'',1,6600,4,'',1,2700,4,'',1,7400,4,'',1,3500,4,'',1,7600,4,'',1,7300,4,'',1,3400,4,'',1,7400,4,'',1,3000,4,'',1,7100,4,'',1,3200,4,'',1
'23SE04-CPBlock-Weekday-11',2601,43600,4,'',1,1300,4,'',1,5300,4,'',1,1700,4,'',1,1400,4,'',1,1300,4,'',1,5500,4,'',1,1500,4,'',1,1400,4,'',1,1300,4,'',1,1600,4,'',1,5500,4,'',1,1400,4,'',1,1900,4,'',1,5600,4,'',1,1200,4,'',1,400,4,'',1,1700,4,'',1,1600,4,'',1,5500,4,'',1,1200,4,'',1,1300,4,'',1,1300,4,'',1,5500,4,'',1,1500,4,'',1,1500,4,'',1,1800,4,'',1,5800,4,'',1,2200,4,'',1,2100,4,'',1,6200,4,'',1,2100,4,'',1,1800,4,'',1,5800,4,'',1,1800,4,'',1,1800,4,'',1,5900,4,'',1,1600,4,'',1,1500,4,'',1,1600,4,'',1,5600,4,'',1,1500,4,'',1,1600,4,'',1,1700,4,'',1,5700,4,'',1,1600,4,'',1,1500,4,'',1,1600,4,'',1,5600,4,'',1,1600,4,'',1,1600,4,'',1,5600,4,'',1,1400,4,'',1,1600,4,'',1,1500,4,'',1,5500,4,'',1,1500,4,'',1,1200,4,'',1,1300,4,'',1,1400,4,'',1,5500,4,'',1,1600,4,'',1,1500,4,'',1,1700,4,'',1,6000,4,'',1,2300,4,'',1,6600,4,'',1,2200,4,'',1,2600,4,'',1,6400,4,'',1,2400,4,'',1,6300,4,'',1,2300,4,'',1,2500,4,'',1,6500,4,'',1,2400,4,'',1,7400,4,'',1
'23OC23-CPBlock-Weekday-11',7601,53100,4,'',1,2700,4,'',1,6700,4,'',1,2600,4,'',1,6300,4,'',1,300,4,'',1,2500,4,'',1,6700,4,'',1,2500,4,'',1,6600,4,'',1,2500,4,'',1,2500,4,'',1,7200,4,'',1,7800,4,'',1,3600,4,'',1,7800,4,'',1,3700,4,'',1,7700,4,'',1,7300,4,'',1,2100,4,'',1,2000,4,'',1,5900,4,'',1,2200,4,'',1,2000,4,'',1,6000,4,'',1,2400,4,'',1,2100,4,'',1,6300,4,'',1,1800,4,'',1,2100,4,'',1,5800,4,'',1,2100,4,'',1,2000,4,'',1,6000,4,'',1,1900,4,'',1,7500,4,'',1,3500,4,'',1,7700,4,'',1,3700,4,'',1,7600,4,'',1,7700,4,'',1,3700,4,'',1,7700,4,'',1
'23SE04-CPBlock-Weekday-11',7601,53100,4,'',1,2700,4,'',1,6700,4,'',1,2600,4,'',1,6300,4,'',1,300,4,'',1,2500,4,'',1,6700,4,'',1,2500,4,'',1,6600,4,'',1,2500,4,'',1,2500,4,'',1,7200,4,'',1,7800,4,'',1,3600,4,'',1,7800,4,'',1,3700,4,'',1,7700,4,'',1,7300,4,'',1,2100,4,'',1,2000,4,'',1,5900,4,'',1,2200,4,'',1,2000,4,'',1,6000,4,'',1,2400,4,'',1,2100,4,'',1,6300,4,'',1,1800,4,'',1,2100,4,'',1,5800,4,'',1,2100,4,'',1,2000,4,'',1,6000,4,'',1,1900,4,'',1,7500,4,'',1,3500,4,'',1,7700,4,'',1,3700,4,'',1,7600,4,'',1,7700,4,'',1,3700,4,'',1,7700,4,'',1
