'24AP29-CPBlock-Holiday1-14',401,80700,,'',1,3800,,'',1,7800,,'',1,7900,,'',1,4000,,'',1,8000,,'',1,8200,,'',1,4200,,'',1,8200,,'',1,8200,,'',1,4200,,'',1,8200,,'',1,8300,,'',1,4200,,'',1,8200,,'',1,8200,,'',1,8200,,'',1,4100,,'',1
'24AP29-CPBlock-Saturday-12',401,62700,,'',1,7900,,'',1,4000,,'',1,7900,,'',1,8000,,'',1,4000,,'',1,8200,,'',1,8200,,'',1,4100,,'',1,8100,,'',1,8400,,'',1,4300,,'',1,8300,,'',1,8500,,'',1,8500,,'',1,4200,,'',1,8400,,'',1,8300,,'',1,8200,,'',1,4300,,'',1,8100,,'',1,8300,,'',1,4500,,'',1
'24AP29-CPBlock-Sunday-13',401,80700,,'',1,3800,,'',1,7800,,'',1,7900,,'',1,4000,,'',1,8000,,'',1,8200,,'',1,4200,,'',1,8200,,'',1,8200,,'',1,4200,,'',1,8200,,'',1,8300,,'',1,4200,,'',1,8200,,'',1,8200,,'',1,8200,,'',1,4100,,'',1
'24AP29-CPBlock-Weekday-11',401,50400,,'',1,4300,,'',1,8100,,'',1,7900,,'',1,4100,,'',1,8300,,'',1,8200,,'',1,3900,,'',1,8100,,'',1,8000,,'',1,4000,,'',1,8100,,'',1,8100,,'',1,4000,,'',1,7300,,'',1,2200,,'',1,200,,'',1,7600,,'',1,7600,,'',1,3500,,'',1,7400,,'',1,3300,,'',1,7300,,'',1,3300,,'',1,9700,,'',1,9900,,'',1,9800,,'',1,9900,,'',1
'24AP29-CPBlock-Saturday-12',2803,74700,,'',1,6500,,'',1,2400,,'',1,6400,,'',1,2400,,'',1,2400,,'',1,6400,,'',1,2500,,'',1,6500,,'',1,2600,,'',1,2600,,'',1,6600,,'',1,2600,,'',1,6700,,'',1,2700,,'',1,6700,,'',1,2700,,'',1,6700,,'',1,2700,,'',1,2700,,'',1,6700,,'',1,2700,,'',1,6700,,'',1,2700,,'',1,6600,,'',1,2600,,'',1,6600,,'',1,2500,,'',1,2500,,'',1,6500,,'',1,2500,,'',1,6500,,'',1,2500,,'',1,2500,,'',1,6500,,'',1,2500,,'',1
'24AP29-CPBlock-Saturday-12',2804,80900,4,'',1,2400,4,'',1,2400,4,'',1,6400,4,'',1,2400,4,'',1,6400,4,'',1,2500,4,'',1,2500,4,'',1,6600,4,'',1,2500,4,'',1,6500,4,'',1,2700,4,'',1,6700,4,'',1,2700,4,'',1,6700,4,'',1,2700,4,'',1,2700,4,'',1,6700,4,'',1,2700,4,'',1,6700,4,'',1,2700,4,'',1,6700,4,'',1,2700,4,'',1,6600,4,'',1,2700,4,'',1,2600,4,'',1,6500,4,'',1,2500,4,'',1,6500,4,'',1,2500,4,'',1,6500,4,'',1,2500,4,'',1,2500,4,'',1,6500,4,'',1,2500,4,'',1
'24AP29-CPBlock-Sunday-13',2803,80900,,'',1,2400,,'',1,2400,,'',1,6400,,'',1,2400,,'',1,6400,,'',1,2500,,'',1,2500,,'',1,6500,,'',1,2600,,'',1,6500,,'',1,2500,,'',1,6600,,'',1,2600,,'',1,2600,,'',1,6600,,'',1,2600,,'',1,6600,,'',1,2600,,'',1,6600,,'',1,2600,,'',1,6600,,'',1,2600,,'',1,2600,,'',1,6500,,'',1,2500,,'',1,6500,,'',1,2500,,'',1
'24AP29-CPBlock-Sunday-13',2804,82800,4,'',1,2400,4,'',1,6400,4,'',1,2400,4,'',1,6500,4,'',1,2500,4,'',1,2500,4,'',1,6600,4,'',1,2500,4,'',1,6500,4,'',1,2600,4,'',1,6500,4,'',1,2500,4,'',1,2600,4,'',1,6700,4,'',1,2600,4,'',1,6600,4,'',1,2600,4,'',1,6600,4,'',1,2600,4,'',1,2600,4,'',1,6600,4,'',1,2400,4,'',1,6600,4,'',1,2500,4,'',1,6500,4,'',1,2400,4,'',1
'24AP29-CPBlock-Weekday-11',2803,50700,,'',1,1600,,'',1,1500,,'',1,1700,,'',1,5800,,'',1,1800,,'',1,1600,,'',1,5800,,'',1,2000,,'',1,1600,,'',1,6300,,'',1,2000,,'',1,2000,,'',1,6100,,'',1,2100,,'',1,2000,,'',1,6000,,'',1,2600,,'',1,2600,,'',1,6600,,'',1,2600,,'',1,6600,,'',1,2600,,'',1,6700,,'',1,2700,,'',1,2000,,'',1,6000,,'',1,2000,,'',1,2000,,'',1,5900,,'',1,1900,,'',1,1900,,'',1,5800,,'',1,2400,,'',1,1600,,'',1,6100,,'',1,2400,,'',1,2200,,'',1,6300,,'',1,1700,,'',1,1800,,'',1,6400,,'',1,1800,,'',1,1800,,'',1,6100,,'',1,1700,,'',1,2500,,'',1,6500,,'',1,2500,,'',1,6500,,'',1,2500,,'',1,6500,,'',1,2400,,'',1,2300,,'',1
'24AP29-CPBlock-Weekday-11',2804,53400,4,'',1,1600,4,'',1,5600,4,'',1,2300,4,'',1,1600,4,'',1,5500,4,'',1,2200,4,'',1,1600,4,'',1,2100,4,'',1,5700,4,'',1,1500,4,'',1,2700,4,'',1,5600,4,'',1,2300,4,'',1,2200,4,'',1,6300,4,'',1,2900,4,'',1,6900,4,'',1,2700,4,'',1,6600,4,'',1,2600,4,'',1,6700,4,'',1,2800,4,'',1,6700,4,'',1,2700,4,'',1,2400,4,'',1,5900,4,'',1,1900,4,'',1,1900,4,'',1,5900,4,'',1,1900,4,'',1,2100,4,'',1,6100,4,'',1,2500,4,'',1,1700,4,'',1,6100,4,'',1,2300,4,'',1,1800,4,'',1,6500,4,'',1,1600,4,'',1,1800,4,'',1,6200,4,'',1,1700,4,'',1,1800,4,'',1,6000,4,'',1,1200,4,'',1,2500,4,'',1,6500,4,'',1,2400,4,'',1,6500,4,'',1,2400,4,'',1,2200,4,'',1,6400,4,'',1,2200,4,'',1
'24AP29-CPBlock-Holiday1-14',10303,53500,,'',1,2100,,'',1,6100,,'',1,2000,,'',1,2000,,'',1,6000,,'',1,2200,,'',1,2000,,'',1,6200,,'',1,2100,,'',1,6300,,'',1,2200,,'',1,2200,,'',1,6300,,'',1,2300,,'',1,2400,,'',1,6500,,'',1,2500,,'',1,6500,,'',1,2400,,'',1,6600,,'',1,2500,,'',1,2600,,'',1,6600,,'',1,2600,,'',1,6600,,'',1,2700,,'',1,6700,,'',1,2700,,'',1,6700,,'',1,2800,,'',1,2700,,'',1,6600,,'',1,2600,,'',1,6700,,'',1,2600,,'',1,6500,,'',1,2500,,'',1,2400,,'',1,6400,,'',1,2300,,'',1,6300,,'',1
'24AP29-CPBlock-Holiday1-14',10304,65300,4,'',1,6100,4,'',1,2200,4,'',1,2000,4,'',1,6200,4,'',1,2000,4,'',1,6400,4,'',1,2200,4,'',1,2200,4,'',1,6300,4,'',1,2300,4,'',1,2400,4,'',1,6300,4,'',1,2500,4,'',1,6500,4,'',1,2400,4,'',1,2600,4,'',1,6600,4,'',1,2700,4,'',1,6600,4,'',1,2600,4,'',1,6600,4,'',1,2700,4,'',1,6600,4,'',1,2700,4,'',1,2700,4,'',1,6800,4,'',1,2700,4,'',1,6600,4,'',1,2700,4,'',1,6600,4,'',1,2500,4,'',1,6700,4,'',1,2400,4,'',1,2400,4,'',1,6400,4,'',1,2400,4,'',1,6300,4,'',1,2200,4,'',1,2200,4,'',1,6200,4,'',1,2100,4,'',1
'24AP29-CPBlock-Saturday-12',10303,51000,,'',1,2200,,'',1,2200,,'',1,6200,,'',1,2400,,'',1,6400,,'',1,2500,,'',1,2600,,'',1,6600,,'',1,2500,,'',1,6500,,'',1,2000,,'',1,2000,,'',1,6200,,'',1,2300,,'',1,2300,,'',1,6300,,'',1,2300,,'',1,6300,,'',1,2300,,'',1,2400,,'',1,6400,,'',1,2500,,'',1,6500,,'',1,2500,,'',1,2500,,'',1,6500,,'',1,2500,,'',1,6500,,'',1,2500,,'',1,6500,,'',1,2500,,'',1,2400,,'',1,6400,,'',1,2400,,'',1,6400,,'',1,2300,,'',1,2200,,'',1,6200,,'',1,2200,,'',1,2200,,'',1,6200,,'',1,2000,,'',1,2000,,'',1,6000,,'',1,2000,,'',1,6400,,'',1,3000,,'',1
'24AP29-CPBlock-Saturday-12',10304,52600,4,'',1,2200,4,'',1,6300,4,'',1,2400,4,'',1,2300,4,'',1,6500,4,'',1,2600,4,'',1,6700,4,'',1,2600,4,'',1,6500,4,'',1,2800,4,'',1,6900,4,'',1,2400,4,'',1,2500,4,'',1,6300,4,'',1,2300,4,'',1,6400,4,'',1,2300,4,'',1,2500,4,'',1,6400,4,'',1,2400,4,'',1,6400,4,'',1,2400,4,'',1,2600,4,'',1,6500,4,'',1,2600,4,'',1,6500,4,'',1,2500,4,'',1,2500,4,'',1,6500,4,'',1,2300,4,'',1,6500,4,'',1,2500,4,'',1,6400,4,'',1,2300,4,'',1,2100,4,'',1,6300,4,'',1,2000,4,'',1,2200,4,'',1,6100,4,'',1,2100,4,'',1,2000,4,'',1,6100,4,'',1,1900,4,'',1,2600,4,'',1,7000,4,'',1
'24AP29-CPBlock-Sunday-13',10303,53500,,'',1,2100,,'',1,6100,,'',1,2000,,'',1,2000,,'',1,6000,,'',1,2200,,'',1,2000,,'',1,6200,,'',1,2100,,'',1,6300,,'',1,2200,,'',1,2200,,'',1,6300,,'',1,2300,,'',1,2400,,'',1,6500,,'',1,2500,,'',1,6500,,'',1,2400,,'',1,6600,,'',1,2500,,'',1,2600,,'',1,6600,,'',1,2600,,'',1,6600,,'',1,2700,,'',1,6700,,'',1,2700,,'',1,6700,,'',1,2800,,'',1,2700,,'',1,6600,,'',1,2600,,'',1,6700,,'',1,2600,,'',1,6500,,'',1,2500,,'',1,2400,,'',1,6400,,'',1,2300,,'',1,6300,,'',1
'24AP29-CPBlock-Sunday-13',10304,65300,4,'',1,6100,4,'',1,2200,4,'',1,2000,4,'',1,6200,4,'',1,2000,4,'',1,6400,4,'',1,2200,4,'',1,2200,4,'',1,6300,4,'',1,2300,4,'',1,2400,4,'',1,6300,4,'',1,2500,4,'',1,6500,4,'',1,2400,4,'',1,2600,4,'',1,6600,4,'',1,2700,4,'',1,6600,4,'',1,2600,4,'',1,6600,4,'',1,2700,4,'',1,6600,4,'',1,2700,4,'',1,2700,4,'',1,6800,4,'',1,2700,4,'',1,6600,4,'',1,2700,4,'',1,6600,4,'',1,2500,4,'',1,6700,4,'',1,2400,4,'',1,2400,4,'',1,6400,4,'',1,2400,4,'',1,6300,4,'',1,2200,4,'',1,2200,4,'',1,6200,4,'',1,2100,4,'',1
'24AP29-CPBlock-Weekday-11',10303,40600,,'',1,1400,,'',1,1300,,'',1,1300,,'',1,1300,,'',1,5400,,'',1,1400,,'',1,1400,,'',1,1400,,'',1,5400,,'',1,1400,,'',1,1300,,'',1,1300,,'',1,5500,,'',1,1500,,'',1,1500,,'',1,1500,,'',1,5700,,'',1,1700,,'',1,1700,,'',1,1700,,'',1,5500,,'',1,2100,,'',1,2200,,'',1,6000,,'',1,2200,,'',1,2200,,'',1,6200,,'',1,2200,,'',1,6200,,'',1,2200,,'',1,2200,,'',1,6200,,'',1,2200,,'',1,2200,,'',1,6200,,'',1,2200,,'',1,1700,,'',1,5700,,'',1,1900,,'',1,2100,,'',1,6100,,'',1,2100,,'',1,2100,,'',1,5900,,'',1,1900,,'',1,2000,,'',1,6200,,'',1,2200,,'',1,6200,,'',1,2200,,'',1,2100,,'',1,6100,,'',1,2100,,'',1,2000,,'',1,6000,,'',1,2000,,'',1,2200,,'',1,8400,,'',1,8400,,'',1,4200,,'',1,8200,,'',1
'24AP29-CPBlock-Weekday-11',10304,51900,4,'',1,1500,4,'',1,1500,4,'',1,5600,4,'',1,1500,4,'',1,1800,4,'',1,1700,4,'',1,5800,4,'',1,1600,4,'',1,1500,4,'',1,5700,4,'',1,1700,4,'',1,1600,4,'',1,1600,4,'',1,5600,4,'',1,1600,4,'',1,1400,4,'',1,1500,4,'',1,5800,4,'',1,2200,4,'',1,2100,4,'',1,6200,4,'',1,2200,4,'',1,2100,4,'',1,6400,4,'',1,2200,4,'',1,6200,4,'',1,2300,4,'',1,2200,4,'',1,6200,4,'',1,2300,4,'',1,2400,4,'',1,6400,4,'',1,2400,4,'',1,6300,4,'',1,2100,4,'',1,1900,4,'',1,5900,4,'',1,2000,4,'',1,2000,4,'',1,6000,4,'',1,2000,4,'',1,1900,4,'',1,5600,4,'',1,1500,4,'',1,1900,4,'',1,1900,4,'',1,6100,4,'',1,2100,4,'',1,1800,4,'',1,6000,4,'',1,2000,4,'',1,2000,4,'',1,6000,4,'',1,2000,4,'',1,7500,4,'',1,3900,4,'',1,8100,4,'',1,8200,4,'',1
