101,1661,1,0
101,1656,2,0
101,1662,3,0
101,1663,4,0
101,1664,5,0
101,1047,6,0
101,548,7,0
101,501,8,0
101,675,9,0
101,522,10,0
101,523,11,0
101,524,12,0
101,535,13,0
101,536,14,0
101,537,15,0
101,1099,16,0
101,964,17,0
101,968,18,0
101,1030,19,0
101,1054,20,0
101,1055,21,0
101,910,22,0
101,1003,23,0
101,992,24,0
101,520,25,0
101,629,26,0
101,639,27,0
101,640,28,0
101,670,29,0
101,641,30,0
101,642,31,0
101,643,32,0
101,644,33,0
101,645,34,0
101,4000,35,0
101,3026,36,0
101,646,37,0
101,747,38,0
101,748,39,0
101,749,40,0
101,750,41,0
101,751,42,0
101,752,43,0
101,753,44,0
101,754,45,0
101,855,46,0
101,856,47,0
101,857,48,0
101,826,49,0
101,858,50,0
101,859,51,0
101,860,52,0
101,861,53,0
101,862,54,0
101,831,55,0
101,863,56,0
101,1191,57,0
101,864,58,0
101,865,59,0
101,866,60,0
101,867,61,0
101,868,62,0
101,869,63,0
101,9160,64,0
101,9026,65,0
101,9001,66,0
101,9002,67,0
101,9003,68,0
101,9004,69,0
101,9005,70,0
101,9118,71,1
102,9118,1,0
102,9006,2,0
102,1304,3,0
102,811,4,0
102,9015,5,0
102,9016,6,0
102,9017,7,0
102,9018,8,0
102,9019,9,0
102,815,10,0
102,9020,11,0
102,871,12,0
102,872,13,0
102,873,14,0
102,874,15,0
102,875,16,0
102,3536,17,0
102,876,18,0
102,877,19,0
102,1192,20,0
102,878,21,0
102,1354,22,0
102,1377,23,0
102,1378,24,0
102,1379,25,0
102,1380,26,0
102,1302,27,0
102,1381,28,0
102,827,29,0
102,1382,30,0
102,1283,31,0
102,784,32,0
102,785,33,0
102,786,34,0
102,787,35,0
102,788,36,0
102,1189,37,0
102,1190,38,0
102,1152,39,0
102,1153,40,0
102,149,41,0
102,3139,42,0
102,1194,43,0
102,3169,44,0
102,1195,45,0
102,1196,46,0
102,1197,47,0
102,1198,48,0
102,1199,49,0
102,1101,50,0
102,1100,51,0
102,1102,52,0
102,993,53,0
102,914,54,0
102,991,55,0
102,1629,56,0
102,1087,57,0
102,1072,58,0
102,1094,59,0
102,1071,60,0
102,1069,61,0
102,1049,62,0
102,1029,63,0
102,1099,64,0
102,1036,65,0
102,1037,66,0
102,1678,67,0
102,1006,68,0
102,1665,69,0
102,1666,70,0
102,1095,71,0
102,1002,72,0
102,1667,73,0
102,1141,74,0
102,1660,75,0
102,958,76,0
102,1661,77,1
203,348,1,0
203,345,2,0
203,311,3,0
203,326,4,0
203,336,5,0
203,324,6,0
203,334,7,0
203,304,8,0
203,332,9,0
203,330,10,0
203,709,11,0
203,728,12,0
203,726,13,0
203,724,14,0
203,722,15,0
203,720,16,0
203,1902,17,0
203,718,18,0
203,796,19,0
203,769,20,0
203,1212,21,0
203,1210,22,0
203,1208,23,0
203,1206,24,0
203,1204,25,0
203,4003,26,0
203,2577,27,0
203,666,28,0
203,1402,29,1
204,477,1,0
204,480,2,0
204,481,3,0
204,1822,4,0
204,4005,5,0
204,1103,6,0
204,1105,7,0
204,1107,8,0
204,2536,9,0
204,1109,10,0
204,1111,11,0
204,1104,12,0
204,1113,13,0
204,1115,14,0
204,717,15,0
204,719,16,0
204,792,17,0
204,721,18,0
204,723,19,0
204,725,20,0
204,727,21,0
204,329,22,0
204,331,23,0
204,305,24,0
204,333,25,0
204,335,26,0
204,337,27,0
204,339,28,0
204,341,29,0
204,348,30,1
301,1403,1,0
301,480,2,0
301,481,3,0
301,3013,4,0
301,1425,5,0
301,74,6,0
301,75,7,0
301,76,8,0
301,77,9,0
301,66,10,0
301,78,11,0
301,1215,12,0
301,1216,13,0
301,1217,14,0
301,1218,15,0
301,1219,16,0
301,1220,17,0
301,1221,18,0
301,1222,19,0
301,1223,20,0
301,1224,21,0
301,1225,22,0
301,1326,23,0
301,1327,24,0
301,1325,25,0
301,1328,26,0
301,1329,27,0
301,1330,28,0
301,1331,29,0
301,1332,30,0
301,1333,31,0
301,1334,32,0
301,1335,33,0
301,1336,34,0
301,1337,35,0
301,1339,36,0
301,9161,37,0
301,9022,38,0
301,9023,39,0
301,9024,40,0
301,9025,41,0
301,2892,42,0
301,9027,43,0
301,9028,44,0
301,9029,45,0
301,9030,46,0
301,9031,47,0
301,9052,48,0
301,9162,49,0
301,9033,50,0
301,9015,51,0
301,9062,52,1
302,9062,1,0
302,9006,2,0
302,1304,3,0
302,9034,4,0
302,9035,5,0
302,9036,6,0
302,9037,7,0
302,9038,8,0
302,2955,9,0
302,9040,10,0
302,9041,11,0
302,9042,12,0
302,9043,13,0
302,9044,14,0
302,1305,15,0
302,1340,16,0
302,1341,17,0
302,1342,18,0
302,1343,19,0
302,1344,20,0
302,1345,21,0
302,1346,22,0
302,1347,23,0
302,1348,24,0
302,1349,25,0
302,1350,26,0
302,1351,27,0
302,1352,28,0
302,1353,29,0
302,2268,30,0
302,1255,31,0
302,1256,32,0
302,1257,33,0
302,1258,34,0
302,1259,35,0
302,1260,36,0
302,1261,37,0
302,1262,38,0
302,1263,39,0
302,1264,40,0
302,59,41,0
302,68,42,0
302,69,43,0
302,70,44,0
302,2140,45,0
302,1975,46,0
302,813,47,0
302,578,48,0
302,1821,49,0
302,666,50,0
302,6000,51,1
401,3429,1,0
401,3123,2,0
401,6127,3,0
401,6128,4,0
401,6129,5,0
401,6137,6,0
401,6130,7,0
401,6131,8,0
401,3431,9,0
401,604,10,0
401,606,11,0
401,631,12,0
401,607,13,0
401,686,14,0
401,687,15,0
401,688,16,0
401,693,17,0
401,694,18,0
401,758,19,0
401,759,20,0
401,2622,21,0
401,722,22,0
401,720,23,0
401,1902,24,0
401,3372,25,0
401,3376,26,0
401,704,27,0
401,760,28,0
401,705,29,0
401,706,30,0
401,707,31,0
401,710,32,0
401,711,33,0
401,712,34,0
401,713,35,0
401,714,36,0
401,716,37,0
401,729,38,0
401,730,39,0
401,400,40,0
401,402,41,0
401,403,42,0
401,405,43,0
401,426,44,0
401,459,45,0
401,458,46,0
401,9097,47,0
401,9058,48,1
402,9058,1,0
402,9060,2,0
402,422,3,0
402,1399,4,0
402,423,5,0
402,424,6,0
402,461,7,0
402,409,8,0
402,410,9,0
402,411,10,0
402,412,11,0
402,413,12,0
402,414,13,0
402,415,14,0
402,731,15,0
402,732,16,0
402,733,17,0
402,734,18,0
402,735,19,0
402,736,20,0
402,737,21,0
402,738,22,0
402,739,23,0
402,740,24,0
402,741,25,0
402,742,26,0
402,761,27,0
402,743,28,0
402,3377,29,0
402,3373,30,0
402,719,31,0
402,792,32,0
402,721,33,0
402,723,34,0
402,3198,35,0
402,701,36,0
402,695,37,0
402,696,38,0
402,697,39,0
402,698,40,0
402,699,41,0
402,702,42,0
402,620,43,0
402,630,44,0
402,628,45,0
402,621,46,0
402,604,47,0
402,606,48,0
402,631,49,0
402,607,50,0
402,3430,51,0
402,6140,52,0
402,6141,53,0
402,6142,54,0
402,6170,55,0
402,6143,56,0
402,6144,57,0
402,6145,58,0
402,3429,59,1
503,446,1,0
503,471,2,0
503,447,3,0
503,448,4,0
503,408,5,0
503,450,6,0
503,451,7,0
503,2745,8,0
503,452,9,0
503,469,10,0
503,468,11,0
503,467,12,0
503,449,13,0
503,466,14,0
503,465,15,0
503,464,16,0
503,463,17,0
503,462,18,0
503,470,19,0
503,461,20,0
503,459,21,0
503,458,22,0
503,879,23,0
503,880,24,0
503,1091,25,0
503,1355,26,0
503,1364,27,0
503,1356,28,0
503,1357,29,0
503,1358,30,0
503,1359,31,0
503,1550,32,0
503,1549,33,0
503,1548,34,0
503,3122,35,0
503,2047,36,0
503,2046,37,0
503,2045,38,0
503,2043,39,0
503,2042,40,0
503,2041,41,0
503,2040,42,0
503,2638,43,0
503,2637,44,0
503,2655,45,0
503,2502,46,0
503,2503,47,0
503,886,48,0
503,1004,49,0
503,925,50,0
503,941,51,0
503,942,52,0
503,966,53,0
503,967,54,0
503,2493,55,1
504,2493,1,0
504,2509,2,0
504,2591,3,0
504,5100,4,0
504,2481,5,0
504,2482,6,0
504,2492,7,0
504,1832,8,0
504,1890,9,0
504,1891,10,0
504,978,11,0
504,1892,12,0
504,1893,13,0
504,999,14,0
504,1894,15,0
504,1895,16,0
504,967,17,0
504,802,18,0
504,1010,19,0
504,1065,20,0
504,309,21,0
504,2520,22,0
504,2521,23,0
504,2687,24,0
504,2606,25,0
504,2605,26,0
504,2003,27,0
504,2004,28,0
504,2005,29,0
504,2007,30,0
504,2008,31,0
504,2010,32,0
504,2011,33,0
504,3144,34,0
504,1512,35,0
504,1513,36,0
504,1514,37,0
504,1315,38,0
504,1316,39,0
504,1317,40,0
504,1318,41,0
504,1300,42,0
504,1319,43,0
504,820,44,0
504,821,45,0
504,822,46,0
504,423,47,0
504,424,48,0
504,426,49,0
504,428,50,0
504,427,51,0
504,429,52,0
504,430,53,0
504,431,54,0
504,420,55,0
504,432,56,0
504,433,57,0
504,434,58,0
504,440,59,0
504,2744,60,0
504,441,61,0
504,442,62,0
504,443,63,0
504,444,64,0
504,445,65,0
504,472,66,0
504,446,67,1
601,1106,1,0
601,1198,2,0
601,1199,3,0
601,1174,4,0
601,1108,5,0
601,1173,6,0
601,1110,7,0
601,1172,8,0
601,1112,9,0
601,1114,10,0
601,1134,11,0
601,1116,12,0
601,1117,13,0
601,1118,14,0
601,1119,15,0
601,1120,16,0
601,1121,17,0
601,1794,18,0
601,1122,19,0
601,1123,20,0
601,1124,21,0
601,1795,22,0
601,1125,23,0
601,1126,24,0
601,1127,25,0
601,1167,26,0
601,1165,27,0
601,1128,28,0
601,3039,29,0
601,3125,30,0
601,661,31,0
601,662,32,0
601,663,33,0
601,3040,34,0
601,6158,35,0
601,6159,36,0
601,6160,37,0
601,6202,38,0
601,1746,39,0
601,1421,40,0
601,1498,41,0
601,3033,42,0
601,1428,43,0
601,1446,44,0
601,4030,45,0
601,1456,46,0
601,6000,47,1
602,364,1,0
602,4020,2,0
602,577,3,0
602,4021,4,0
602,585,5,0
602,1645,6,0
602,1691,7,0
602,6203,8,0
602,6161,9,0
602,6162,10,0
602,6163,11,0
602,3045,12,0
602,3160,13,0
602,648,14,0
602,649,15,0
602,650,16,0
602,651,17,0
602,3046,18,0
602,1474,19,0
602,1166,20,0
602,1168,21,0
602,1175,22,0
602,1176,23,0
602,1177,24,0
602,1178,25,0
602,1447,26,0
602,1179,27,0
602,1180,28,0
602,1181,29,0
602,1182,30,0
602,1183,31,0
602,1144,32,0
602,1145,33,0
602,1169,34,0
602,1146,35,0
602,1147,36,0
602,1188,37,0
602,1171,38,0
602,1106,39,1
703,766,1,0
703,480,2,0
703,1582,3,0
703,1588,4,0
703,2213,5,0
703,1593,6,0
703,322,7,0
703,1992,8,0
703,2304,9,0
703,1471,10,0
703,2048,11,0
703,2002,12,0
703,2012,13,0
703,2013,14,0
703,2014,15,0
703,2015,16,0
703,3367,17,0
703,12,18,0
703,3211,19,0
703,2070,20,0
703,38,21,0
703,39,22,0
703,40,23,0
703,41,24,0
703,42,25,0
703,2689,26,0
703,2144,27,0
703,43,28,0
703,44,29,0
703,2061,30,0
703,3258,31,0
703,1133,32,0
703,2904,33,0
703,9970,34,0
703,2956,35,0
703,9972,36,0
703,3197,37,0
703,2910,38,0
703,2995,39,0
703,2911,40,0
703,3553,41,0
703,2913,42,0
703,2934,43,0
703,2915,44,0
703,2916,45,0
703,2917,46,0
703,2918,47,0
703,2891,48,0
703,2919,49,0
703,2920,50,0
703,2933,51,0
703,2320,52,0
703,2321,53,0
703,2322,54,0
703,2323,55,0
703,2324,56,0
703,2360,57,0
703,2361,58,0
703,1835,59,0
703,3347,60,0
703,2747,61,0
703,2853,62,1
704,2853,1,0
704,2748,2,0
704,1836,3,0
704,2362,4,0
704,2363,5,0
704,2364,6,0
704,1681,7,0
704,2365,8,0
704,2366,9,0
704,2367,10,0
704,2368,11,0
704,2925,12,0
704,2927,13,0
704,2928,14,0
704,2953,15,0
704,2932,16,0
704,3815,17,0
704,2908,18,0
704,2909,19,0
704,2901,20,0
704,9960,21,0
704,9961,22,0
704,9962,23,0
704,3300,24,0
704,3301,25,0
704,2905,26,0
704,1088,27,0
704,3272,28,0
704,2147,29,0
704,2145,30,0
704,20,31,0
704,21,32,0
704,2343,33,0
704,2344,34,0
704,14,35,0
704,37,36,0
704,79,37,0
704,3254,38,0
704,47,39,0
704,3097,40,0
704,3212,41,0
704,1749,42,0
704,3213,43,0
704,2035,44,0
704,2621,45,0
704,2039,46,0
704,2037,47,0
704,1068,48,0
704,2083,49,0
704,2031,50,0
704,2289,51,0
704,1988,52,0
704,340,53,0
704,294,54,0
704,1595,55,0
704,899,56,0
704,6000,57,1
803,342,1,0
803,345,2,0
803,311,3,0
803,326,4,0
803,336,5,0
803,324,6,0
803,334,7,0
803,380,8,0
803,381,9,0
803,382,10,0
803,384,11,0
803,385,12,0
803,386,13,0
803,387,14,0
803,416,15,0
803,493,16,0
803,797,17,0
803,496,18,0
803,497,19,0
803,498,20,0
803,499,21,0
803,491,22,0
803,894,23,0
803,895,24,0
803,1296,25,0
803,2221,26,0
803,2267,27,0
803,2268,28,0
803,2269,29,0
803,1238,30,0
803,1239,31,0
803,1240,32,0
803,1241,33,0
803,1242,34,0
803,1227,35,0
803,68,36,0
803,69,37,0
803,70,38,0
803,2140,39,0
803,1421,40,0
803,1498,41,0
803,3033,42,0
803,1428,43,0
803,1446,44,0
803,4030,45,0
803,1456,46,0
803,6000,47,1
804,597,1,0
804,4020,2,0
804,577,3,0
804,4021,4,0
804,585,5,0
804,587,6,0
804,74,7,0
804,75,8,0
804,76,9,0
804,77,10,0
804,66,11,0
804,1243,12,0
804,1228,13,0
804,1229,14,0
804,1230,15,0
804,1231,16,0
804,1232,17,0
804,2217,18,0
804,1225,19,0
804,2219,20,0
804,2220,21,0
804,1237,22,0
804,838,23,0
804,839,24,0
804,762,25,0
804,763,26,0
804,764,27,0
804,365,28,0
804,799,29,0
804,366,30,0
804,367,31,0
804,368,32,0
804,854,33,0
804,369,34,0
804,370,35,0
804,371,36,0
804,372,37,0
804,373,38,0
804,374,39,0
804,375,40,0
804,376,41,0
804,335,42,0
804,337,43,0
804,339,44,0
804,341,45,0
804,342,46,1
901,3419,1,0
901,3570,2,0
901,3501,3,0
901,4121,4,0
901,4120,5,0
901,4111,6,0
901,4123,7,0
901,4112,8,0
901,4115,9,0
901,4116,10,0
901,4117,11,0
901,4910,12,0
901,4911,13,0
901,4912,14,0
901,4913,15,0
901,4914,16,0
901,4915,17,0
901,4916,18,0
901,4917,19,0
901,2448,20,0
901,4918,21,0
901,4920,22,0
901,2450,23,0
901,2435,24,0
901,2436,25,0
901,2453,26,0
901,1704,27,0
901,1801,28,0
901,1705,29,0
901,1751,30,0
901,1707,31,0
901,3504,32,0
901,1807,33,0
901,1487,34,0
901,2335,35,0
901,1496,36,0
901,1497,37,0
901,1412,38,0
901,1488,39,0
901,1489,40,0
901,1494,41,0
901,1490,42,0
901,1491,43,0
901,840,44,0
901,1492,45,0
901,1493,46,0
901,1416,47,0
901,1424,48,0
901,851,49,0
901,2585,50,0
901,1456,51,0
901,6000,52,1
902,597,1,0
902,1838,2,0
902,3192,3,0
902,849,4,0
902,1404,5,0
902,1405,6,0
902,1415,7,0
902,1480,8,0
902,1481,9,0
902,837,10,0
902,1482,11,0
902,1483,12,0
902,1495,13,0
902,1484,14,0
902,1485,15,0
902,1468,16,0
902,1410,17,0
902,1478,18,0
902,1479,19,0
902,1486,20,0
902,1633,21,0
902,1808,22,0
902,3308,23,0
902,1700,24,0
902,1752,25,0
902,1702,26,0
902,1800,27,0
902,1703,28,0
902,2452,29,0
902,2400,30,0
902,2401,31,0
902,4101,32,0
902,1042,33,0
902,1882,34,0
902,2437,35,0
902,2438,36,0
902,4921,37,0
902,4922,38,0
902,4923,39,0
902,4924,40,0
902,4925,41,0
902,4926,42,0
902,4927,43,0
902,4928,44,0
902,4100,45,0
902,4125,46,0
902,4102,47,0
902,4103,48,0
902,4104,49,0
902,4113,50,0
902,4942,51,0
902,4105,52,0
902,4124,53,0
902,3417,54,0
902,3419,55,1
1003,597,1,0
1003,480,2,0
1003,481,3,0
1003,1822,4,0
1003,1508,5,0
1003,1509,6,0
1003,1510,7,0
1003,1061,8,0
1003,1600,9,0
1003,3343,10,0
1003,1798,11,0
1003,1603,12,0
1003,1604,13,0
1003,1605,14,0
1003,1606,15,0
1003,1993,16,0
1003,3358,17,0
1003,3357,18,0
1003,3345,19,0
1003,2100,20,0
1003,3030,21,0
1003,3421,22,0
1003,3408,23,0
1003,3409,24,0
1003,3410,25,0
1003,3411,26,0
1003,3412,27,0
1003,3413,28,0
1003,3414,29,0
1003,3415,30,0
1003,1848,31,0
1003,1854,32,0
1003,2105,33,0
1003,3015,34,0
1003,2106,35,0
1003,2111,36,0
1003,1459,37,0
1003,1461,38,0
1003,1462,39,0
1003,1463,40,0
1003,1464,41,0
1003,1465,42,0
1003,1398,43,0
1003,1466,44,0
1003,783,45,0
1003,67,46,0
1003,789,47,0
1003,1883,48,0
1003,2466,49,0
1003,2467,50,0
1003,3277,51,0
1003,2468,52,0
1003,2245,53,0
1003,2246,54,0
1003,2247,55,0
1003,2248,56,0
1003,2249,57,0
1003,2250,58,0
1003,2325,59,0
1003,72,60,0
1003,73,61,0
1003,778,62,0
1003,94,63,0
1003,2153,64,0
1003,2154,65,0
1003,1294,66,0
1003,3306,67,0
1003,1295,68,0
1003,2342,69,0
1003,1458,70,0
1003,6002,71,1
1004,2266,1,0
1004,2290,2,0
1004,346,3,0
1004,3307,4,0
1004,1783,5,0
1004,352,6,0
1004,1694,7,0
1004,2394,8,0
1004,22,9,0
1004,830,10,0
1004,3175,11,0
1004,23,12,0
1004,24,13,0
1004,2238,14,0
1004,2239,15,0
1004,2240,16,0
1004,2241,17,0
1004,2242,18,0
1004,2243,19,0
1004,2454,20,0
1004,3276,21,0
1004,2461,22,0
1004,2462,23,0
1004,2463,24,0
1004,401,25,0
1004,54,26,0
1004,404,27,0
1004,1669,28,0
1004,1670,29,0
1004,1671,30,0
1004,1672,31,0
1004,1673,32,0
1004,1674,33,0
1004,1675,34,0
1004,1676,35,0
1004,3147,36,0
1004,2112,37,0
1004,2113,38,0
1004,2114,39,0
1004,2120,40,0
1004,2197,41,0
1004,3002,42,0
1004,3309,43,0
1004,3310,44,0
1004,3311,45,0
1004,3312,46,0
1004,3313,47,0
1004,1857,48,0
1004,2667,49,0
1004,1634,50,0
1004,1635,51,0
1004,2551,52,0
1004,3416,53,0
1004,590,54,0
1004,591,55,0
1004,592,56,0
1004,3356,57,0
1004,1981,58,0
1004,1987,59,0
1004,1608,60,0
1004,1616,61,0
1004,1609,62,0
1004,1610,63,0
1004,1878,64,0
1004,1612,65,0
1004,1614,66,0
1004,1066,67,0
1004,1521,68,0
1004,1522,69,0
1004,1523,70,0
1004,2577,71,0
1004,666,72,0
1004,597,73,1
1103,9059,1,0
1103,9017,2,0
1103,9018,3,0
1103,9019,4,0
1103,815,5,0
1103,9020,6,0
1103,2886,7,0
1103,2958,8,0
1103,2989,9,0
1103,2987,10,0
1103,2800,11,0
1103,2801,12,0
1103,2802,13,0
1103,2897,14,0
1103,2804,15,1
1104,2804,1,0
1104,3009,2,0
1104,2771,3,0
1104,2772,4,0
1104,2707,5,0
1104,2986,6,0
1104,2988,7,0
1104,379,8,0
1104,2294,9,0
1104,2882,10,0
1104,9026,11,0
1104,9001,12,0
1104,9002,13,0
1104,9003,14,0
1104,9004,15,0
1104,9005,16,0
1104,9059,17,1
1303,101,1,0
1303,283,2,0
1303,244,3,0
1303,245,4,0
1303,288,5,0
1303,566,6,0
1303,503,7,0
1303,504,8,0
1303,1,9,0
1303,2887,10,0
1303,1038,11,0
1303,1039,12,0
1303,198,13,0
1303,1040,14,0
1303,1041,15,0
1303,1090,16,0
1303,1029,17,0
1303,1014,18,0
1303,1151,19,0
1303,146,20,0
1303,147,21,0
1303,148,22,0
1303,2678,23,0
1303,2506,24,0
1303,2508,25,0
1303,2560,26,0
1303,2561,27,0
1303,2170,28,0
1303,58,29,0
1303,1757,30,0
1303,313,31,0
1303,3403,32,0
1303,153,33,0
1303,154,34,0
1303,155,35,0
1303,156,36,0
1303,1712,37,0
1303,157,38,0
1303,3034,39,0
1303,519,40,0
1303,521,41,0
1303,2636,42,0
1303,2194,43,0
1303,2568,44,0
1303,2569,45,0
1303,2253,46,0
1303,2254,47,0
1303,2255,48,0
1303,2256,49,0
1303,2257,50,0
1303,2258,51,0
1303,3184,52,0
1303,2293,53,0
1303,6002,54,1
1304,780,1,0
1304,2199,2,0
1304,2107,3,0
1304,2196,4,0
1304,2570,5,0
1304,2232,6,0
1304,2233,7,0
1304,2234,8,0
1304,2235,9,0
1304,2236,10,0
1304,2571,11,0
1304,2193,12,0
1304,532,13,0
1304,2640,14,0
1304,540,15,0
1304,541,16,0
1304,1411,17,0
1304,546,18,0
1304,570,19,0
1304,571,20,0
1304,572,21,0
1304,573,22,0
1304,2170,23,0
1304,58,24,0
1304,3402,25,0
1304,3219,26,0
1304,3221,27,0
1304,3222,28,0
1304,3303,29,0
1304,3342,30,0
1304,3304,31,0
1304,2679,32,0
1304,160,33,0
1304,161,34,0
1304,162,35,0
1304,349,36,0
1304,350,37,0
1304,990,38,0
1304,1015,39,0
1304,1031,40,0
1304,1032,41,0
1304,199,42,0
1304,1033,43,0
1304,1034,44,0
1304,545,45,0
1304,2,46,0
1304,579,47,0
1304,564,48,0
1304,598,49,0
1304,565,50,0
1304,502,51,0
1304,103,52,0
1304,104,53,0
1304,105,54,0
1304,106,55,0
1304,101,56,1
1401,297,1,0
1401,283,2,0
1401,244,3,0
1401,245,4,0
1401,246,5,0
1401,247,6,0
1401,248,7,0
1401,249,8,0
1401,250,9,0
1401,1186,10,0
1401,1187,11,0
1401,251,12,0
1401,252,13,0
1401,253,14,0
1401,254,15,0
1401,255,16,0
1401,256,17,0
1401,257,18,0
1401,258,19,0
1401,259,20,0
1401,260,21,0
1401,289,22,0
1401,2104,23,0
1401,261,24,0
1401,262,25,0
1401,263,26,0
1401,264,27,0
1401,224,28,0
1401,325,29,0
1401,326,30,0
1401,341,31,0
1401,314,32,1
1402,314,1,0
1402,345,2,0
1402,311,3,0
1402,302,4,0
1402,377,5,0
1402,378,6,0
1402,303,7,0
1402,306,8,0
1402,226,9,0
1402,227,10,0
1402,228,11,0
1402,229,12,0
1402,2123,13,0
1402,290,14,0
1402,230,15,0
1402,231,16,0
1402,232,17,0
1402,233,18,0
1402,234,19,0
1402,235,20,0
1402,236,21,0
1402,3022,22,0
1402,237,23,0
1402,238,24,0
1402,1454,25,0
1402,239,26,0
1402,240,27,0
1402,241,28,0
1402,242,29,0
1402,243,30,0
1402,104,31,0
1402,105,32,0
1402,106,33,0
1402,3702,34,0
1402,287,35,0
1402,286,36,0
1402,212,37,0
1402,1556,38,0
1402,2117,39,0
1402,2333,40,0
1402,2348,41,0
1402,529,42,0
1402,2339,43,0
1402,2317,44,0
1402,1695,45,0
1402,2319,46,0
1402,3004,47,0
1402,2329,48,0
1402,3473,49,0
1402,3720,50,0
1402,2350,51,0
1402,1684,52,0
1402,2351,53,0
1402,2352,54,0
1402,2682,55,0
1402,2353,56,0
1402,2906,57,0
1402,297,58,1
1501,2591,1,0
1501,2510,2,0
1501,2513,3,0
1501,2515,4,0
1501,2516,5,0
1501,2623,6,0
1501,2615,7,0
1501,2632,8,0
1501,2188,9,0
1501,2189,10,0
1501,307,11,0
1501,2190,12,0
1501,2191,13,0
1501,2192,14,0
1501,2161,15,0
1501,2162,16,0
1501,2163,17,0
1501,2634,18,0
1501,2164,19,0
1501,2664,20,0
1501,2665,21,0
1501,2666,22,0
1501,2672,23,0
1501,2673,24,0
1501,2674,25,0
1501,2675,26,0
1501,2676,27,0
1501,2683,28,0
1501,2684,29,0
1501,2685,30,0
1501,2686,31,0
1501,2691,32,0
1501,2692,33,0
1501,2693,34,0
1501,2694,35,0
1501,2688,36,0
1501,2320,37,0
1501,2321,38,0
1501,2322,39,0
1501,2759,40,0
1501,2761,41,0
1501,2762,42,0
1501,2763,43,0
1501,2699,44,0
1501,2766,45,0
1501,2767,46,0
1501,2768,47,0
1501,2769,48,0
1501,2747,49,0
1501,2850,50,1
1502,2850,1,0
1502,2702,2,0
1502,2749,3,0
1502,2750,4,0
1502,2752,5,0
1502,2755,6,0
1502,2756,7,0
1502,2757,8,0
1502,2717,9,0
1502,2718,10,0
1502,2758,11,0
1502,2650,12,0
1502,2651,13,0
1502,2652,14,0
1502,2653,15,0
1502,2654,16,0
1502,2656,17,0
1502,2657,18,0
1502,2658,19,0
1502,2659,20,0
1502,3035,21,0
1502,1000,22,0
1502,2668,23,0
1502,2669,24,0
1502,1001,25,0
1502,2670,26,0
1502,2175,27,0
1502,2176,28,0
1502,2177,29,0
1502,2635,30,0
1502,2179,31,0
1502,2180,32,0
1502,920,33,0
1502,2139,34,0
1502,2149,35,0
1502,308,36,0
1502,2171,37,0
1502,2172,38,0
1502,2186,39,0
1502,2341,40,0
1502,2231,41,0
1502,5015,42,0
1502,2507,43,0
1502,2546,44,0
1502,2493,45,0
1502,2509,46,0
1502,2591,47,1
1603,1687,1,0
1603,2854,2,0
1603,2840,3,0
1603,2855,4,0
1603,2856,5,0
1603,2857,6,0
1603,2858,7,0
1603,2805,8,0
1603,3251,9,0
1603,1983,10,0
1603,2806,11,0
1603,2807,12,0
1603,2808,13,0
1603,2809,14,0
1603,2866,15,0
1603,2847,16,0
1603,2846,17,0
1603,2845,18,0
1603,2811,19,0
1603,2812,20,0
1603,2899,21,0
1603,2813,22,0
1603,2116,23,0
1603,2900,24,0
1603,2959,25,0
1603,2960,26,0
1603,2961,27,0
1603,2903,28,0
1603,2962,29,0
1603,2963,30,0
1603,2964,31,0
1603,2966,32,0
1603,2957,33,0
1603,2952,34,0
1603,2826,35,0
1603,2814,36,0
1603,2815,37,0
1603,2864,38,0
1603,2816,39,0
1603,2817,40,0
1603,2818,41,0
1603,2870,42,1
1604,1687,1,0
1604,2860,2,0
1604,2821,3,0
1604,2822,4,0
1604,2823,5,0
1604,2824,6,0
1604,2839,7,0
1604,2825,8,0
1604,2813,9,0
1604,2116,10,0
1604,2900,11,0
1604,2959,12,0
1604,2960,13,0
1604,2961,14,0
1604,2903,15,0
1604,2962,16,0
1604,2963,17,0
1604,2964,18,0
1604,2966,19,0
1604,2957,20,0
1604,2952,21,0
1604,2826,22,0
1604,893,23,0
1604,2827,24,0
1604,2828,25,0
1604,2829,26,0
1604,2844,27,0
1604,2843,28,0
1604,2842,29,0
1604,2830,30,0
1604,2831,31,0
1604,2832,32,0
1604,985,33,0
1604,2888,34,0
1604,2833,35,0
1604,1984,36,0
1604,3460,37,0
1604,2834,38,0
1604,2835,39,0
1604,2836,40,0
1604,2837,41,0
1604,2838,42,0
1604,2739,43,0
1604,2740,44,1
1703,477,1,0
1703,480,2,0
1703,1916,3,0
1703,1900,4,0
1703,1901,5,0
1703,2608,6,0
1703,2663,7,0
1703,1950,8,0
1703,190,9,0
1703,1960,10,0
1703,1961,11,0
1703,1899,12,0
1703,1837,13,0
1703,1949,14,0
1703,1905,15,0
1703,95,16,0
1703,96,17,0
1703,1906,18,0
1703,1888,19,0
1703,1698,20,0
1703,1907,21,0
1703,4006,22,0
1703,1908,23,0
1703,2182,24,1
1704,2182,1,0
1704,4213,2,0
1704,2518,3,0
1704,1912,4,0
1704,3132,5,0
1704,1889,6,0
1704,1913,7,0
1704,97,8,0
1704,98,9,0
1704,1914,10,0
1704,1968,11,0
1704,1898,12,0
1704,1969,13,0
1704,1980,14,0
1704,1917,15,0
1704,191,16,0
1704,1951,17,0
1704,1918,18,0
1704,2216,19,0
1704,1959,20,0
1704,1919,21,0
1704,1915,22,0
1704,1402,23,1
2001,1460,1,0
2001,1488,2,0
2001,1489,3,0
2001,1494,4,0
2001,1490,5,0
2001,1491,6,0
2001,840,7,0
2001,1492,8,0
2001,1493,9,0
2001,1416,10,0
2001,1424,11,0
2001,851,12,0
2001,2585,13,0
2001,1456,14,0
2001,85,15,0
2001,480,16,0
2001,1589,17,0
2001,1501,18,0
2001,1502,19,0
2001,1503,20,0
2001,2681,21,0
2001,1504,22,0
2001,1518,23,0
2001,1516,24,0
2001,1505,25,0
2001,1506,26,0
2001,1507,27,0
2001,1524,28,0
2001,1525,29,0
2001,1585,30,0
2001,1526,31,0
2001,1527,32,0
2001,1528,33,0
2001,1529,34,0
2001,1530,35,0
2001,1531,36,0
2001,1532,37,0
2001,1533,38,0
2001,1590,39,0
2001,1393,40,0
2001,9163,41,0
2001,9063,42,0
2001,9064,43,0
2001,9065,44,0
2001,9066,45,0
2001,9067,46,0
2001,9026,47,0
2001,9001,48,0
2001,9002,49,0
2001,9003,50,0
2001,9004,51,0
2001,9005,52,0
2001,9099,53,1
2002,9099,1,0
2002,9017,2,0
2002,9018,3,0
2002,9019,4,0
2002,815,5,0
2002,9020,6,0
2002,9091,7,0
2002,9092,8,0
2002,9093,9,0
2002,9094,10,0
2002,9095,11,0
2002,1307,12,0
2002,1309,13,0
2002,1534,14,0
2002,1535,15,0
2002,1536,16,0
2002,1537,17,0
2002,1538,18,0
2002,1539,19,0
2002,1540,20,0
2002,1541,21,0
2002,1542,22,0
2002,1586,23,0
2002,1543,24,0
2002,1591,25,0
2002,1545,26,0
2002,1546,27,0
2002,1547,28,0
2002,1517,29,0
2002,1583,30,0
2002,1571,31,0
2002,1572,32,0
2002,1573,33,0
2002,1574,34,0
2002,1844,35,0
2002,1005,36,0
2002,3390,37,0
2002,1838,38,0
2002,3192,39,0
2002,849,40,0
2002,1404,41,0
2002,1405,42,0
2002,1415,43,0
2002,1480,44,0
2002,1481,45,0
2002,837,46,0
2002,1482,47,0
2002,1483,48,0
2002,1495,49,0
2002,1484,50,0
2002,1485,51,0
2002,1468,52,0
2002,1460,53,1
2201,2859,1,0
2201,2860,2,0
2201,2803,3,0
2201,2872,4,0
2201,2865,5,0
2201,2873,6,0
2201,2867,7,0
2201,2884,8,0
2201,2874,9,0
2201,3365,10,0
2201,9100,11,0
2201,2946,12,0
2201,7200,13,0
2201,2700,14,0
2201,9127,15,1
2202,9127,1,0
2202,9128,2,0
2202,9129,3,0
2202,2851,4,0
2202,9131,5,0
2202,9132,6,0
2202,9133,7,0
2202,9101,8,0
2202,9102,9,0
2202,9103,10,0
2202,2868,11,0
2202,2877,12,0
2202,2869,13,0
2202,2876,14,0
2202,2871,15,0
2202,2870,16,0
2202,2859,17,1
2301,139,1,0
2301,208,2,0
2301,209,3,0
2301,210,4,0
2301,211,5,0
2301,581,6,0
2301,214,7,0
2301,215,8,0
2301,225,9,0
2301,909,10,0
2301,216,11,0
2301,217,12,0
2301,295,13,0
2301,296,14,0
2301,219,15,0
2301,218,16,0
2301,221,17,0
2301,222,18,0
2301,223,19,0
2301,224,20,0
2301,325,21,0
2301,326,22,0
2301,341,23,0
2301,344,24,0
2301,345,25,0
2301,311,26,0
2301,323,27,0
2301,353,28,0
2301,354,29,0
2301,355,30,0
2301,356,31,0
2301,357,32,0
2301,435,33,0
2301,436,34,0
2301,437,35,0
2301,1813,36,0
2301,438,37,0
2301,439,38,0
2301,440,39,0
2301,2744,40,0
2301,441,41,0
2301,442,42,0
2301,443,43,0
2301,444,44,0
2301,445,45,0
2301,472,46,0
2301,446,47,1
2302,446,1,0
2302,471,2,0
2302,447,3,0
2302,448,4,0
2302,408,5,0
2302,450,6,0
2302,451,7,0
2302,2745,8,0
2302,452,9,0
2302,453,10,0
2302,454,11,0
2302,3274,12,0
2302,455,13,0
2302,456,14,0
2302,457,15,0
2302,358,16,0
2302,359,17,0
2302,360,18,0
2302,361,19,0
2302,362,20,0
2302,881,21,0
2302,363,22,0
2302,341,23,0
2302,314,24,0
2302,345,25,0
2302,311,26,0
2302,302,27,0
2302,377,28,0
2302,378,29,0
2302,267,30,0
2302,268,31,0
2302,637,32,0
2302,269,33,0
2302,270,34,0
2302,272,35,0
2302,291,36,0
2302,292,37,0
2302,274,38,0
2302,275,39,0
2302,843,40,0
2302,276,41,0
2302,277,42,0
2302,278,43,0
2302,266,44,0
2302,279,45,0
2302,280,46,0
2302,281,47,0
2302,282,48,0
2302,2649,49,0
2302,139,50,1
2403,779,1,0
2403,2018,2,0
2403,2904,3,0
2403,9970,4,0
2403,2956,5,0
2403,9972,6,0
2403,3197,7,0
2403,2198,8,0
2403,1729,9,0
2403,1733,10,0
2403,2211,11,0
2403,1736,12,0
2403,543,13,0
2403,1764,14,0
2403,595,15,0
2403,936,16,0
2403,3246,17,0
2403,1755,18,0
2403,1765,19,0
2403,2730,20,0
2403,1786,21,0
2403,2741,22,0
2403,2898,23,0
2403,2967,24,0
2403,2968,25,0
2403,2971,26,0
2403,2985,27,0
2403,2990,28,0
2403,2991,29,0
2403,2992,30,0
2403,2994,31,0
2403,3120,32,0
2403,2997,33,0
2403,2998,34,0
2403,2999,35,0
2403,2920,36,0
2403,2933,37,0
2403,2784,38,0
2403,2781,39,0
2403,2705,40,0
2403,2788,41,0
2403,2789,42,0
2403,2790,43,0
2403,2791,44,0
2403,2725,45,0
2403,2792,46,0
2403,2793,47,0
2403,2794,48,0
2403,2795,49,0
2403,2796,50,0
2403,2897,51,0
2403,1687,52,1
2404,1687,1,0
2404,3009,2,0
2404,2771,3,0
2404,2772,4,0
2404,2773,5,0
2404,2774,6,0
2404,2775,7,0
2404,2776,8,0
2404,2777,9,0
2404,2778,10,0
2404,2779,11,0
2404,2780,12,0
2404,2798,13,0
2404,2786,14,0
2404,2797,15,0
2404,2782,16,0
2404,2783,17,0
2404,2925,18,0
2404,2940,19,0
2404,2941,20,0
2404,2942,21,0
2404,3003,22,0
2404,2943,23,0
2404,2944,24,0
2404,2945,25,0
2404,2982,26,0
2404,2983,27,0
2404,1396,28,0
2404,2984,29,0
2404,1397,30,0
2404,2981,31,0
2404,2980,32,0
2404,2979,33,0
2404,2978,34,0
2404,2977,35,0
2404,2976,36,0
2404,2975,37,0
2404,2974,38,0
2404,2973,39,0
2404,2230,40,0
2404,575,41,0
2404,1776,42,0
2404,2214,43,0
2404,1797,44,0
2404,9045,45,0
2404,2210,46,0
2404,9962,47,0
2404,3300,48,0
2404,3301,49,0
2404,2905,50,0
2404,779,51,1
2500,1925,1,0
2500,1802,2,0
2500,1803,3,0
2500,1804,4,0
2500,1809,5,0
2500,48,6,0
2500,1841,7,0
2500,63,8,0
2500,3012,9,0
2500,64,10,0
2500,1805,11,0
2500,1806,12,0
2500,673,13,0
2500,3027,14,0
2500,835,15,0
2500,2574,16,0
2500,2713,17,0
2500,2714,18,0
2500,1851,19,0
2500,3080,20,0
2500,1944,21,0
2500,1938,22,0
2500,1939,23,0
2500,1940,24,0
2500,1942,25,0
2500,1994,26,0
2500,2552,27,0
2500,1935,28,0
2500,1936,29,0
2500,1945,30,0
2500,1937,31,1
2601,1089,1,0
2601,1015,2,0
2601,1063,3,0
2601,1251,4,0
2601,1266,5,0
2601,981,6,0
2601,980,7,0
2601,904,8,0
2601,1127,9,0
2601,1167,10,0
2601,1165,11,0
2601,1128,12,0
2601,1129,13,0
2601,1130,14,0
2601,1131,15,0
2601,1132,16,0
2601,1135,17,0
2601,584,18,0
2601,585,19,0
2601,587,20,0
2601,1498,21,0
2601,3033,22,0
2601,1428,23,0
2601,1446,24,0
2601,4030,25,0
2601,1456,26,0
2601,85,27,0
2601,480,28,0
2601,481,29,0
2601,3013,30,0
2601,1425,31,0
2601,2519,32,0
2601,1270,33,0
2601,1271,34,0
2601,1272,35,0
2601,1273,36,0
2601,1274,37,0
2601,1276,38,0
2601,1277,39,0
2601,1383,40,0
2601,1384,41,0
2601,1385,42,0
2601,1386,43,0
2601,1387,44,0
2601,1388,45,0
2601,1389,46,0
2601,1391,47,0
2601,1392,48,0
2601,1393,49,0
2601,9163,50,0
2601,9063,51,0
2601,9064,52,0
2601,9065,53,0
2601,9066,54,0
2601,9067,55,0
2601,9068,56,0
2601,9069,57,0
2601,9071,58,0
2601,9072,59,0
2601,9073,60,0
2601,9074,61,0
2601,9075,62,0
2601,9077,63,0
2601,9078,64,0
2601,9079,65,0
2601,9012,66,0
2601,9000,67,0
2601,310,68,0
2601,9013,69,0
2601,811,70,0
2601,9015,71,0
2601,9057,72,1
2602,9057,1,0
2602,9006,2,0
2602,9007,3,0
2602,9046,4,0
2602,9047,5,0
2602,9048,6,0
2602,9049,7,0
2602,9050,8,0
2602,9051,9,0
2602,9053,10,0
2602,9054,11,0
2602,9055,12,0
2602,9083,13,0
2602,9084,14,0
2602,9085,15,0
2602,9086,16,0
2602,9087,17,0
2602,9089,18,0
2602,9090,19,0
2602,9091,20,0
2602,9092,21,0
2602,9093,22,0
2602,9094,23,0
2602,9095,24,0
2602,1307,25,0
2602,1309,26,0
2602,1552,27,0
2602,1553,28,0
2602,1554,29,0
2602,1555,30,0
2602,1557,31,0
2602,1558,32,0
2602,1559,33,0
2602,1560,34,0
2602,1561,35,0
2602,1563,36,0
2602,1564,37,0
2602,1565,38,0
2602,1566,39,0
2602,1567,40,0
2602,1568,41,0
2602,1569,42,0
2602,588,43,0
2602,813,44,0
2602,578,45,0
2602,1821,46,0
2602,666,47,0
2602,3390,48,0
2602,4020,49,0
2602,577,50,0
2602,4021,51,0
2602,1511,52,0
2602,1421,53,0
2602,1422,54,0
2602,3232,55,0
2602,1476,56,0
2602,1477,57,0
2602,1472,58,0
2602,1473,59,0
2602,1474,60,0
2602,1166,61,0
2602,1168,62,0
2602,1499,63,0
2602,903,64,0
2602,902,65,0
2602,971,66,0
2602,968,67,0
2602,969,68,0
2602,1069,69,0
2602,1049,70,0
2602,2601,71,0
2602,1016,72,0
2602,1017,73,0
2602,9,74,0
2602,793,75,0
2602,794,76,0
2602,795,77,0
2602,349,78,0
2602,350,79,0
2602,1089,80,1
2803,2622,1,0
2803,700,2,0
2803,701,3,0
2803,1607,4,0
2803,1619,5,0
2803,1620,6,0
2803,1621,7,0
2803,1622,8,0
2803,3426,9,0
2803,3123,10,0
2803,1401,11,0
2803,1870,12,0
2803,1871,13,0
2803,1872,14,0
2803,1873,15,0
2803,1874,16,0
2803,1875,17,0
2803,1876,18,0
2803,1668,19,0
2803,1625,20,0
2803,1626,21,0
2803,1627,22,0
2803,3043,23,0
2803,3287,24,0
2803,3224,25,0
2803,3289,26,0
2803,2585,27,0
2803,1456,28,0
2803,6000,29,1
2804,364,1,0
2804,1838,2,0
2804,3288,3,0
2804,1617,4,0
2804,1774,5,0
2804,3286,6,0
2804,589,7,0
2804,1641,8,0
2804,1642,9,0
2804,1643,10,0
2804,1644,11,0
2804,1861,12,0
2804,1862,13,0
2804,1863,14,0
2804,1864,15,0
2804,1865,16,0
2804,1866,17,0
2804,1867,18,0
2804,1868,19,0
2804,3426,20,0
2804,3123,21,0
2804,1646,22,0
2804,1647,23,0
2804,1648,24,0
2804,1651,25,0
2804,1649,26,0
2804,71,27,0
2804,758,28,0
2804,759,29,0
2804,2622,30,1
2903,4009,1,0
2903,136,2,0
2903,135,3,0
2903,141,4,0
2903,133,5,0
2903,3095,6,0
2903,132,7,0
2903,131,8,0
2903,130,9,0
2903,142,10,0
2903,129,11,0
2903,150,12,0
2903,144,13,0
2903,128,14,0
2903,127,15,0
2903,125,16,0
2903,126,17,0
2903,124,18,0
2903,123,19,0
2903,122,20,0
2903,288,21,0
2903,566,22,0
2903,503,23,0
2903,505,24,0
2903,506,25,0
2903,507,26,0
2903,508,27,0
2903,509,28,0
2903,510,29,0
2903,511,30,0
2903,512,31,0
2903,513,32,0
2903,516,33,0
2903,517,34,0
2903,501,35,0
2903,1007,36,0
2903,1008,37,0
2903,1009,38,0
2903,1026,39,0
2903,1027,40,0
2903,1028,41,0
2903,1029,42,0
2903,3199,43,0
2903,1720,44,0
2903,1792,45,1
2904,1715,1,0
2904,1717,2,0
2904,1718,3,0
2904,4008,4,0
2904,1015,5,0
2904,1016,6,0
2904,1017,7,0
2904,9,8,0
2904,1018,9,0
2904,1019,10,0
2904,1020,11,0
2904,1021,12,0
2904,1150,13,0
2904,549,14,0
2904,550,15,0
2904,551,16,0
2904,552,17,0
2904,553,18,0
2904,554,19,0
2904,555,20,0
2904,556,21,0
2904,557,22,0
2904,558,23,0
2904,559,24,0
2904,579,25,0
2904,564,26,0
2904,563,27,0
2904,565,28,0
2904,502,29,0
2904,103,30,0
2904,121,31,0
2904,120,32,0
2904,119,33,0
2904,118,34,0
2904,117,35,0
2904,116,36,0
2904,138,37,0
2904,137,38,0
2904,114,39,0
2904,143,40,0
2904,113,41,0
2904,112,42,0
2904,111,43,0
2904,110,44,0
2904,115,45,0
2904,109,46,0
2904,108,47,0
2904,140,48,0
2904,4508,49,0
2904,287,50,0
2904,286,51,0
2904,212,52,0
2904,1631,53,0
2904,284,54,0
2904,2359,55,0
2904,285,56,0
2904,2358,57,0
2904,2649,58,0
2904,4009,59,1
3001,2849,1,0
3001,2748,2,0
3001,2702,3,0
3001,2749,4,0
3001,2750,5,0
3001,2752,6,0
3001,2755,7,0
3001,2756,8,0
3001,2757,9,0
3001,2717,10,0
3001,2718,11,0
3001,2719,12,0
3001,2720,13,0
3001,2721,14,0
3001,2722,15,0
3001,2324,16,0
3001,2723,17,0
3001,2724,18,0
3001,2777,19,0
3001,2778,20,0
3001,2779,21,0
3001,2780,22,0
3001,2798,23,0
3001,2786,24,0
3001,2797,25,0
3001,2782,26,0
3001,2783,27,0
3001,2939,28,0
3001,2902,29,0
3001,2924,30,0
3001,2954,31,0
3001,2986,32,0
3001,2988,33,0
3001,379,34,0
3001,2294,35,0
3001,2882,36,0
3001,2880,37,0
3001,9107,38,0
3001,9108,39,0
3001,9109,40,0
3001,9110,41,0
3001,9111,42,0
3001,9150,43,0
3001,9112,44,0
3001,9113,45,0
3001,9114,46,0
3001,9115,47,0
3001,9116,48,0
3001,2862,49,1
3002,2862,1,0
3002,2863,2,0
3002,9119,3,0
3002,9120,4,0
3002,9121,5,0
3002,9122,6,0
3002,9123,7,0
3002,9124,8,0
3002,9125,9,0
3002,2879,10,0
3002,2886,11,0
3002,2958,12,0
3002,2989,13,0
3002,2987,14,0
3002,3278,15,0
3002,2709,16,0
3002,2993,17,0
3002,2902,18,0
3002,2784,19,0
3002,2781,20,0
3002,2705,21,0
3002,2788,22,0
3002,2789,23,0
3002,2790,24,0
3002,2791,25,0
3002,2725,26,0
3002,2726,27,0
3002,2727,28,0
3002,2728,29,0
3002,2729,30,0
3002,2731,31,0
3002,2716,32,0
3002,2761,33,0
3002,2762,34,0
3002,2763,35,0
3002,2699,36,0
3002,2766,37,0
3002,2767,38,0
3002,2768,39,0
3002,2769,40,0
3002,2747,41,0
3002,2849,42,1
3401,3402,1,0
3401,313,2,0
3401,3403,3,0
3401,3404,4,0
3401,5747,5,0
3401,3336,6,0
3401,3341,7,0
3401,3335,8,0
3401,3352,9,0
3401,3532,10,0
3401,3518,11,0
3401,3510,12,0
3401,2212,13,0
3401,2203,14,0
3401,3500,15,0
3401,3509,16,0
3401,3516,17,0
3401,1775,18,0
3401,2128,19,0
3401,3517,20,0
3401,1725,21,0
3401,1799,22,0
3401,1707,23,0
3401,3504,24,0
3401,1807,25,0
3401,1911,26,0
3401,1896,27,0
3401,2270,28,0
3401,2151,29,0
3401,2271,30,0
3401,1966,31,0
3401,1999,32,0
3401,1697,33,0
3401,1954,34,0
3401,836,35,0
3401,1957,36,0
3401,1967,37,0
3401,1956,38,0
3401,1976,39,0
3401,1977,40,0
3401,1978,41,0
3401,1979,42,0
3401,1985,43,0
3401,1986,44,0
3401,6000,45,1
3402,766,1,0
3402,480,2,0
3402,1970,3,0
3402,1971,4,0
3402,1972,5,0
3402,1973,6,0
3402,1974,7,0
3402,1955,8,0
3402,1962,9,0
3402,1952,10,0
3402,1449,11,0
3402,1953,12,0
3402,1696,13,0
3402,1998,14,0
3402,2889,15,0
3402,1963,16,0
3402,1796,17,0
3402,1897,18,0
3402,4,19,0
3402,1964,20,0
3402,1633,21,0
3402,1808,22,0
3402,3308,23,0
3402,1700,24,0
3402,667,25,0
3402,3522,26,0
3402,3248,27,0
3402,1773,28,0
3402,3302,29,0
3402,3524,30,0
3402,3525,31,0
3402,3511,32,0
3402,2357,33,0
3402,773,34,0
3402,3526,35,0
3402,3527,36,0
3402,3528,37,0
3402,3529,38,0
3402,3531,39,0
3402,3530,40,0
3402,3508,41,0
3402,5751,42,0
3402,3399,43,0
3402,3401,44,0
3402,2170,45,0
3402,58,46,0
3402,3402,47,1
3501,3419,1,0
3501,3570,2,0
3501,3501,3,0
3501,3539,4,0
3501,3540,5,0
3501,3352,6,0
3501,3532,7,0
3501,3518,8,0
3501,3510,9,0
3501,2203,10,0
3501,3500,11,0
3501,3509,12,0
3501,3516,13,0
3501,1775,14,0
3501,599,15,0
3501,3517,16,0
3501,1725,17,0
3501,1799,18,0
3501,1707,19,0
3501,3504,20,0
3501,1807,21,0
3501,1911,22,0
3501,1896,23,0
3501,2270,24,0
3501,2151,25,0
3501,2271,26,0
3501,1966,27,0
3501,1999,28,0
3501,1697,29,0
3501,1954,30,0
3501,836,31,0
3501,1957,32,0
3501,1967,33,0
3501,1956,34,0
3501,1976,35,0
3501,2291,36,0
3501,2283,37,0
3501,1991,38,0
3501,3519,39,0
3501,322,40,0
3501,1992,41,0
3501,2304,42,0
3501,1471,43,0
3501,2048,44,0
3501,2002,45,0
3501,2012,46,0
3501,2013,47,0
3501,2014,48,0
3501,2015,49,0
3501,2016,50,0
3501,3149,51,0
3501,2017,52,0
3501,3266,53,0
3501,2038,54,0
3501,2029,55,0
3501,2030,56,0
3501,2066,57,0
3501,3393,58,0
3501,9026,59,0
3501,9001,60,0
3501,9002,61,0
3501,9003,62,0
3501,9004,63,0
3501,9005,64,0
3501,9117,65,1
3502,9117,1,0
3502,9017,2,0
3502,9018,3,0
3502,9019,4,0
3502,815,5,0
3502,9020,6,0
3502,5009,7,0
3502,2032,8,0
3502,3505,9,0
3502,1618,10,0
3502,3195,11,0
3502,2033,12,0
3502,3148,13,0
3502,2764,14,0
3502,2035,15,0
3502,2621,16,0
3502,2039,17,0
3502,2037,18,0
3502,1068,19,0
3502,2083,20,0
3502,2031,21,0
3502,2289,22,0
3502,1988,23,0
3502,340,24,0
3502,3521,25,0
3502,482,26,0
3502,3068,27,0
3502,1630,28,0
3502,1955,29,0
3502,1962,30,0
3502,1952,31,0
3502,1449,32,0
3502,1953,33,0
3502,1696,34,0
3502,1998,35,0
3502,2889,36,0
3502,1963,37,0
3502,1796,38,0
3502,1897,39,0
3502,4,40,0
3502,1964,41,0
3502,1633,42,0
3502,1808,43,0
3502,3308,44,0
3502,1700,45,0
3502,667,46,0
3502,3522,47,0
3502,3523,48,0
3502,1772,49,0
3502,1773,50,0
3502,3302,51,0
3502,3524,52,0
3502,3525,53,0
3502,3511,54,0
3502,3526,55,0
3502,3527,56,0
3502,3534,57,0
3502,3502,58,0
3502,3538,59,0
3502,3535,60,0
3502,3566,61,0
3502,3537,62,0
3502,3419,63,1
3603,1073,1,0
3603,964,2,0
3603,1049,3,0
3603,2601,4,0
3603,1016,5,0
3603,1017,6,0
3603,9,7,0
3603,1043,8,0
3603,1044,9,0
3603,1045,10,0
3603,937,11,0
3603,946,12,0
3603,947,13,0
3603,948,14,0
3603,949,15,0
3603,950,16,0
3603,951,17,0
3603,952,18,0
3603,953,19,0
3603,965,20,0
3603,954,21,0
3603,955,22,0
3603,956,23,0
3603,973,24,0
3603,957,25,0
3603,898,26,0
3603,959,27,0
3603,960,28,0
3603,961,29,0
3603,929,30,0
3603,930,31,0
3603,944,32,0
3603,931,33,0
3603,932,34,0
3603,934,35,0
3603,935,36,0
3603,928,37,0
3603,962,38,0
3603,4506,39,0
3603,4548,40,1
3604,4548,1,0
3604,4514,2,0
3604,4515,3,0
3604,1213,4,0
3604,927,5,0
3604,974,6,0
3604,975,7,0
3604,976,8,0
3604,977,9,0
3604,2746,10,0
3604,3378,11,0
3604,3380,12,0
3604,3382,13,0
3604,1164,14,0
3604,1139,15,0
3604,897,16,0
3604,1170,17,0
3604,527,18,0
3604,1652,19,0
3604,1653,20,0
3604,1654,21,0
3604,1656,22,0
3604,1662,23,0
3604,1657,24,0
3604,1658,25,0
3604,1280,26,0
3604,1281,27,0
3604,1282,28,0
3604,1376,29,0
3604,1284,30,0
3604,1285,31,0
3604,1048,32,0
3604,1025,33,0
3604,1026,34,0
3604,1027,35,0
3604,1028,36,0
3604,1029,37,0
3604,1073,38,1
3803,3428,1,0
3803,3123,2,0
3803,1647,3,0
3803,1648,4,0
3803,1190,5,0
3803,1152,6,0
3803,1153,7,0
3803,149,8,0
3803,3139,9,0
3803,1194,10,0
3803,3169,11,0
3803,1195,12,0
3803,1142,13,0
3803,1143,14,0
3803,1185,15,0
3803,1200,16,0
3803,1233,17,0
3803,648,18,0
3803,649,19,0
3803,650,20,0
3803,651,21,0
3803,652,22,0
3803,653,23,0
3803,654,24,0
3803,655,25,0
3803,1410,26,0
3803,1478,27,0
3803,1479,28,0
3803,1486,29,0
3803,1469,30,0
3803,1413,31,0
3803,1414,32,0
3803,2318,33,0
3803,1417,34,0
3803,891,35,0
3803,3053,36,0
3803,892,37,0
3803,2421,38,0
3803,2895,39,0
3803,2912,40,0
3803,2495,41,0
3803,2349,42,0
3803,3389,43,0
3803,1441,44,0
3803,1442,45,0
3803,1443,46,0
3803,2417,47,0
3803,2378,48,0
3803,2300,49,0
3803,2301,50,0
3803,2302,51,0
3803,2371,52,0
3803,2372,53,0
3803,2373,54,0
3803,2374,55,0
3803,2375,56,0
3803,2158,57,0
3803,2159,58,0
3803,3019,59,0
3803,1011,60,0
3803,1012,61,0
3803,1051,62,0
3803,3689,63,0
3803,1053,64,0
3803,3121,65,0
3803,3020,66,0
3803,3021,67,0
3803,3840,68,0
3803,3841,69,0
3803,3843,70,0
3803,3842,71,0
3803,3146,72,0
3803,3145,73,0
3803,3298,74,0
3803,3812,75,0
3803,1850,76,0
3803,2573,77,0
3803,1597,78,0
3803,1598,79,0
3803,2334,80,0
3803,93,81,0
3803,2342,82,0
3803,6002,83,1
3804,665,1,0
3804,2290,2,0
3804,2581,3,0
3804,3016,4,0
3804,3017,5,0
3804,2617,6,0
3804,2660,7,0
3804,2661,8,0
3804,2662,9,0
3804,3801,10,0
3804,3800,11,0
3804,3298,12,0
3804,3812,13,0
3804,2354,14,0
3804,3866,15,0
3804,3869,16,0
3804,3867,17,0
3804,3868,18,0
3804,3075,19,0
3804,3076,20,0
3804,1056,21,0
3804,1057,22,0
3804,1058,23,0
3804,1059,24,0
3804,1060,25,0
3804,2110,26,0
3804,2109,27,0
3804,2379,28,0
3804,2380,29,0
3804,2381,30,0
3804,2382,31,0
3804,2383,32,0
3804,2314,33,0
3804,2315,34,0
3804,2316,35,0
3804,2554,36,0
3804,2418,37,0
3804,2377,38,0
3804,2496,39,0
3804,1444,40,0
3804,1445,41,0
3804,3391,42,0
3804,3392,43,0
3804,2259,44,0
3804,2260,45,0
3804,2227,46,0
3804,2229,47,0
3804,3023,48,0
3804,2173,49,0
3804,1451,50,0
3804,2517,51,0
3804,1452,52,0
3804,1453,53,0
3804,1487,54,0
3804,2335,55,0
3804,1496,56,0
3804,1497,57,0
3804,1412,58,0
3804,656,59,0
3804,658,60,0
3804,677,61,0
3804,659,62,0
3804,660,63,0
3804,661,64,0
3804,662,65,0
3804,663,66,0
3804,1234,67,0
3804,1235,68,0
3804,1742,69,0
3804,1753,70,0
3804,1831,71,0
3804,645,72,0
3804,4000,73,0
3804,3026,74,0
3804,646,75,0
3804,747,76,0
3804,1621,77,0
3804,1622,78,0
3804,3428,79,1
3901,2127,1,0
3901,2290,2,0
3901,2581,3,0
3901,3016,4,0
3901,3017,5,0
3901,2328,6,0
3901,943,7,0
3901,2544,8,0
3901,3024,9,0
3901,82,10,0
3901,83,11,0
3901,88,12,0
3901,1149,13,0
3901,3047,14,0
3901,3048,15,0
3901,3049,16,0
3901,3907,17,0
3901,3908,18,0
3901,3054,19,0
3901,3503,20,0
3901,3507,21,0
3901,3055,22,0
3901,1693,23,0
3901,399,24,0
3901,2458,25,0
3901,2472,26,0
3901,1881,27,0
3901,2459,28,0
3901,2572,29,0
3901,2460,30,0
3901,3276,31,0
3901,2461,32,0
3901,2462,33,0
3901,2463,34,0
3901,401,35,0
3901,54,36,0
3901,404,37,0
3901,3056,38,0
3901,1250,39,0
3901,2841,40,0
3901,2181,41,0
3901,2252,42,0
3901,1613,43,0
3901,2103,44,0
3901,3057,45,0
3901,3058,46,0
3901,3059,47,0
3901,3060,48,0
3901,1927,49,0
3901,1948,50,0
3901,1930,51,0
3901,1989,52,0
3901,1931,53,0
3901,152,54,0
3901,1932,55,0
3901,1933,56,0
3901,1934,57,0
3901,2552,58,0
3901,3550,59,0
3901,603,60,0
3901,3005,61,0
3901,3900,62,0
3901,2331,63,0
3901,3127,64,0
3901,1884,65,0
3901,31,66,0
3901,2085,67,0
3901,2084,68,0
3901,2055,69,0
3901,2095,70,0
3901,576,71,0
3901,32,72,0
3901,33,73,0
3901,34,74,0
3901,2575,75,0
3901,3261,76,0
3901,39,77,0
3901,40,78,0
3901,41,79,0
3901,42,80,0
3901,2689,81,0
3901,2144,82,0
3901,43,83,0
3901,44,84,0
3901,3008,85,0
3901,1133,86,1
3902,1088,1,0
3902,2639,2,0
3902,2145,3,0
3902,20,4,0
3902,21,5,0
3902,2343,6,0
3902,2344,7,0
3902,14,8,0
3902,37,9,0
3902,79,10,0
3902,3254,11,0
3902,3255,12,0
3902,2631,13,0
3902,3256,14,0
3902,2077,15,0
3902,2078,16,0
3902,45,17,0
3902,46,18,0
3902,50,19,0
3902,80,20,0
3902,3102,21,0
3902,51,22,0
3902,3543,23,0
3902,2133,24,0
3902,178,25,0
3902,5301,26,0
3902,2215,27,0
3902,3180,28,0
3902,3107,29,0
3902,624,30,0
3902,625,31,0
3902,626,32,0
3902,1904,33,0
3902,3061,34,0
3902,3062,35,0
3902,3063,36,0
3902,1158,37,0
3902,1236,38,0
3902,2327,39,0
3902,2914,40,0
3902,2881,41,0
3902,2885,42,0
3902,3064,43,0
3902,783,44,0
3902,67,45,0
3902,789,46,0
3902,1883,47,0
3902,2466,48,0
3902,2467,49,0
3902,3277,50,0
3902,2468,51,0
3902,2063,52,0
3902,1886,53,0
3902,1887,54,0
3902,2469,55,0
3902,2471,56,0
3902,2470,57,0
3902,790,58,0
3902,887,59,0
3902,3065,60,0
3902,3066,61,0
3902,3067,62,0
3902,3069,63,0
3902,657,64,0
3902,3909,65,0
3902,3910,66,0
3902,3072,67,0
3902,3073,68,0
3902,3074,69,0
3902,81,70,0
3902,418,71,0
3902,419,72,0
3902,49,73,0
3902,3025,74,0
3902,91,75,0
3902,92,76,0
3902,2340,77,0
3902,3077,78,0
3902,93,79,0
3902,2342,80,0
3902,1458,81,0
3902,6002,82,1
4201,919,1,0
4201,888,2,0
4201,2385,3,0
4201,2386,4,0
4201,2387,5,0
4201,2388,6,0
4201,2389,7,0
4201,2108,8,0
4201,3200,9,0
4201,6111,10,0
4201,3201,11,0
4201,1156,12,0
4201,3115,13,0
4201,6880,14,0
4201,2505,15,0
4201,6138,16,0
4201,6139,17,0
4201,6120,18,0
4201,3134,19,0
4201,3136,20,0
4201,3363,21,0
4201,2395,22,0
4201,2396,23,0
4201,2397,24,0
4201,2497,25,0
4201,2483,26,0
4201,3346,27,0
4201,1519,28,0
4201,2498,29,0
4201,2514,30,0
4201,2515,31,0
4201,2516,32,0
4201,802,33,0
4201,2550,34,0
4201,2553,35,0
4201,3226,36,0
4201,2555,37,0
4201,2603,38,0
4201,2607,39,0
4201,2939,40,0
4201,2924,41,0
4201,2800,42,0
4201,2801,43,0
4201,2802,44,0
4201,2897,45,0
4201,2708,46,1
4202,2708,1,0
4202,3009,2,0
4202,2771,3,0
4202,2772,4,0
4202,2707,5,0
4202,3279,6,0
4202,2709,7,0
4202,2993,8,0
4202,2770,9,0
4202,2785,10,0
4202,2787,11,0
4202,327,12,0
4202,1815,13,0
4202,328,14,0
4202,2545,15,0
4202,2507,16,0
4202,2546,17,0
4202,2547,18,0
4202,2548,19,0
4202,2499,20,0
4202,1520,21,0
4202,3975,22,0
4202,2590,23,0
4202,2556,24,0
4202,2557,25,0
4202,2558,26,0
4202,2559,27,0
4202,3364,28,0
4202,3129,29,0
4202,3100,30,0
4202,3133,31,0
4202,6134,32,0
4202,2594,33,0
4202,3116,34,0
4202,4205,35,0
4202,4204,36,0
4202,3117,37,0
4202,3118,38,0
4202,3051,39,0
4202,2562,40,0
4202,3052,41,0
4202,2134,42,0
4202,2135,43,0
4202,2564,44,0
4202,2565,45,0
4202,2566,46,0
4202,2567,47,0
4202,2282,48,0
4202,6002,49,0
4202,3363,50,1
4303,779,1,0
4303,3272,2,0
4303,2147,3,0
4303,2145,4,0
4303,20,5,0
4303,21,6,0
4303,2343,7,0
4303,2344,8,0
4303,14,9,0
4303,37,10,0
4303,79,11,0
4303,3254,12,0
4303,3255,13,0
4303,2631,14,0
4303,3256,15,0
4303,2077,16,0
4303,2078,17,0
4303,45,18,0
4303,46,19,0
4303,50,20,0
4303,80,21,0
4303,3102,22,0
4303,51,23,0
4303,52,24,0
4303,1943,25,0
4303,1941,26,0
4303,3018,27,0
4303,1946,28,0
4303,1925,29,0
4303,1802,30,0
4303,1803,31,0
4303,1804,32,0
4303,1809,33,0
4303,48,34,0
4303,1823,35,0
4303,53,36,0
4303,1846,37,0
4303,601,38,0
4303,544,39,0
4303,623,40,0
4303,3282,41,0
4303,2881,42,0
4303,2885,43,0
4303,3064,44,0
4303,783,45,0
4303,67,46,0
4303,789,47,0
4303,2407,48,0
4303,2415,49,0
4303,2419,50,0
4303,2430,51,0
4303,2465,52,0
4303,2301,53,0
4303,2302,54,0
4303,2371,55,0
4303,2372,56,0
4303,2373,57,0
4303,2374,58,0
4303,2375,59,0
4303,3840,60,0
4303,3841,61,0
4303,3843,62,0
4303,3842,63,0
4303,2573,64,0
4303,1597,65,0
4303,1598,66,0
4303,2334,67,0
4303,93,68,0
4303,2342,69,0
4303,1458,70,0
4303,6002,71,1
4304,1374,1,0
4304,2290,2,0
4304,2581,3,0
4304,3016,4,0
4304,3017,5,0
4304,2617,6,0
4304,2660,7,0
4304,2661,8,0
4304,2662,9,0
4304,3866,10,0
4304,3869,11,0
4304,3867,12,0
4304,3868,13,0
4304,2379,14,0
4304,2380,15,0
4304,2382,16,0
4304,2383,17,0
4304,2314,18,0
4304,2315,19,0
4304,2316,20,0
4304,2347,21,0
4304,2592,22,0
4304,2599,23,0
4304,2429,24,0
4304,401,25,0
4304,54,26,0
4304,404,27,0
4304,3056,28,0
4304,1250,29,0
4304,2841,30,0
4304,2181,31,0
4304,3440,32,0
4304,622,33,0
4304,605,34,0
4304,602,35,0
4304,1839,36,0
4304,1840,37,0
4304,1847,38,0
4304,1818,39,0
4304,1819,40,0
4304,1820,41,0
4304,1920,42,0
4304,26,43,0
4304,27,44,0
4304,28,45,0
4304,29,46,0
4304,30,47,0
4304,603,48,0
4304,3005,49,0
4304,31,50,0
4304,2085,51,0
4304,2084,52,0
4304,2055,53,0
4304,2095,54,0
4304,32,55,0
4304,33,56,0
4304,34,57,0
4304,2575,58,0
4304,3261,59,0
4304,39,60,0
4304,40,61,0
4304,41,62,0
4304,42,63,0
4304,2689,64,0
4304,2144,65,0
4304,43,66,0
4304,44,67,0
4304,2061,68,0
4304,3258,69,1
4403,490,1,0
4403,994,2,0
4403,901,3,0
4403,989,4,0
4403,996,5,0
4403,997,6,0
4403,986,7,0
4403,1708,8,0
4403,1728,9,0
4403,1701,10,0
4403,1752,11,0
4403,1702,12,0
4403,1800,13,0
4403,1703,14,0
4403,2452,15,0
4403,2400,16,0
4403,2401,17,0
4403,4101,18,0
4403,2402,19,0
4403,2403,20,0
4403,2456,21,0
4403,2404,22,0
4403,2405,23,0
4403,2406,24,0
4403,2407,25,0
4403,2408,26,0
4403,2169,27,0
4403,2409,28,0
4403,782,29,0
4403,2410,30,0
4403,2457,31,0
4403,2411,32,0
4403,2412,33,0
4403,2413,34,0
4403,2414,35,0
4403,2417,36,0
4403,2378,37,0
4403,2300,38,0
4403,2301,39,0
4403,2302,40,0
4403,2303,41,0
4403,2305,42,0
4403,2306,43,0
4403,2307,44,0
4403,2369,45,0
4403,2308,46,0
4403,2398,47,0
4403,2200,48,0
4403,2201,49,0
4403,2264,50,0
4403,2296,51,0
4403,2265,52,0
4403,6002,53,1
4404,2228,1,0
4404,2223,2,0
4404,2297,3,0
4404,2224,4,0
4404,2284,5,0
4404,2336,6,0
4404,2330,7,0
4404,2309,8,0
4404,2310,9,0
4404,2311,10,0
4404,2312,11,0
4404,2338,12,0
4404,2313,13,0
4404,883,14,0
4404,2314,15,0
4404,2315,16,0
4404,2316,17,0
4404,2554,18,0
4404,2418,19,0
4404,2422,20,0
4404,2423,21,0
4404,2424,22,0
4404,2425,23,0
4404,2426,24,0
4404,2490,25,0
4404,2427,26,0
4404,2168,27,0
4404,2428,28,0
4404,2429,29,0
4404,2464,30,0
4404,2431,31,0
4404,2432,32,0
4404,2455,33,0
4404,2433,34,0
4404,2434,35,0
4404,2435,36,0
4404,2436,37,0
4404,2453,38,0
4404,1704,39,0
4404,1801,40,0
4404,1705,41,0
4404,1751,42,0
4404,1706,43,0
4404,1722,44,0
4404,1709,45,0
4404,2356,46,0
4404,983,47,0
4404,987,48,0
4404,988,49,0
4404,995,50,0
4404,900,51,0
4404,984,52,0
4404,490,53,1
4503,297,1,0
4503,283,2,0
4503,244,3,0
4503,245,4,0
4503,288,5,0
4503,500,6,0
4503,567,7,0
4503,515,8,0
4503,484,9,0
4503,485,10,0
4503,530,11,0
4503,683,12,0
4503,2922,13,0
4503,514,14,0
4503,489,15,0
4503,1136,16,0
4503,3141,17,0
4503,3114,18,0
4503,3143,19,0
4503,3142,20,0
4503,4540,21,0
4503,4500,22,0
4503,4501,23,0
4503,129,24,0
4503,150,25,0
4503,144,26,0
4503,4502,27,0
4503,320,28,0
4503,4549,29,0
4503,4526,30,0
4503,4536,31,0
4503,4527,32,0
4503,4538,33,0
4503,4509,34,0
4503,4541,35,0
4503,4545,36,0
4503,583,37,0
4503,1253,38,0
4503,998,39,0
4503,1023,40,0
4503,1024,41,0
4503,1096,42,0
4503,4519,43,0
4503,4505,44,0
4503,4506,45,0
4503,4551,46,0
4503,4507,47,0
4503,772,48,0
4503,2357,49,0
4503,773,50,0
4503,3512,51,0
4503,774,52,0
4503,3513,53,0
4503,3514,54,0
4503,3515,55,0
4503,2820,56,0
4503,1766,57,0
4503,1767,58,0
4503,3306,59,0
4503,1295,60,0
4503,2342,61,0
4503,1458,62,0
4503,6002,63,1
4504,812,1,0
4504,2290,2,0
4504,346,3,0
4504,3307,4,0
4504,1783,5,0
4504,1784,6,0
4504,1785,7,0
4504,3086,8,0
4504,3305,9,0
4504,4002,10,0
4504,1788,11,0
4504,4550,12,0
4504,1790,13,0
4504,2212,14,0
4504,4512,15,0
4504,4513,16,0
4504,4548,17,0
4504,4514,18,0
4504,4515,19,0
4504,4529,20,0
4504,4516,21,0
4504,1046,22,0
4504,1098,23,0
4504,1047,24,0
4504,1252,25,0
4504,678,26,0
4504,4518,27,0
4504,4526,28,0
4504,4536,29,0
4504,4527,30,0
4504,4538,31,0
4504,4509,32,0
4504,4541,33,0
4504,4545,34,0
4504,4547,35,0
4504,338,36,0
4504,4520,37,0
4504,4521,38,0
4504,114,39,0
4504,143,40,0
4504,4522,41,0
4504,2351,42,0
4504,2352,43,0
4504,2682,44,0
4504,2353,45,0
4504,2906,46,0
4504,680,47,0
4504,486,48,0
4504,487,49,0
4504,525,50,0
4504,682,51,0
4504,596,52,0
4504,518,53,0
4504,684,54,0
4504,685,55,0
4504,568,56,0
4504,569,57,0
4504,502,58,0
4504,103,59,0
4504,104,60,0
4504,105,61,0
4504,106,62,0
4504,297,63,1
4603,1792,1,0
4603,2165,2,0
4603,3402,3,0
4603,313,4,0
4603,3403,5,0
4603,3404,6,0
4603,5747,7,0
4603,3336,8,0
4603,3341,9,0
4603,3335,10,0
4603,5711,11,0
4603,5712,12,0
4603,5713,13,0
4603,5723,14,0
4603,5733,15,0
4603,5745,16,0
4603,3344,17,0
4603,392,18,0
4603,870,19,0
4603,393,20,0
4603,819,21,0
4603,394,22,0
4603,395,23,0
4603,396,24,0
4603,397,25,0
4603,841,26,0
4603,398,27,0
4603,800,28,0
4603,2587,29,0
4603,2588,30,0
4603,2589,31,0
4603,2342,32,0
4603,1458,33,0
4603,6002,34,1
4604,1374,1,0
4604,2290,2,0
4604,2581,3,0
4604,2582,4,0
4604,2584,5,0
4604,1267,6,0
4604,1268,7,0
4604,1269,8,0
4604,842,9,0
4604,1298,10,0
4604,1278,11,0
4604,1279,12,0
4604,1286,13,0
4604,3130,14,0
4604,1287,15,0
4604,1288,16,0
4604,1289,17,0
4604,1693,18,0
4604,5624,19,0
4604,5625,20,0
4604,5626,21,0
4604,5627,22,0
4604,5628,23,0
4604,5629,24,0
4604,5630,25,0
4604,3531,26,0
4604,3530,27,0
4604,3508,28,0
4604,5751,29,0
4604,3399,30,0
4604,3401,31,0
4604,2170,32,0
4604,1689,33,0
4604,715,34,0
4604,3366,35,0
4604,1792,36,1
4803,1013,1,0
4803,1720,2,0
4803,1792,3,0
4803,2165,4,0
4803,2128,5,0
4803,1772,6,0
4803,1757,7,0
4803,58,8,0
4803,192,9,0
4803,298,10,0
4803,1759,11,0
4803,1760,12,0
4803,2058,13,0
4803,2101,14,0
4803,2671,15,0
4803,2644,16,0
4803,2261,17,0
4803,2262,18,0
4803,2298,19,0
4803,2263,20,0
4803,2264,21,0
4803,2296,22,0
4803,2265,23,0
4803,780,24,1
4804,780,1,0
4804,2223,2,0
4804,2297,3,0
4804,2224,4,0
4804,2225,5,0
4804,2251,6,0
4804,2226,7,0
4804,2645,8,0
4804,2648,9,0
4804,2125,10,0
4804,2126,11,0
4804,1761,12,0
4804,1762,13,0
4804,299,14,0
4804,2420,15,0
4804,57,16,0
4804,1689,17,0
4804,599,18,0
4804,3248,19,0
4804,3366,20,0
4804,1715,21,0
4804,1717,22,0
4804,1718,23,0
4804,1049,24,0
4804,1029,25,0
4804,1013,26,1
4901,3203,1,0
4901,3204,2,0
4901,4906,3,0
4901,4907,4,0
4901,4909,5,0
4901,4002,6,0
4901,1788,7,0
4901,4550,8,0
4901,5751,9,0
4901,3399,10,0
4901,3401,11,0
4901,2170,12,0
4901,3402,13,1
4902,3402,1,0
4902,313,2,0
4902,3403,3,0
4902,3404,4,0
4902,5747,5,0
4902,3512,6,0
4902,774,7,0
4902,3513,8,0
4902,4929,9,0
4902,4930,10,0
4902,4931,11,0
4902,4932,12,0
4902,3205,13,0
4902,3206,14,0
4902,5750,15,0
4902,5748,16,0
4902,5752,17,0
4902,5749,18,0
4902,4902,19,0
4902,4903,20,0
4902,889,21,0
4902,3203,22,1
5103,885,1,0
5103,1301,2,0
5103,1313,3,0
5103,1314,4,0
5103,1320,5,0
5103,1321,6,0
5103,1322,7,0
5103,1308,8,0
5103,1576,9,0
5103,1577,10,0
5103,1578,11,0
5103,2760,12,0
5103,2701,13,0
5103,1570,14,0
5103,2019,15,0
5103,2184,16,0
5103,2020,17,0
5103,2021,18,0
5103,2022,19,0
5103,2094,20,0
5103,2641,21,0
5103,2023,22,0
5103,2155,23,0
5103,2156,24,0
5103,2697,25,0
5103,2642,26,0
5103,2643,27,0
5103,2473,28,0
5103,2474,29,0
5103,2475,30,0
5103,2476,31,0
5103,2477,32,0
5103,2478,33,0
5103,2479,34,0
5103,2480,35,0
5103,5100,36,0
5103,2481,37,0
5103,2482,38,0
5103,2492,39,0
5103,2493,40,0
5103,2509,41,1
5104,2509,1,0
5104,2591,2,0
5104,2510,3,0
5104,2513,4,0
5104,2494,5,0
5104,922,6,0
5104,2484,7,0
5104,2485,8,0
5104,2486,9,0
5104,2487,10,0
5104,2488,11,0
5104,2489,12,0
5104,2698,13,0
5104,2690,14,0
5104,2157,15,0
5104,2024,16,0
5104,2051,17,0
5104,2185,18,0
5104,2025,19,0
5104,2052,20,0
5104,2026,21,0
5104,2027,22,0
5104,2006,23,0
5104,2028,24,0
5104,1515,25,0
5104,273,26,0
5104,1579,27,0
5104,1580,28,0
5104,1581,29,0
5104,1323,30,0
5104,1324,31,0
5104,1360,32,0
5104,1361,33,0
5104,1362,34,0
5104,1311,35,0
5104,810,36,0
5104,809,37,0
5104,921,38,0
5104,807,39,0
5104,806,40,0
5104,805,41,0
5104,885,42,1
5303,3427,1,0
5303,769,2,0
5303,1212,3,0
5303,1210,4,0
5303,1208,5,0
5303,59,6,0
5303,1243,7,0
5303,1228,8,0
5303,1229,9,0
5303,3283,10,0
5303,1600,11,0
5303,3343,12,0
5303,1798,13,0
5303,1603,14,0
5303,1604,15,0
5303,1605,16,0
5303,1606,17,0
5303,1993,18,0
5303,3358,19,0
5303,635,20,0
5303,634,21,0
5303,177,22,0
5303,3543,23,0
5303,2133,24,0
5303,178,25,0
5303,3107,26,0
5303,179,27,0
5303,180,28,0
5303,3700,29,0
5303,181,30,0
5303,3000,31,0
5303,182,32,0
5303,5305,33,0
5303,5310,34,0
5303,689,35,0
5303,690,36,0
5303,691,37,0
5303,3418,38,0
5303,3299,39,0
5303,1154,40,0
5303,1852,41,0
5303,2182,42,1
5304,2182,1,0
5304,1163,2,0
5304,1148,3,0
5304,593,4,0
5304,636,5,0
5304,681,6,0
5304,5306,7,0
5304,818,8,0
5304,193,9,0
5304,3137,10,0
5304,3001,11,0
5304,194,12,0
5304,3701,13,0
5304,3362,14,0
5304,196,15,0
5304,1933,16,0
5304,1934,17,0
5304,2552,18,0
5304,3550,19,0
5304,197,20,0
5304,3110,21,0
5304,633,22,0
5304,632,23,0
5304,1981,24,0
5304,1987,25,0
5304,1608,26,0
5304,1616,27,0
5304,1609,28,0
5304,1610,29,0
5304,1878,30,0
5304,1612,31,0
5304,1614,32,0
5304,3284,33,0
5304,1240,34,0
5304,1241,35,0
5304,1242,36,0
5304,1227,37,0
5304,2536,38,0
5304,1109,39,0
5304,1111,40,0
5304,1104,41,0
5304,3427,42,1
5701,2127,1,0
5701,2223,2,0
5701,2297,3,0
5701,2224,4,0
5701,2284,5,0
5701,5783,6,0
5701,5784,7,0
5701,2108,8,0
5701,2158,9,0
5701,2159,10,0
5701,2160,11,0
5701,533,12,0
5701,351,13,0
5701,539,14,0
5701,828,15,0
5701,6120,16,0
5701,3134,17,0
5701,3136,18,0
5701,1138,19,0
5701,6146,20,0
5701,6112,21,0
5701,5775,22,0
5701,5776,23,0
5701,5777,24,0
5701,5778,25,0
5701,5779,26,0
5701,5780,27,0
5701,5730,28,0
5701,5731,29,0
5701,5732,30,0
5701,5734,31,0
5701,5735,32,0
5701,2121,33,0
5701,5736,34,0
5701,5737,35,0
5701,5738,36,0
5701,2647,37,0
5701,5714,38,0
5701,5715,39,0
5701,5716,40,0
5701,5717,41,0
5701,5718,42,0
5701,5739,43,0
5701,5740,44,0
5701,5741,45,0
5701,5742,46,0
5701,5743,47,0
5701,5007,48,0
5701,5016,49,0
5701,5017,50,0
5701,5018,51,0
5701,5719,52,0
5701,5720,53,0
5701,5721,54,0
5701,5722,55,0
5701,779,56,1
5702,779,1,0
5702,2639,2,0
5702,5701,3,0
5702,5702,4,0
5702,5703,5,0
5702,5704,6,0
5702,5007,7,0
5702,5705,8,0
5702,5706,9,0
5702,5707,10,0
5702,5724,11,0
5702,2538,12,0
5702,2539,13,0
5702,2529,14,0
5702,2540,15,0
5702,2595,16,0
5702,2500,17,0
5702,2596,18,0
5702,2597,19,0
5702,2598,20,0
5702,2894,21,0
5702,5725,22,0
5702,5726,23,0
5702,5727,24,0
5702,5728,25,0
5702,5744,26,0
5702,3163,27,0
5702,5302,28,0
5702,5729,29,0
5702,5303,30,0
5702,5304,31,0
5702,5770,32,0
5702,5771,33,0
5702,5772,34,0
5702,5773,35,0
5702,5774,36,0
5702,3104,37,0
5702,6133,38,0
5702,3140,39,0
5702,3100,40,0
5702,3133,41,0
5702,6134,42,0
5702,2384,43,0
5702,99,44,0
5702,829,45,0
5702,2376,46,0
5702,2609,47,0
5702,2131,48,0
5702,2110,49,0
5702,2109,50,0
5702,2134,51,0
5702,5781,52,0
5702,5782,53,0
5702,2200,54,0
5702,2201,55,0
5702,2264,56,0
5702,2296,57,0
5702,2265,58,0
5702,6002,59,1
6103,664,1,0
6103,1838,2,0
6103,3192,3,0
6103,849,4,0
6103,1404,5,0
6103,1405,6,0
6103,1415,7,0
6103,833,8,0
6103,834,9,0
6103,1246,10,0
6103,1247,11,0
6103,6105,12,0
6103,3556,13,0
6103,6106,14,0
6103,2580,15,0
6103,6107,16,0
6103,6108,17,0
6103,6109,18,0
6103,6110,19,0
6103,2416,20,0
6103,3108,21,0
6103,6124,22,0
6103,87,23,0
6103,3104,24,0
6103,6133,25,0
6103,3140,26,0
6103,6164,27,0
6103,6165,28,0
6103,3388,29,0
6103,3369,30,0
6103,3371,31,0
6103,3374,32,0
6103,3375,33,0
6103,3379,34,0
6103,3381,35,0
6103,6624,36,1
6104,6624,1,0
6104,3383,2,0
6104,3384,3,0
6104,3385,4,0
6104,3386,5,0
6104,3387,6,0
6104,6183,7,0
6104,6184,8,0
6104,1138,9,0
6104,6146,10,0
6104,6112,11,0
6104,2969,12,0
6104,3037,13,0
6104,6113,14,0
6104,6125,15,0
6104,6114,16,0
6104,6115,17,0
6104,6116,18,0
6104,6117,19,0
6104,2602,20,0
6104,6118,21,0
6104,3555,22,0
6104,6119,23,0
6104,2137,24,0
6104,1184,25,0
6104,832,26,0
6104,1140,27,0
6104,1416,28,0
6104,1424,29,0
6104,851,30,0
6104,2585,31,0
6104,1456,32,0
6104,6000,33,1
6603,1419,1,0
6603,1838,2,0
6603,3192,3,0
6603,2926,4,0
6603,2907,5,0
6603,11,6,0
6603,3028,7,0
6603,3010,8,0
6603,1244,9,0
6603,3029,10,0
6603,1293,11,0
6603,1450,12,0
6603,3031,13,0
6603,1592,14,0
6603,776,15,0
6603,777,16,0
6603,3119,17,0
6603,3126,18,0
6603,6602,19,0
6603,6604,20,0
6603,6605,21,0
6603,6606,22,0
6603,6607,23,0
6603,6608,24,0
6603,6670,25,0
6603,6610,26,0
6603,6611,27,0
6603,6612,28,0
6603,6613,29,0
6603,6614,30,0
6603,6624,31,1
6604,6624,1,0
6604,6615,2,0
6604,6609,3,0
6604,6616,4,0
6604,6617,5,0
6604,6618,6,0
6604,6619,7,0
6604,6167,8,0
6604,6168,9,0
6604,6620,10,0
6604,6621,11,0
6604,6622,12,0
6604,6623,13,0
6604,3905,14,0
6604,6627,15,0
6604,3906,16,0
6604,25,17,0
6604,781,18,0
6604,2167,19,0
6604,1824,20,0
6604,2166,21,0
6604,1825,22,0
6604,1826,23,0
6604,844,24,0
6604,1827,25,0
6604,1828,26,0
6604,1877,27,0
6604,3032,28,0
6604,1879,29,0
6604,2921,30,0
6604,2970,31,0
6604,2585,32,0
6604,1456,33,0
6604,6000,34,1
6803,6171,1,0
6803,1838,2,0
6803,3192,3,0
6803,2926,4,0
6803,1952,5,0
6803,1833,6,0
6803,2680,7,0
6803,1834,8,0
6803,6810,9,0
6803,494,10,0
6803,1249,11,0
6803,1429,12,0
6803,1440,13,0
6803,853,14,0
6803,1434,15,0
6803,479,16,0
6803,2122,17,0
6803,3282,18,0
6803,2881,19,0
6803,2885,20,0
6803,2349,21,1
6804,2349,1,0
6804,3389,2,0
6804,1744,3,0
6804,1748,4,0
6804,1750,5,0
6804,1754,6,0
6804,1763,7,0
6804,1829,8,0
6804,1830,9,0
6804,3440,10,0
6804,2195,11,0
6804,483,12,0
6804,1467,13,0
6804,923,14,0
6804,1159,15,0
6804,1160,16,0
6804,1161,17,0
6804,1162,18,0
6804,1157,19,0
6804,6812,20,0
6804,6813,21,0
6804,6814,22,0
6804,1967,23,0
6804,2921,24,0
6804,2585,25,0
6804,1456,26,0
6804,6171,27,1
7001,1802,1,0
7001,1803,2,0
7001,1804,3,0
7001,1809,4,0
7001,1810,5,0
7001,1811,6,0
7001,850,7,0
7001,1812,8,0
7001,1841,9,0
7001,63,10,0
7001,3012,11,0
7001,64,12,0
7001,3063,13,0
7001,3119,14,0
7001,3126,15,0
7001,3079,16,0
7001,647,17,0
7001,673,18,0
7001,3027,19,0
7001,835,20,0
7001,2574,21,0
7001,2713,22,0
7001,2714,23,0
7001,1851,24,0
7001,3080,25,0
7001,1944,26,0
7001,1929,27,0
7001,3131,28,0
7001,1904,29,0
7001,9026,30,0
7001,9001,31,0
7001,9002,32,0
7001,9003,33,0
7001,9004,34,0
7001,9005,35,0
7001,9061,36,1
7002,9061,1,0
7002,9017,2,0
7002,9018,3,0
7002,9019,4,0
7002,815,5,0
7002,9020,6,0
7002,1927,7,0
7002,1948,8,0
7002,1928,9,0
7002,1947,10,0
7002,3252,11,0
7002,1923,12,0
7002,3081,13,0
7002,1980,14,0
7002,1802,15,0
7002,1803,16,0
7002,1804,17,0
7002,1809,18,0
7002,1810,19,0
7002,1811,20,0
7002,850,21,0
7002,1812,22,0
7002,1841,23,0
7002,63,24,0
7002,3012,25,0
7002,64,26,0
7002,3063,27,0
7002,3119,28,0
7002,3126,29,0
7002,3079,30,0
7002,647,31,0
7002,673,32,0
7002,3027,33,0
7002,835,34,0
7002,2574,35,0
7002,2713,36,0
7002,2714,37,0
7002,1851,38,1
7101,4549,1,0
7101,4526,2,0
7101,4536,3,0
7101,4527,4,0
7101,4538,5,0
7101,4509,6,0
7101,4541,7,0
7101,4545,8,0
7101,4547,9,0
7101,680,10,0
7101,486,11,0
7101,487,12,0
7101,525,13,0
7101,682,14,0
7101,596,15,0
7101,518,16,0
7101,684,17,0
7101,685,18,0
7101,568,19,0
7101,569,20,0
7101,503,21,0
7101,504,22,0
7101,579,23,0
7101,564,24,0
7101,1682,25,0
7101,565,26,0
7101,9061,27,1
7102,9061,1,0
7102,9006,2,0
7102,9007,3,0
7102,1682,4,0
7102,565,5,0
7102,500,6,0
7102,567,7,0
7102,515,8,0
7102,484,9,0
7102,485,10,0
7102,530,11,0
7102,683,12,0
7102,2922,13,0
7102,514,14,0
7102,489,15,0
7102,1136,16,0
7102,4549,17,0
7102,4526,18,0
7102,4536,19,0
7102,4527,20,0
7102,4538,21,0
7102,4509,22,0
7102,4541,23,0
7102,4545,24,0
7102,4547,25,1
7303,3225,1,0
7303,2047,2,0
7303,2046,3,0
7303,2045,4,0
7303,574,5,0
7303,3236,6,0
7303,3237,7,0
7303,3238,8,0
7303,3239,9,0
7303,3242,10,0
7303,3244,11,0
7303,576,12,0
7303,2079,13,0
7303,2080,14,0
7303,2081,15,0
7303,2082,16,0
7303,2549,17,0
7303,3262,18,0
7303,3263,19,0
7303,3264,20,0
7303,3265,21,1
7304,3265,1,0
7304,3267,2,0
7304,3268,3,0
7304,45,4,0
7304,2065,5,0
7304,2096,6,0
7304,2097,7,0
7304,2098,8,0
7304,2099,9,0
7304,2009,10,0
7304,2008,11,0
7304,2010,12,0
7304,3220,13,0
7304,3225,14,1
7401,3225,1,0
7401,2047,2,0
7401,2046,3,0
7401,2045,4,0
7401,2014,5,0
7401,2015,6,0
7401,3367,7,0
7401,12,8,0
7401,3211,9,0
7401,2070,10,0
7401,38,11,0
7401,3084,12,0
7401,3085,13,0
7401,3240,14,0
7401,3087,15,0
7401,1769,16,0
7401,1787,17,0
7401,2618,18,0
7401,2059,19,0
7401,2118,20,0
7401,2061,21,0
7401,3258,22,0
7401,779,23,1
7402,779,1,0
7402,3272,2,0
7402,2147,3,0
7402,2136,4,0
7402,2119,5,0
7402,2619,6,0
7402,1730,7,0
7402,1732,8,0
7402,1727,9,0
7402,3241,10,0
7402,10,11,0
7402,3096,12,0
7402,3254,13,0
7402,47,14,0
7402,3097,15,0
7402,3212,16,0
7402,1749,17,0
7402,3213,18,0
7402,2035,19,0
7402,2010,20,0
7402,3220,21,0
7402,3225,22,1
7601,6171,1,0
7601,480,2,0
7601,481,3,0
7601,1822,4,0
7601,1508,5,0
7601,158,6,0
7601,1273,7,0
7601,1274,8,0
7601,1276,9,0
7601,1277,10,0
7601,1383,11,0
7601,1384,12,0
7601,1385,13,0
7601,1386,14,0
7601,1387,15,0
7601,1388,16,0
7601,1389,17,0
7601,1391,18,0
7601,1392,19,0
7601,1393,20,0
7601,9163,21,0
7601,9063,22,0
7601,9064,23,0
7601,9065,24,0
7601,9066,25,0
7601,9067,26,0
7601,9026,27,0
7601,9001,28,0
7601,9002,29,0
7601,9003,30,0
7601,9004,31,0
7601,9005,32,0
7601,9105,33,1
7602,9105,1,0
7602,9017,2,0
7602,9018,3,0
7602,9019,4,0
7602,815,5,0
7602,9020,6,0
7602,9091,7,0
7602,9092,8,0
7602,9093,9,0
7602,9094,10,0
7602,9095,11,0
7602,1307,12,0
7602,1309,13,0
7602,1552,14,0
7602,1553,15,0
7602,1554,16,0
7602,1555,17,0
7602,1557,18,0
7602,1558,19,0
7602,1559,20,0
7602,1560,21,0
7602,1561,22,0
7602,1563,23,0
7602,1564,24,0
7602,1565,25,0
7602,1566,26,0
7602,2593,27,0
7602,1523,28,0
7602,2577,29,0
7602,666,30,0
7602,6171,31,1
8703,3258,1,0
8703,2124,2,0
8703,36,3,0
8703,3223,4,0
8703,3007,5,0
8703,2037,6,0
8703,2083,7,0
8703,2031,8,0
8703,340,9,0
8703,482,10,0
8703,1955,11,0
8703,1962,12,0
8703,1952,13,0
8703,1953,14,0
8703,1998,15,0
8703,1897,16,0
8703,1964,17,0
8703,891,18,0
8703,892,19,0
8703,2895,20,0
8703,3064,21,0
8703,783,22,0
8703,789,23,0
8703,3277,24,0
8703,2468,25,0
8703,1887,26,0
8703,2470,27,0
8703,2820,28,0
8703,1766,29,0
8703,1767,30,0
8703,1295,31,0
8703,6002,32,1
8704,1374,1,0
8704,346,2,0
8704,1783,3,0
8704,1784,4,0
8704,1785,5,0
8704,2458,6,0
8704,2459,7,0
8704,2460,8,0
8704,3276,9,0
8704,401,10,0
8704,404,11,0
8704,3056,12,0
8704,2260,13,0
8704,2229,14,0
8704,2173,15,0
8704,1896,16,0
8704,2270,17,0
8704,1999,18,0
8704,1954,19,0
8704,1957,20,0
8704,1967,21,0
8704,1956,22,0
8704,1991,23,0
8704,322,24,0
8704,1471,25,0
8704,2048,26,0
8704,2012,27,0
8704,2010,28,0
8704,3038,29,0
8704,3227,30,0
8704,35,31,0
8704,2044,32,0
8704,779,33,1
9001,2244,1,0
9001,2223,2,0
9001,2297,3,0
9001,2224,4,0
9001,2326,5,0
9001,2200,6,0
9001,2201,7,0
9001,2202,8,0
9001,2208,9,0
9001,2204,10,0
9001,2205,11,0
9001,2206,12,0
9001,2207,13,0
9001,2292,14,0
9001,2295,15,0
9001,2715,16,0
9001,2734,17,0
9001,2753,18,0
9001,2754,19,0
9001,2565,20,0
9001,2566,21,0
9001,2567,22,0
9001,2282,23,0
9001,888,24,0
9001,2385,25,0
9001,2386,26,0
9001,2387,27,0
9001,2732,28,0
9001,4510,29,0
9001,2272,30,0
9001,2273,31,0
9001,2274,32,0
9001,2275,33,0
9001,2276,34,0
9001,2277,35,0
9001,2278,36,0
9001,2279,37,0
9001,2280,38,0
9001,2281,39,0
9001,1299,40,0
9001,1226,41,0
9001,2264,42,0
9001,2296,43,0
9001,2265,44,0
9001,6002,45,1
9002,2244,1,0
9002,2290,2,0
9002,2581,3,0
9002,3016,4,0
9002,3017,5,0
9002,2328,6,0
9002,943,7,0
9002,2544,8,0
9002,3024,9,0
9002,4530,10,0
9002,4531,11,0
9002,4532,12,0
9002,4533,13,0
9002,4543,14,0
9002,4534,15,0
9002,4544,16,0
9002,4535,17,0
9002,92,18,0
9002,2340,19,0
9002,3077,20,0
9002,93,21,0
9002,2342,22,0
9002,1458,23,0
9002,6002,24,1
10101,1661,1,0
10101,548,2,0
10101,501,3,0
10101,4300,4,0
10101,1033,5,0
10101,535,6,0
10101,910,7,0
10101,642,8,0
10101,644,9,0
10101,645,10,0
10101,748,11,0
10101,749,12,0
10101,855,13,0
10101,858,14,0
10101,862,15,0
10101,831,16,0
10101,866,17,0
10101,9001,18,0
10101,9056,19,1
10102,9056,1,0
10102,815,2,0
10102,875,3,0
10102,1354,4,0
10102,1377,5,0
10102,1381,6,0
10102,1283,7,0
10102,1189,8,0
10102,1190,9,0
10102,1194,10,0
10102,1195,11,0
10102,1197,12,0
10102,991,13,0
10102,1037,14,0
10102,1039,15,0
10102,4300,16,0
10102,1666,17,0
10102,1002,18,0
10102,1660,19,0
10102,1661,20,1
10303,2622,1,0
10303,722,2,0
10303,718,3,0
10303,769,4,0
10303,1208,5,0
10303,1206,6,0
10303,4003,7,0
10303,3280,8,0
10303,1900,9,0
10303,1950,10,0
10303,1960,11,0
10303,1961,12,0
10303,1949,13,0
10303,96,14,0
10303,1907,15,0
10303,1909,16,0
10303,2614,17,0
10303,2616,18,1
10304,2616,1,0
10304,2612,2,0
10304,2613,3,0
10304,2518,4,0
10304,97,5,0
10304,1968,6,0
10304,1969,7,0
10304,1980,8,0
10304,1951,9,0
10304,1919,10,0
10304,3497,11,0
10304,4005,12,0
10304,1105,13,0
10304,1107,14,0
10304,1104,15,0
10304,717,16,0
10304,721,17,0
10304,723,18,0
10304,2622,19,1
10703,1406,1,0
10703,1714,2,0
10703,1690,3,0
10703,2706,4,0
10703,3225,5,0
10703,3038,6,0
10703,3227,7,0
10703,35,8,0
10703,2044,9,0
10703,1133,10,0
10703,2904,11,0
10703,9970,12,0
10703,2198,13,0
10703,2211,14,0
10703,543,15,0
10703,2218,16,0
10703,2968,17,0
10703,2985,18,0
10703,1407,19,0
10703,2800,20,0
10703,7100,21,0
10703,7201,22,1
10704,7201,1,0
10704,2875,2,0
10704,3279,3,0
10704,1853,4,0
10704,1396,5,0
10704,1397,6,0
10704,2230,7,0
10704,575,8,0
10704,2214,9,0
10704,2210,10,0
10704,3301,11,0
10704,2905,12,0
10704,1088,13,0
10704,2124,14,0
10704,36,15,0
10704,3223,16,0
10704,3007,17,0
10704,3220,18,0
10704,2703,19,0
10704,1726,20,0
10704,1716,21,0
10704,6000,22,1
10803,9061,1,0
10803,815,2,0
10803,3083,3,0
10803,1156,4,0
10803,6880,5,0
10803,2505,6,0
10803,6138,7,0
10803,6139,8,0
10803,2384,9,0
10803,99,10,0
10803,829,11,0
10803,2376,12,0
10803,2609,13,0
10803,2131,14,0
10803,2110,15,0
10803,2109,16,0
10803,2379,17,0
10803,2380,18,0
10803,2381,19,0
10803,2382,20,0
10803,2383,21,0
10803,2314,22,0
10803,2315,23,0
10803,2316,24,0
10803,2554,25,0
10803,2418,26,0
10803,2377,27,0
10803,2496,28,1
10804,1443,1,0
10804,2417,2,0
10804,2378,3,0
10804,2300,4,0
10804,2301,5,0
10804,2302,6,0
10804,2371,7,0
10804,2372,8,0
10804,2373,9,0
10804,2374,10,0
10804,2375,11,0
10804,2158,12,0
10804,2159,13,0
10804,2160,14,0
10804,533,15,0
10804,351,16,0
10804,539,17,0
10804,62,18,0
10804,6880,19,0
10804,2505,20,0
10804,6138,21,0
10804,1575,22,0
10804,1423,23,0
10804,4517,24,0
10804,9001,25,0
10804,9061,26,1
10903,9106,1,0
10903,815,2,0
10903,1088,3,0
10903,2124,4,0
10903,36,5,0
10903,3223,6,0
10903,3007,7,0
10903,3220,8,0
10903,2703,9,0
10903,1726,10,0
10903,1716,11,0
10903,3390,12,0
10903,3424,13,0
10903,4552,14,0
10903,772,15,0
10903,773,16,0
10903,774,17,0
10903,3515,18,0
10903,1767,19,0
10903,6002,20,1
10904,2266,1,0
10904,1783,2,0
10904,3086,3,0
10904,1788,4,0
10904,1790,5,0
10904,4512,6,0
10904,4553,7,0
10904,3425,8,0
10904,1406,9,0
10904,1714,10,0
10904,1690,11,0
10904,2706,12,0
10904,3225,13,0
10904,3038,14,0
10904,3227,15,0
10904,35,16,0
10904,2044,17,0
10904,1133,18,0
10904,9001,19,0
10904,9106,20,1
11003,100,1,0
11003,283,2,0
11003,245,3,0
11003,566,4,0
11003,535,5,0
11003,910,6,0
11003,4007,7,0
11003,1720,8,0
11003,3424,9,0
11003,1408,10,1
11004,1408,1,0
11004,3425,2,0
11004,1717,3,0
11004,1062,4,0
11004,991,5,0
11004,545,6,0
11004,526,7,0
11004,104,8,0
11004,106,9,0
11004,100,10,0
11004,4007,11,1
30202,1515,1,0
30202,273,2,0
30202,1579,3,0
30202,1580,4,0
30202,1581,5,0
30202,1323,6,0
30202,1324,7,0
30202,1352,8,0
30202,1353,9,0
30202,2268,10,0
30202,1255,11,0
30202,1256,12,0
30202,1257,13,0
30202,1258,14,0
30202,1259,15,0
30202,1260,16,0
30202,1261,17,0
30202,1262,18,0
30202,1263,19,0
30202,1264,20,0
30202,1265,21,0
30202,1206,22,0
30202,1204,23,0
30202,588,24,0
30202,1421,25,0
30202,1498,26,0
30202,3033,27,0
30202,1428,28,0
30202,1446,29,0
30202,4030,30,0
30202,1456,31,0
30202,6000,32,1
30402,1214,1,0
30402,1243,2,0
30402,1228,3,0
30402,1229,4,0
30402,1230,5,0
30402,1365,6,0
30402,1367,7,0
30402,1368,8,0
30402,1255,9,0
30402,1256,10,0
30402,1257,11,0
30402,1258,12,0
30402,1259,13,0
30402,1260,14,0
30402,1261,15,0
30402,1262,16,0
30402,1263,17,0
30402,1264,18,0
30402,1265,19,0
30402,1207,20,0
30402,1209,21,0
30402,1211,22,0
30402,1373,23,1
30603,1249,1,0
30603,1429,2,0
30603,1440,3,0
30603,1848,4,0
30603,1854,5,0
30603,2105,6,0
30603,3015,7,0
30603,2106,8,0
30603,2111,9,0
30603,3053,10,0
30603,892,11,0
30603,2421,12,0
30603,2895,13,0
30603,2912,14,0
30603,3064,15,0
30603,783,16,0
30603,67,17,0
30603,2464,18,0
30603,2431,19,0
30603,2432,20,0
30603,2433,21,0
30603,3231,22,1
30701,1515,1,0
30701,1579,2,0
30701,1580,3,0
30701,1581,4,0
30701,1323,5,0
30701,1328,6,0
30701,1329,7,0
30701,1330,8,0
30701,1331,9,0
30701,1332,10,0
30701,1333,11,0
30701,1334,12,0
30701,1335,13,0
30701,1336,14,0
30701,1337,15,0
30701,1339,16,0
30701,9161,17,0
30701,9022,18,0
30701,9023,19,0
30701,9024,20,0
30701,9025,21,0
30701,2892,22,0
30701,9027,23,0
30701,9028,24,0
30701,9029,25,0
30701,9030,26,0
30701,9031,27,0
30701,9052,28,0
30701,9162,29,0
30701,9033,30,0
30701,9015,31,0
30701,9061,32,1
31303,3231,1,0
31303,2437,2,0
31303,2438,3,0
31303,2439,4,0
31303,2440,5,0
31303,2441,6,0
31303,2442,7,0
31303,2443,8,0
31303,1760,9,0
31303,2058,10,0
31303,2245,11,0
31303,2246,12,0
31303,2247,13,0
31303,2248,14,0
31303,2249,15,0
31303,2250,16,0
31303,2325,17,0
31303,72,18,0
31303,73,19,0
31303,778,20,0
31303,94,21,0
31303,2153,22,0
31303,2154,23,0
31303,1294,24,0
31303,3306,25,0
31303,1295,26,0
31303,2342,27,0
31303,6002,28,1
31403,2129,1,0
31403,853,2,0
31403,1434,3,0
31403,479,4,0
31403,2122,5,0
31403,3282,6,0
31403,2881,7,0
31403,2885,8,0
31403,2259,9,0
31403,2260,10,0
31403,2227,11,0
31403,2229,12,0
31403,3023,13,0
31403,2173,14,1
31404,3053,1,0
31404,892,2,0
31404,2421,3,0
31404,2895,4,0
31404,2912,5,0
31404,2495,6,0
31404,1250,7,0
31404,2841,8,0
31404,2181,9,0
31404,3440,10,0
31404,2195,11,0
31404,483,12,0
31404,1467,13,0
31404,923,14,0
31404,1159,15,0
31404,814,16,1
31503,766,1,0
31503,480,2,0
31503,1970,3,0
31503,1971,4,0
31503,1972,5,0
31503,1973,6,0
31503,1974,7,0
31503,1067,8,0
31503,824,9,0
31503,1990,10,0
31503,494,11,0
31503,1249,12,0
31503,1429,13,0
31503,1440,14,0
31503,814,15,1
31504,2129,1,0
31504,1160,2,0
31504,1161,3,0
31504,1162,4,0
31504,1157,5,0
31504,2130,6,0
31504,791,7,0
31504,825,8,0
31504,1977,9,0
31504,1978,10,0
31504,1979,11,0
31504,1985,12,0
31504,1986,13,0
31504,6000,14,1
32103,3314,1,0
32103,3317,2,0
32103,3338,3,0
32103,3339,4,0
32103,3322,5,0
32103,3323,6,0
32103,3324,7,0
32103,3528,8,0
32103,3529,9,0
32103,5711,10,0
32103,5712,11,0
32103,5713,12,0
32103,5723,13,0
32103,4102,14,0
32103,4103,15,0
32103,4104,16,1
32104,4103,1,0
32104,4104,2,0
32104,3204,3,0
32104,4906,4,0
32104,5625,5,0
32104,5626,6,0
32104,5627,7,0
32104,5628,8,0
32104,5629,9,0
32104,3352,10,0
32104,3532,11,0
32104,3325,12,0
32104,3326,13,0
32104,3340,14,0
32104,3337,15,0
32104,3332,16,0
32104,3334,17,1
33502,430,1,0
33502,431,2,0
33502,420,3,0
33502,432,4,0
33502,315,5,0
33502,367,6,0
33502,368,7,0
33502,854,8,0
33502,369,9,0
33502,370,10,0
33502,371,11,0
33502,372,12,0
33502,373,13,0
33502,374,14,0
33502,375,15,0
33502,376,16,0
33502,335,17,0
33502,337,18,0
33502,339,19,0
33502,377,20,0
33502,378,21,0
33502,267,22,0
33502,268,23,0
33502,637,24,0
33502,269,25,0
33502,270,26,0
33502,272,27,0
33502,291,28,0
33502,292,29,0
33502,274,30,0
33502,275,31,0
33502,237,32,0
33502,238,33,0
33502,1454,34,0
33502,239,35,0
33502,240,36,0
33502,241,37,0
33502,242,38,0
33502,243,39,0
33502,104,40,0
33502,105,41,0
33502,106,42,0
33502,297,43,1
