'23OC23-CPBlock-Saturday-12',2903,50000,4,'',1,2600,4,'',1,2700,4,'',1,6500,4,'',1,2500,4,'',1,7000,4,'',1,3100,4,'',1,7000,4,'',1,3000,4,'',1,7000,4,'',1,3100,4,'',1,7000,4,'',1,3200,4,'',1,7000,4,'',1,3000,4,'',1,7000,4,'',1,3000,4,'',1,7100,4,'',1,3100,4,'',1,7100,4,'',1,3100,4,'',1,7100,4,'',1,3100,4,'',1,7200,4,'',1,3100,4,'',1,7000,4,'',1,3100,4,'',1,7100,4,'',1,3100,4,'',1,6900,4,'',1,2900,4,'',1,6900,4,'',1,7800,4,'',1,4200,4,'',1,8300,4,'',1,8200,4,'',1,4100,4,'',1,7900,4,'',1,7900,4,'',1,3900,4,'',1
'23OC23-CPBlock-Saturday-12',2904,50400,,'',1,2600,,'',1,2700,,'',1,7000,,'',1,2500,,'',1,7000,,'',1,3000,,'',1,7000,,'',1,3000,,'',1,7000,,'',1,3000,,'',1,7000,,'',1,3000,,'',1,7000,,'',1,3000,,'',1,7000,,'',1,3000,,'',1,7100,,'',1,3100,,'',1,7100,,'',1,3100,,'',1,7100,,'',1,3100,,'',1,7100,,'',1,7100,,'',1,3100,,'',1,7100,,'',1,3100,,'',1,7300,,'',1,3300,,'',1,6700,,'',1,2800,,'',1,7800,,'',1,4200,,'',1,8100,,'',1,8100,,'',1,4100,,'',1,8100,,'',1,8100,,'',1
'23OC23-CPBlock-Sunday-13',2903,73400,4,'',1,8300,4,'',1,8300,4,'',1,4400,4,'',1,8600,4,'',1,8400,4,'',1,4400,4,'',1,8400,4,'',1,8400,4,'',1,8400,4,'',1,4400,4,'',1,8400,4,'',1,8400,4,'',1,8300,4,'',1,4400,4,'',1,8400,4,'',1,8300,4,'',1,4300,4,'',1,8300,4,'',1,8300,4,'',1,8200,4,'',1,4300,4,'',1,8300,4,'',1,8300,4,'',1,4300,4,'',1
'23OC23-CPBlock-Sunday-13',2904,65700,,'',1,8300,,'',1,8300,,'',1,8300,,'',1,4400,,'',1,8400,,'',1,8400,,'',1,8400,,'',1,4400,,'',1,8400,,'',1,8400,,'',1,4400,,'',1,8400,,'',1,8400,,'',1,8400,,'',1,4400,,'',1,8400,,'',1,8400,,'',1,8300,,'',1,4300,,'',1,8300,,'',1,8300,,'',1,4300,,'',1,8300,,'',1,8300,,'',1
'23OC23-CPBlock-Weekday-11',2903,41200,4,'',1,3200,4,'',1,7400,4,'',1,2800,4,'',1,7000,4,'',1,2900,4,'',1,7200,4,'',1,3200,4,'',1,7300,4,'',1,3200,4,'',1,7200,4,'',1,3200,4,'',1,7200,4,'',1,7100,4,'',1,3100,4,'',1,7200,4,'',1,3200,4,'',1,7200,4,'',1,3200,4,'',1,7300,4,'',1,3400,4,'',1,6100,4,'',1,1400,4,'',1,3300,4,'',1,7300,4,'',1,7300,4,'',1,3100,4,'',1,7200,4,'',1,3200,4,'',1,7100,4,'',1,3000,4,'',1,6800,4,'',1,2900,4,'',1,8200,4,'',1,4000,4,'',1,8200,4,'',1,8400,4,'',1,8400,4,'',1,4400,4,'',1,8300,4,'',1
'23OC23-CPBlock-Weekday-11',2904,42000,,'',1,3100,,'',1,7000,,'',1,3000,,'',1,7000,,'',1,3000,,'',1,5500,,'',1,1500,,'',1,3200,,'',1,7200,,'',1,3200,,'',1,7200,,'',1,7200,,'',1,3200,,'',1,7200,,'',1,3200,,'',1,7200,,'',1,3200,,'',1,7200,,'',1,3300,,'',1,7300,,'',1,3300,,'',1,7300,,'',1,3300,,'',1,7300,,'',1,7300,,'',1,3300,,'',1,7300,,'',1,3200,,'',1,7200,,'',1,4200,,'',1,8200,,'',1,8200,,'',1,8200,,'',1,4200,,'',1,8400,,'',1,8400,,'',1,4400,,'',1
'23SE04-CPBlock-Saturday-12',2903,50000,4,'',1,2600,4,'',1,2700,4,'',1,6500,4,'',1,2500,4,'',1,7000,4,'',1,3100,4,'',1,7000,4,'',1,3000,4,'',1,7000,4,'',1,3100,4,'',1,7000,4,'',1,3200,4,'',1,7000,4,'',1,3000,4,'',1,7000,4,'',1,3000,4,'',1,7100,4,'',1,3100,4,'',1,7100,4,'',1,3100,4,'',1,7100,4,'',1,3100,4,'',1,7200,4,'',1,3100,4,'',1,7000,4,'',1,3100,4,'',1,7100,4,'',1,3100,4,'',1,6900,4,'',1,2900,4,'',1,6900,4,'',1,7800,4,'',1,4200,4,'',1,8300,4,'',1,8200,4,'',1,4100,4,'',1,7900,4,'',1,7900,4,'',1,3900,4,'',1
'23SE04-CPBlock-Saturday-12',2904,50400,,'',1,2600,,'',1,2700,,'',1,7000,,'',1,2500,,'',1,7000,,'',1,3000,,'',1,7000,,'',1,3000,,'',1,7000,,'',1,3000,,'',1,7000,,'',1,3000,,'',1,7000,,'',1,3000,,'',1,7000,,'',1,3000,,'',1,7100,,'',1,3100,,'',1,7100,,'',1,3100,,'',1,7100,,'',1,3100,,'',1,7100,,'',1,7100,,'',1,3100,,'',1,7100,,'',1,3100,,'',1,7300,,'',1,3300,,'',1,6700,,'',1,2800,,'',1,7800,,'',1,4200,,'',1,8100,,'',1,8100,,'',1,4100,,'',1,8100,,'',1,8100,,'',1
'23SE04-CPBlock-Sunday-13',2903,73400,4,'',1,8300,4,'',1,8300,4,'',1,4400,4,'',1,8600,4,'',1,8400,4,'',1,4400,4,'',1,8400,4,'',1,8400,4,'',1,8400,4,'',1,4400,4,'',1,8400,4,'',1,8400,4,'',1,8300,4,'',1,4400,4,'',1,8400,4,'',1,8300,4,'',1,4300,4,'',1,8300,4,'',1,8300,4,'',1,8200,4,'',1,4300,4,'',1,8300,4,'',1,8300,4,'',1,4300,4,'',1
'23SE04-CPBlock-Sunday-13',2904,65700,,'',1,8300,,'',1,8300,,'',1,8300,,'',1,4400,,'',1,8400,,'',1,8400,,'',1,8400,,'',1,4400,,'',1,8400,,'',1,8400,,'',1,4400,,'',1,8400,,'',1,8400,,'',1,8400,,'',1,4400,,'',1,8400,,'',1,8400,,'',1,8300,,'',1,4300,,'',1,8300,,'',1,8300,,'',1,4300,,'',1,8300,,'',1,8300,,'',1
'23SE04-CPBlock-Weekday-11',2903,41200,4,'',1,3200,4,'',1,7400,4,'',1,2800,4,'',1,7000,4,'',1,2900,4,'',1,7200,4,'',1,3200,4,'',1,7300,4,'',1,3200,4,'',1,7200,4,'',1,3200,4,'',1,7200,4,'',1,7100,4,'',1,3100,4,'',1,7200,4,'',1,3200,4,'',1,7200,4,'',1,3200,4,'',1,7300,4,'',1,3400,4,'',1,6100,4,'',1,1400,4,'',1,3300,4,'',1,7300,4,'',1,7300,4,'',1,3100,4,'',1,7200,4,'',1,3200,4,'',1,7100,4,'',1,3000,4,'',1,6800,4,'',1,2900,4,'',1,8200,4,'',1,4000,4,'',1,8200,4,'',1,8400,4,'',1,8400,4,'',1,4400,4,'',1,8300,4,'',1
'23SE04-CPBlock-Weekday-11',2904,42000,,'',1,3100,,'',1,7000,,'',1,3000,,'',1,7000,,'',1,3000,,'',1,5500,,'',1,1500,,'',1,3200,,'',1,7200,,'',1,3200,,'',1,7200,,'',1,7200,,'',1,3200,,'',1,7200,,'',1,3200,,'',1,7200,,'',1,3200,,'',1,7200,,'',1,3300,,'',1,7300,,'',1,3300,,'',1,7300,,'',1,3300,,'',1,7300,,'',1,7300,,'',1,3300,,'',1,7300,,'',1,3200,,'',1,7200,,'',1,4200,,'',1,8200,,'',1,8200,,'',1,8200,,'',1,4200,,'',1,8400,,'',1,8400,,'',1,4400,,'',1
