4500,'CPHoliday1',815,,37208,17,,,1,35,,37209,17,,,1,75,,37210,17,,,1,75,,37211,17,,,1,36,,37212,17,,,1,75,,37213,17,,,1,40,,37214,17,,,1,80,,37215,17,,,1,81,,37216,17,,,1,40,,37217,17,,,1,81,,37218,17,,,1,80,,37219,17,,,1,40,,37220,17,,,1,80,,37221,17,,,1,80,,37222,17,,,1,38,,37223,17,,,1,80,,37224,17,,,1,80,,37225,17,,,1,40,,37226,17,,,1,80,,37227,17,,,1,79,,37228,17,,,1,35,,37229,17,,,1,75,,37230,17,,,1
4500,'CPSaturday',641,,37231,17,,,1,75,,37232,17,,,1,35,,37233,17,,,1,75,,37234,17,,,1,80,,37235,17,,,1,40,,37236,17,,,1,80,,37237,17,,,1,80,,37238,17,,,1,40,,37239,17,,,1,83,,37240,17,,,1,83,,37241,17,,,1,42,,37242,17,,,1,82,,37243,17,,,1,83,,37244,17,,,1,82,,37245,17,,,1,42,,37246,17,,,1,82,,37247,17,,,1,82,,37248,17,,,1,41,,37249,17,,,1,80,,37250,17,,,1,78,,37251,17,,,1,37,,37252,17,,,1,78,,37253,17,,,1,35,,37254,17,,,1,84,,37255,17,,,1
4500,'CPSunday',815,,37256,17,,,1,35,,37257,17,,,1,75,,37258,17,,,1,75,,37259,17,,,1,36,,37260,17,,,1,75,,37261,17,,,1,40,,37262,17,,,1,80,,37263,17,,,1,81,,37264,17,,,1,40,,37265,17,,,1,81,,37266,17,,,1,80,,37267,17,,,1,40,,37268,17,,,1,80,,37269,17,,,1,80,,37270,17,,,1,38,,37271,17,,,1,80,,37272,17,,,1,80,,37273,17,,,1,40,,37274,17,,,1,80,,37275,17,,,1,79,,37276,17,,,1,35,,37277,17,,,1,75,,37278,17,,,1
4500,'CPWeekday',501,,37280,17,,,1,40,,37281,17,,,1,70,,37283,17,,,1,39,,37285,17,,,1,84,,37287,17,,,1,80,,37289,17,,,1,34,,37291,17,,,1,82,,37293,17,,,1,18,,37294,17,,,1,64,,37295,17,,,1,32,,37296,17,,,1,72,,37297,17,,,1,32,,37298,17,,,1,72,,37299,17,,,1,32,,37300,17,,,1,70,,37301,17,,,1,30,,37302,17,,,1,89,,37304,17,,,1,75,,37306,17,,,1,40,,37308,17,,,1,78,,37310,17,,,1,25,,37279,17,,,1,51,,37312,17,,,1,36,,37314,17,,,1,74,,37316,17,,,1,82,,37318,17,,,1,22,,37319,17,,,1,21,,37320,17,,,1,62,,37321,17,,,1,22,,37322,17,,,1,23,,37323,17,,,1,68,,37324,17,,,1,28,,37325,17,,,1,66,,37326,17,,,1,28,,37327,17,,,1,68,,37328,17,,,1,30,,37329,17,,,1,70,,37330,17,,,1
4501,'CPHoliday1',816,,37331,30,,,1,35,,37332,30,,,1,76,,37333,30,,,1,76,,37334,30,,,1,35,,37335,30,,,1,77,,37336,30,,,1,40,,37337,30,,,1,80,,37338,30,,,1,80,,37339,30,,,1,41,,37340,30,,,1,80,,37341,30,,,1,80,,37342,30,,,1,40,,37343,30,,,1,80,,37344,30,,,1,80,,37345,30,,,1,38,,37346,30,,,1,79,,37347,30,,,1,80,,37348,30,,,1,40,,37349,30,,,1,79,,37350,30,,,1,79,,37351,30,,,1,39,,37352,30,,,1
4501,'CPSaturday',607,,37353,30,,,1,36,,37354,30,,,1,77,,37355,30,,,1,35,,37356,30,,,1,79,,37357,30,,,1,74,,37358,30,,,1,41,,37359,30,,,1,81,,37360,30,,,1,80,,37361,30,,,1,42,,37362,30,,,1,83,,37363,30,,,1,82,,37364,30,,,1,83,,37365,30,,,1,41,,37366,30,,,1,82,,37367,30,,,1,81,,37368,30,,,1,42,,37369,30,,,1,79,,37370,30,,,1,82,,37371,30,,,1,42,,37372,30,,,1,79,,37373,30,,,1,79,,37374,30,,,1,40,,37375,30,,,1,75,,37376,30,,,1,34,,37377,30,,,1
4501,'CPSunday',816,,37378,30,,,1,35,,37379,30,,,1,76,,37380,30,,,1,76,,37381,30,,,1,35,,37382,30,,,1,77,,37383,30,,,1,40,,37384,30,,,1,80,,37385,30,,,1,80,,37386,30,,,1,41,,37387,30,,,1,80,,37388,30,,,1,80,,37389,30,,,1,40,,37390,30,,,1,80,,37391,30,,,1,80,,37392,30,,,1,38,,37393,30,,,1,79,,37394,30,,,1,80,,37395,30,,,1,40,,37396,30,,,1,79,,37397,30,,,1,79,,37398,30,,,1,39,,37399,30,,,1
4501,'CPWeekday',502,,37400,30,,,1,33,,37401,30,,,1,73,,37402,30,,,1,42,,37404,30,,,1,81,,37406,30,,,1,77,,37408,30,,,1,42,,37410,30,,,1,76,,37412,30,,,1,83,,37414,30,,,1,98,,37416,30,,,1,31,,37417,30,,,1,73,,37418,30,,,1,33,,37419,30,,,1,72,,37420,30,,,1,31,,37421,30,,,1,60,,37422,30,,,1,23,,37423,30,,,1,20,,37424,30,,,1,61,,37425,30,,,1,34,,37427,30,,,1,80,,37429,30,,,1,76,,37431,30,,,1,35,,37433,30,,,1,76,,37435,30,,,1,34,,37437,30,,,1,76,,37439,30,,,1,31,,37441,30,,,1,56,,37442,30,,,1,19,,37443,30,,,1,19,,37444,30,,,1,62,,37445,30,,,1,28,,37446,30,,,1,69,,37447,30,,,1,30,,37448,30,,,1,70,,37449,30,,,1,30,,37450,30,,,1
7100,'CPWeekday',1622,,39674,4,,,1,20,,39675,4,,,1,60,,39678,4,,,1,20,,39676,4,,,1,30,,39677,4,,,1
7101,'CPWeekday',800,,39679,21,,,1,26,,39681,21,,,1,24,,39680,21,,,1
