1301,'CPHoliday1',752,,17824,,,1,78,,17825,,,1,77,,17826,,,1,36,,17827,,,1,80,,17828,,,1,82,,17829,,,1,39,,17830,,,1,80,,17831,,,1,81,,17832,,,1,41,,17833,,,1,81,,17834,,,1,82,,17835,,,1,42,,17836,,,1,82,,17837,,,1,80,,17838,,,1,41,,17839,,,1,82,,17840,,,1,81,,17841,,,1,40,,17842,,,1,78,,17843,,,1,78,,17844,,,1,40,,17845,,,1,74,,17846,,,1,75,,17847,,,1,48,,17848,,,1,88,,17849,,,1,87,,17850,,,1
1301,'CPSaturday',601,,17851,,,1,36,,17852,,,1,77,,17853,,,1,40,,17854,,,1,76,,17855,,,1,80,,17856,,,1,39,,17857,,,1,79,,17858,,,1,80,,17859,,,1,33,,17860,,,1,74,,17861,,,1,32,,17862,,,1,72,,17863,,,1,34,,17864,,,1,74,,17865,,,1,74,,17866,,,1,34,,17867,,,1,72,,17868,,,1,34,,17869,,,1,74,,17870,,,1,34,,17871,,,1,71,,17872,,,1,30,,17873,,,1,71,,17874,,,1,31,,17875,,,1,70,,17876,,,1,30,,17877,,,1,70,,17878,,,1,30,,17879,,,1,68,,17880,,,1,26,,17881,,,1,67,,17882,,,1,46,,17883,,,1,87,,17884,,,1,88,,17885,,,1
1301,'CPSunday',752,,17886,,,1,78,,17887,,,1,77,,17888,,,1,36,,17889,,,1,80,,17890,,,1,82,,17891,,,1,39,,17892,,,1,80,,17893,,,1,81,,17894,,,1,41,,17895,,,1,81,,17896,,,1,82,,17897,,,1,42,,17898,,,1,82,,17899,,,1,80,,17900,,,1,41,,17901,,,1,82,,17902,,,1,81,,17903,,,1,40,,17904,,,1,78,,17905,,,1,78,,17906,,,1,40,,17907,,,1,74,,17908,,,1,75,,17909,,,1,48,,17910,,,1,88,,17911,,,1,87,,17912,,,1
1301,'CPWeekday',508,,17916,,,1,22,,17917,,,1,22,,17918,,,1,62,,17919,,,1,26,,17920,,,1,68,,17921,,,1,30,,17922,,,1,68,,17923,,,1,7,,17914,,,1,20,,17924,,,1,14,,17915,,,1,2,,17913,,,1,9,,17925,,,1,65,,17926,,,1,26,,17927,,,1,67,,17928,,,1,25,,17929,,,1,66,,17930,,,1,26,,17931,,,1,24,,17932,,,1,65,,17933,,,1,24,,17934,,,1,65,,17935,,,1,24,,17936,,,1,65,,17937,,,1,28,,17938,,,1,29,,17939,,,1,64,,17940,,,1,21,,17941,,,1,62,,17942,,,1,25,,17943,,,1,26,,17944,,,1,65,,17945,,,1,24,,17946,,,1,64,,17947,,,1,23,,17948,,,1,23,,17949,,,1,60,,17950,,,1,21,,17951,,,1,19,,17952,,,1,61,,17953,,,1,22,,17954,,,1,64,,17955,,,1,28,,17956,,,1,29,,17957,,,1,69,,17958,,,1,25,,17959,,,1,68,,17960,,,1,89,,17961,,,1,49,,17962,,,1,90,,17963,,,1,88,,17964,,,1
1401,'CPWeekday',502,,18017,0,17 18 19 20 14 15 16,1,37,,18018,0,17 18 19 20 14 15 16,1,77,,18016,0,17 18 19 20 14 15 16,1,24,,18013,0,17 18 19 20 14 15 16,1,83,,18014,0,17 18 19 20 14 15 16,1,89,,18012,0,17 18 19 20 14 15 16,1,14,,17992,0,17 18 19 20 14 15 16,1,20,,18015,0,21 18 19 20 14 15 16,1,96,,18011,0,21 18 19 20 14 15 16,1,99,,18010,0,21 18 19 20 14 15 16,1,96,,18009,0,21 18 19 20 14 15 16,1,96,,18008,0,21 18 19 20 14 15 16,1,96,,18007,0,21 18 19 20 14 15 16,1,98,,18006,0,21 18 19 20 14 15 16,1,28,,17993,0,21 18 19 20 14 15 16,1,55,,18005,0,17 18 19 20 14 15 16,1,35,,18004,0,17 18 19 20 14 15 16,1,84,,18003,0,17 18 19 20 14 15 16,1,80,,18002,0,17 18 19 20 14 15 16,1,42,,18000,0,17 18 19 20 14 15 16,1,78,,18001,0,17 18 19 20 14 15 16,1,80,,17999,0,21 18 19 20 14 15 16,1,93,,17998,0,21 18 19 20 14 15 16,1,53,,17997,0,21 18 19 20 14 15 16,1,93,,17996,0,21 18 19 20 14 15 16,1,92,,17995,0,21 18 19 20 14 15 16,1,93,,17994,0,21 18 19 20 14 15 16,1
2901,'CPHoliday1',729,,20523,,,1,89,,20524,,,1,90,,20525,,,1,50,,20526,,,1,91,,20527,,,1,91,,20528,,,1,90,,20529,,,1,89,,20530,,,1,91,,20531,,,1,90,,20532,,,1,50,,20533,,,1,90,,20534,,,1,90,,20535,,,1,90,,20536,,,1,89,,20537,,,1,47,,20538,,,1,90,,20539,,,1,90,,20540,,,1,90,,20541,,,1,89,,20542,,,1,90,,20543,,,1,50,,20544,,,1,85,,20545,,,1
2901,'CPSaturday',531,,20546,,,1,72,,20547,,,1,32,,20548,,,1,74,,20549,,,1,33,,20550,,,1,74,,20551,,,1,34,,20552,,,1,75,,20553,,,1,75,,20554,,,1,35,,20555,,,1,74,,20556,,,1,34,,20557,,,1,74,,20558,,,1,34,,20559,,,1,74,,20560,,,1,34,,20561,,,1,76,,20562,,,1,76,,20563,,,1,38,,20564,,,1,76,,20565,,,1,76,,20566,,,1,36,,20567,,,1,76,,20568,,,1,35,,20569,,,1,76,,20570,,,1,34,,20571,,,1,78,,20572,,,1,79,,20573,,,1,89,,20574,,,1,50,,20575,,,1,89,,20576,,,1,89,,20577,,,1,90,,20578,,,1,89,,20579,,,1
2901,'CPSunday',729,,20580,,,1,89,,20581,,,1,90,,20582,,,1,50,,20583,,,1,91,,20584,,,1,91,,20585,,,1,90,,20586,,,1,89,,20587,,,1,91,,20588,,,1,90,,20589,,,1,50,,20590,,,1,90,,20591,,,1,90,,20592,,,1,90,,20593,,,1,89,,20594,,,1,47,,20595,,,1,90,,20596,,,1,90,,20597,,,1,90,,20598,,,1,89,,20599,,,1,90,,20600,,,1,50,,20601,,,1,85,,20602,,,1
2901,'CPWeekday',453,,20604,,,1,72,,20605,,,1,34,,20606,,,1,79,,20607,,,1,77,,20608,,,1,33,,20603,,,1,6,,20609,,,1,76,,20610,,,1,78,,20611,,,1,36,,20612,,,1,78,,20613,,,1,78,,20614,,,1,38,,20615,,,1,79,,20616,,,1,37,,20617,,,1,78,,20618,,,1,79,,20619,,,1,39,,20620,,,1,79,,20621,,,1,78,,20622,,,1,40,,20623,,,1,80,,20624,,,1,80,,20625,,,1,39,,20626,,,1,77,,20627,,,1,78,,20628,,,1,46,,20629,,,1,89,,20630,,,1,90,,20631,,,1,89,,20632,,,1,91,,20633,,,1,50,,20634,,,1,91,,20635,,,1
4501,'CPWeekday',641,,23205,0,11 6 12 13 14 15 16,1,82,,23207,0,11 6 12 13 14 15 16,1,78,,23209,0,11 6 12 13 14 15 16,1,41,,23211,0,11 6 12 13 14 15 16,1,79,,23213,0,11 6 12 13 14 15 16,1,38,,23215,0,11 6 12 13 14 15 16,1,90,,23217,0,11 6 12 13 14 15 16,1,482,,23227,0,11 6 12 13 14 15 16,1,86,,23229,0,11 6 12 13 14 15 16,1,37,,23231,0,11 6 12 13 14 15 16,1,76,,23233,0,11 6 12 13 14 15 16,1,74,,23235,0,11 6 12 13 14 15 16,1,34,,23237,0,11 6 12 13 14 15 16,1,78,,23239,0,11 6 12 13 14 15 16,1,29,,23241,0,11 6 12 13 14 15 16,1
11001,'CPHoliday1',811,,27203,,,1,31,,27208,,,1,72,,27204,,,1,32,,27197,,,1,73,,27211,,,1,34,,27207,,,1,72,,27184,,,1,24,,27194,,,1,64,,27214,,,1,26,,27201,,,1,66,,27195,,,1,26,,27188,,,1,26,,27209,,,1,66,,27202,,,1,26,,27187,,,1,66,,27185,,,1,26,,27213,,,1,66,,27200,,,1,26,,27193,,,1,26,,27192,,,1,65,,27216,,,1,24,,27206,,,1,66,,27189,,,1,25,,27191,,,1,64,,27212,,,1,26,,27199,,,1,74,,27196,,,1,34,,27215,,,1,72,,27198,,,1,32,,27190,,,1,70,,27210,,,1,30,,27205,,,1,70,,27186,,,1
11001,'CPSaturday',811,,27240,,,1,31,,27249,,,1,72,,27239,,,1,32,,27238,,,1,73,,27248,,,1,34,,27237,,,1,72,,27231,,,1,24,,27228,,,1,64,,27246,,,1,26,,27227,,,1,66,,27230,,,1,26,,27226,,,1,26,,27242,,,1,66,,27225,,,1,26,,27229,,,1,66,,27224,,,1,26,,27247,,,1,66,,27219,,,1,26,,27233,,,1,26,,27218,,,1,65,,27241,,,1,24,,27220,,,1,66,,27234,,,1,25,,27217,,,1,64,,27243,,,1,26,,27221,,,1,74,,27235,,,1,34,,27244,,,1,72,,27223,,,1,32,,27236,,,1,70,,27245,,,1,30,,27222,,,1,70,,27232,,,1
11001,'CPSunday',811,,27269,,,1,31,,27274,,,1,72,,27270,,,1,32,,27263,,,1,73,,27277,,,1,34,,27273,,,1,72,,27250,,,1,24,,27260,,,1,64,,27280,,,1,26,,27267,,,1,66,,27261,,,1,26,,27254,,,1,26,,27275,,,1,66,,27268,,,1,26,,27253,,,1,66,,27251,,,1,26,,27279,,,1,66,,27266,,,1,26,,27259,,,1,26,,27258,,,1,65,,27282,,,1,24,,27272,,,1,66,,27255,,,1,25,,27257,,,1,64,,27278,,,1,26,,27265,,,1,74,,27262,,,1,34,,27281,,,1,72,,27264,,,1,32,,27256,,,1,70,,27276,,,1,30,,27271,,,1,70,,27252,,,1
11001,'CPWeekday',437,,27368,,,1,17,,27370,,,1,60,,27369,,,1,19,,27363,,,1,18,,27364,,,1,58,,27366,,,1,20,,27365,,,1,19,,27367,,,1,60,,27362,,,1,21,,27356,,,1,21,,27361,,,1,62,,27359,,,1,21,,27360,,,1,25,,27346,,,1,60,,27347,,,1,20,,27355,,,1,63,,27354,,,1,21,,27353,,,1,18,,27345,,,1,61,,27342,,,1,21,,27341,,,1,22,,27339,,,1,61,,27337,,,1,22,,27334,,,1,21,,27331,,,1,61,,27330,,,1,21,,27329,,,1,21,,27327,,,1,62,,27321,,,1,23,,27323,,,1,22,,27322,,,1,62,,27318,,,1,21,,27315,,,1,63,,27314,,,1,23,,27313,,,1,22,,27311,,,1,62,,27309,,,1,20,,27307,,,1,22,,27305,,,1,63,,27303,,,1,23,,27300,,,1,63,,27299,,,1,19,,27292,,,1,21,,27296,,,1,64,,27291,,,1,17,,27301,,,1,21,,27285,,,1,66,,27295,,,1,28,,27284,,,1,70,,27287,,,1,29,,27294,,,1,70,,27283,,,1
