3800,'CPHoliday1',819,,35935,48,,,1,93,,35946,48,,,1,93,,35936,48,,,1,50,,35937,48,,,1,97,,35942,48,,,1,96,,35939,48,,,1,96,,35938,48,,,1,95,,35945,48,,,1,97,,35940,48,,,1,95,,35944,48,,,1,95,,35941,48,,,1,94,,35943,48,,,1,93,,35947,48,,,1,93,,35949,48,,,1,50,,35948,48,,,1
3800,'CPSaturday',707,,35964,48,,,1,36,,35965,48,,,1,70,,35966,48,,,1,31,,35967,48,,,1,71,,35968,48,,,1,31,,35969,48,,,1,73,,35970,48,,,1,33,,35971,48,,,1,72,,35972,48,,,1,34,,35973,48,,,1,74,,35974,48,,,1,74,,35975,48,,,1,35,,35976,48,,,1,74,,35977,48,,,1,37,,35978,48,,,1,75,,35979,48,,,1,75,,35980,48,,,1,36,,35981,48,,,1,74,,35950,48,,,1,33,,35951,48,,,1,74,,35952,48,,,1,33,,35953,48,,,1,72,,35954,48,,,1,31,,35955,48,,,1,72,,35956,48,,,1,32,,35957,48,,,1,72,,35958,48,,,1,70,,35959,48,,,1,30,,35960,48,,,1,69,,35961,48,,,1,27,,35962,48,,,1,24,,35963,48,,,1
3800,'CPSunday',819,,35982,48,,,1,93,,35993,48,,,1,93,,35983,48,,,1,50,,35984,48,,,1,97,,35989,48,,,1,96,,35986,48,,,1,96,,35985,48,,,1,95,,35992,48,,,1,97,,35987,48,,,1,95,,35991,48,,,1,95,,35988,48,,,1,94,,35990,48,,,1,93,,35994,48,,,1,93,,35996,48,,,1,50,,35995,48,,,1
3800,'CPWeekday',502,,36032,48,,,1,30,,36021,48,,,1,23,,36020,48,,,1,67,,36018,48,,,1,27,,36017,48,,,1,67,,36019,48,,,1,33,,36029,48,,,1,72,,36023,48,,,1,36,,36012,48,,,1,75,,36010,48,,,1,78,,36009,48,,,1,39,,36033,48,,,1,80,,36024,48,,,1,78,,36011,48,,,1,37,,36006,48,,,1,76,,36005,48,,,1,35,,36030,48,,,1,77,,36025,48,,,1,16,,36004,48,,,1,75,,36015,48,,,1,32,,36007,48,,,1,70,,36002,48,,,1,29,,36003,48,,,1,69,,36034,48,,,1,28,,36026,48,,,1,70,,36001,48,,,1,28,,36016,48,,,1,71,,36008,48,,,1,32,,35998,48,,,1,74,,36031,48,,,1,33,,36022,48,,,1,66,,35997,48,,,1,26,,36013,48,,,1,87,,35999,48,,,1,85,,36027,48,,,1,83,,36014,48,,,1,41,,36000,48,,,1
4300,'CPWeekday',532,,36936,50,,,1,81,,36943,50,,,1,41,,36939,50,,,1,80,,36941,50,,,1,80,,36937,50,,,1,40,,36944,50,,,1,79,,36940,50,,,1,76,,36942,50,,,1,40,,36938,50,,,1
4400,'CPHoliday1',748,,36977,37,,,1,84,,36978,37,,,1,85,,36976,37,,,1,85,,36974,37,,,1,30,,36973,37,,,1,70,,36975,37,,,1,30,,36971,37,,,1,71,,36970,37,,,1,29,,36972,37,,,1,71,,36968,37,,,1,31,,36969,37,,,1,71,,36966,37,,,1,31,,36967,37,,,1,71,,36965,37,,,1,31,,36964,37,,,1,71,,36963,37,,,1,31,,36962,37,,,1,71,,36961,37,,,1,31,,36960,37,,,1,85,,36956,37,,,1,86,,36957,37,,,1,40,,36955,37,,,1,85,,36958,37,,,1,83,,36954,37,,,1,80,,36959,37,,,1
4400,'CPSaturday',753,,37001,37,,,1,85,,37002,37,,,1,88,,37000,37,,,1,85,,36998,37,,,1,45,,36999,37,,,1,85,,36997,37,,,1,85,,36996,37,,,1,85,,36993,37,,,1,30,,36995,37,,,1,71,,36994,37,,,1,32,,36992,37,,,1,73,,36991,37,,,1,32,,36990,37,,,1,72,,36989,37,,,1,32,,36988,37,,,1,71,,36986,37,,,1,32,,36985,37,,,1,71,,36984,37,,,1,32,,36987,37,,,1,72,,36981,37,,,1,82,,36980,37,,,1,42,,36982,37,,,1,84,,36979,37,,,1,82,,36983,37,,,1
4400,'CPSunday',748,,37026,37,,,1,84,,37027,37,,,1,85,,37025,37,,,1,85,,37023,37,,,1,30,,37022,37,,,1,70,,37024,37,,,1,30,,37020,37,,,1,71,,37019,37,,,1,29,,37021,37,,,1,71,,37017,37,,,1,31,,37018,37,,,1,71,,37015,37,,,1,31,,37016,37,,,1,71,,37014,37,,,1,31,,37013,37,,,1,71,,37012,37,,,1,31,,37011,37,,,1,71,,37010,37,,,1,31,,37009,37,,,1,85,,37005,37,,,1,86,,37006,37,,,1,40,,37004,37,,,1,85,,37007,37,,,1,83,,37003,37,,,1,80,,37008,37,,,1
4400,'CPWeekday',558,,37028,37,,,1,65,,37029,37,,,1,25,,37030,37,,,1,68,,37031,37,,,1,26,,37032,37,,,1,66,,37033,37,,,1,28,,37034,37,,,1,68,,37035,37,,,1,26,,37036,37,,,1,26,,37037,37,,,1,66,,37038,37,,,1,26,,37039,37,,,1,66,,37040,37,,,1,25,,37041,37,,,1,65,,37042,37,,,1,25,,37043,37,,,1,25,,37044,37,,,1,65,,37045,37,,,1,25,,37046,37,,,1,65,,37047,37,,,1,21,,37048,37,,,1,16,,37049,37,,,1,56,,37050,37,,,1,16,,37051,37,,,1,16,,37052,37,,,1,16,,37053,37,,,1,56,,37054,37,,,1,16,,37055,37,,,1,16,,37056,37,,,1,16,,37057,37,,,1,56,,37058,37,,,1,16,,37059,37,,,1,16,,37060,37,,,1,16,,37061,37,,,1,58,,37062,37,,,1,18,,37063,37,,,1,14,,37064,37,,,1,56,,37065,37,,,1,16,,37066,37,,,1,16,,37067,37,,,1,15,,37068,37,,,1,56,,37069,37,,,1,18,,37070,37,,,1,22,,37071,37,,,1,65,,37072,37,,,1,38,,37073,37,,,1,85,,37074,37,,,1,88,,37075,37,,,1,88,,37076,37,,,1,48,,37077,37,,,1,89,,37078,37,,,1
10801,'CPWeekday',1519,,40929,5,,,1,31,,40930,5,,,1,60,,40931,5,,,1,20,,40932,5,,,1,9,,40928,5,,,1,13,,40933,5,,,1,62,,40934,5,,,1,23,,40935,5,,,1,65,,40936,5,,,1,28,,40937,5,,,1,70,,40938,5,,,1,30,,40939,5,,,1,70,,40940,5,,,1
