600,'CPHoliday1',817,,29991,46,,,1,42,,29992,46,,,1,81,,29993,46,,,1,85,,29994,46,,,1,82,,29995,46,,,1,45,,29996,46,,,1,86,,29997,46,,,1,86,,29998,46,,,1,89,,29999,46,,,1,88,,30000,46,,,1,47,,30001,46,,,1,89,,30002,46,,,1,88,,30003,46,,,1,87,,30004,46,,,1,44,,30005,46,,,1,81,,30006,46,,,1,81,,30007,46,,,1,41,,30008,46,,,1,79,,30009,46,,,1
600,'CPSaturday',545,,30010,46,,,1,79,,30011,46,,,1,78,,30012,46,,,1,39,,30013,46,,,1,82,,30014,46,,,1,81,,30015,46,,,1,42,,30016,46,,,1,83,,30017,46,,,1,87,,30018,46,,,1,84,,30019,46,,,1,45,,30020,46,,,1,87,,30021,46,,,1,86,,30022,46,,,1,84,,30023,46,,,1,44,,30024,46,,,1,85,,30025,46,,,1,85,,30026,46,,,1,84,,30027,46,,,1,43,,30028,46,,,1,84,,30029,46,,,1,84,,30030,46,,,1,42,,30031,46,,,1,84,,30032,46,,,1,82,,30033,46,,,1,40,,30034,46,,,1,80,,30035,46,,,1,80,,30036,46,,,1
600,'CPSunday',817,,30037,46,,,1,42,,30038,46,,,1,81,,30039,46,,,1,85,,30040,46,,,1,82,,30041,46,,,1,45,,30042,46,,,1,86,,30043,46,,,1,86,,30044,46,,,1,89,,30045,46,,,1,88,,30046,46,,,1,47,,30047,46,,,1,89,,30048,46,,,1,88,,30049,46,,,1,87,,30050,46,,,1,44,,30051,46,,,1,81,,30052,46,,,1,81,,30053,46,,,1,41,,30054,46,,,1,79,,30055,46,,,1
600,'CPWeekday',531,,30101,46,,,1,27,,30092,46,,,1,72,,30090,46,,,1,28,,30095,46,,,1,65,,30089,46,,,1,36,,30088,46,,,1,70,,30093,46,,,1,73,,30087,46,,,1,29,,30086,46,,,1,69,,30094,46,,,1,30,,30075,46,,,1,70,,30073,46,,,1,30,,30097,46,,,1,70,,30077,46,,,1,31,,30072,46,,,1,70,,30096,46,,,1,31,,30076,46,,,1,70,,30071,46,,,1,31,,30091,46,,,1,26,,30070,46,,,1,65,,30078,46,,,1,24,,30064,46,,,1,64,,30098,46,,,1,25,,30063,46,,,1,66,,30074,46,,,1,26,,30065,46,,,1,26,,30099,46,,,1,65,,30062,46,,,1,25,,30079,46,,,1,62,,30067,46,,,1,22,,30100,46,,,1,21,,30061,46,,,1,66,,30081,46,,,1,27,,30068,46,,,1,67,,30060,46,,,1,27,,30083,46,,,1,67,,30066,46,,,1,28,,30059,46,,,1,68,,30080,46,,,1,26,,30069,46,,,1,26,,30058,46,,,1,75,,30084,46,,,1,75,,30057,46,,,1,32,,30082,46,,,1,75,,30056,46,,,1,36,,30085,46,,,1
800,'CPSaturday',710,,30649,44,,,1,42,,30639,44,,,1,85,,30650,44,,,1,85,,30645,44,,,1,86,,30651,44,,,1,48,,30640,44,,,1,90,,30652,44,,,1,90,,30641,44,,,1,91,,30653,44,,,1,94,,30646,44,,,1,93,,30654,44,,,1,93,,30647,44,,,1,93,,30658,44,,,1,52,,30638,44,,,1,93,,30656,44,,,1,91,,30648,44,,,1,88,,30659,44,,,1,86,,30642,44,,,1,46,,30660,44,,,1,86,,30643,44,,,1,84,,30655,44,,,1,81,,30644,44,,,1,43,,30657,44,,,1
800,'CPWeekday',529,,30689,44,,,1,72,,30691,44,,,1,31,,30688,44,,,1,73,,30690,44,,,1,35,,30685,44,,,1,78,,30686,44,,,1,39,,30687,44,,,1,76,,30682,44,,,1,75,,30683,44,,,1,36,,30684,44,,,1,76,,30681,44,,,1,35,,30680,44,,,1,75,,30679,44,,,1,76,,30678,44,,,1,37,,30677,44,,,1,80,,30676,44,,,1,85,,30675,44,,,1,43,,30674,44,,,1,76,,30673,44,,,1,80,,30672,44,,,1,40,,30666,44,,,1,78,,30671,44,,,1,32,,30665,44,,,1,74,,30661,44,,,1,72,,30670,44,,,1,41,,30663,44,,,1,82,,30668,44,,,1,82,,30664,44,,,1,42,,30669,44,,,1,80,,30662,44,,,1,82,,30667,44,,,1
900,'CPHoliday1',646,,30771,18,,,1,82,,30770,43,,,1,88,,30769,43,,,1,88,,30768,43,,,1,52,,30767,43,,,1,91,,30764,43,,,1,77,,30760,43,,,1,32,,30759,43,,,1,75,,30765,43,,,1,80,,30755,43,,,1,34,,30758,43,,,1,77,,30763,43,,,1,78,,30756,43,,,1,38,,30751,43,,,1,78,,30761,43,,,1,38,,30749,43,,,1,77,,30753,43,,,1,76,,30766,43,,,1,34,,30748,43,,,1,76,,30752,43,,,1,36,,30762,43,,,1,76,,30747,43,,,1,89,,30757,43,,,1,89,,30746,43,,,1,45,,30754,43,,,1,88,,30745,43,,,1,86,,30750,43,,,1
900,'CPSaturday',559,,30806,18,,,1,65,,30805,18,,,1,32,,30804,18,,,1,64,,30803,43,,,1,33,,30801,43,,,1,74,,30802,43,,,1,32,,30800,43,,,1,77,,30789,43,,,1,73,,30790,43,,,1,35,,30792,43,,,1,78,,30780,43,,,1,36,,30779,43,,,1,75,,30794,43,,,1,78,,30786,43,,,1,40,,30778,43,,,1,78,,30797,43,,,1,79,,30783,43,,,1,39,,30777,43,,,1,77,,30796,43,,,1,79,,30785,43,,,1,38,,30776,43,,,1,75,,30793,43,,,1,39,,30782,43,,,1,72,,30775,43,,,1,76,,30791,43,,,1,37,,30787,43,,,1,73,,30773,43,,,1,33,,30795,43,,,1,73,,30781,43,,,1,34,,30774,43,,,1,74,,30798,43,,,1,32,,30784,43,,,1,71,,30772,43,,,1,70,,30799,43,,,1,31,,30788,43,,,1
900,'CPSunday',646,,30833,18,,,1,82,,30832,43,,,1,88,,30831,43,,,1,88,,30830,43,,,1,52,,30829,43,,,1,91,,30826,43,,,1,77,,30822,43,,,1,32,,30821,43,,,1,75,,30827,43,,,1,80,,30817,43,,,1,34,,30820,43,,,1,77,,30825,43,,,1,78,,30818,43,,,1,38,,30813,43,,,1,78,,30823,43,,,1,38,,30811,43,,,1,77,,30815,43,,,1,76,,30828,43,,,1,34,,30810,43,,,1,76,,30814,43,,,1,36,,30824,43,,,1,76,,30809,43,,,1,89,,30819,43,,,1,89,,30808,43,,,1,45,,30816,43,,,1,88,,30807,43,,,1,86,,30812,43,,,1
900,'CPWeekday',449,,30876,44,,,1,65,,30880,44,,,1,21,,30878,44,,,1,21,,30881,44,,,1,61,,30882,44,,,1,21,,30877,44,,,1,21,,30879,44,,,1,66,,30870,44,,,1,29,,30872,44,,,1,60,,30875,44,,,1,27,,30869,44,,,1,60,,30871,44,,,1,27,,30873,44,,,1,23,,30874,44,,,1,64,,30867,44,,,1,21,,30864,44,,,1,67,,30865,44,,,1,28,,30866,44,,,1,70,,30868,44,,,1,30,,30860,44,,,1,70,,30861,44,,,1,30,,30862,44,,,1,70,,30863,44,,,1,24,,30883,37,,,1,7,,30858,44,,,1,71,,30859,44,,,1,31,,30857,44,,,1,67,,30856,44,,,1,23,,30855,44,,,1,22,,30854,44,,,1,70,,30853,44,,,1,30,,30852,44,,,1,69,,30851,44,,,1,19,,30850,44,,,1,24,,30849,44,,,1,62,,30848,44,,,1,29,,30843,44,,,1,67,,30842,44,,,1,25,,30841,44,,,1,65,,30844,44,,,1,27,,30840,44,,,1,67,,30838,44,,,1,25,,30835,44,,,1,27,,30845,44,,,1,65,,30839,44,,,1,25,,30837,44,,,1,66,,30834,44,,,1,30,,30846,44,,,1,86,,30836,44,,,1,85,,30847,44,,,1
2600,'CPHoliday1',639,,33833,12,,,1,65,,33834,12,,,1,26,,33836,21,,,1,25,,33837,21,,,1,67,,33838,21,,,1,26,,33839,21,,,1,67,,33840,21,,,1,28,,33841,21,,,1,69,,33842,21,,,1,28,,33843,21,,,1,68,,33844,21,,,1,29,,33845,21,,,1,67,,33846,21,,,1,21,,33847,21,,,1,20,,33848,21,,,1,63,,33849,21,,,1,24,,33850,21,,,1,24,,33851,21,,,1,65,,33852,21,,,1,22,,33853,21,,,1,62,,33854,21,,,1,22,,33855,21,,,1,22,,33856,21,,,1,64,,33857,21,,,1,25,,33858,21,,,1,63,,33859,21,,,1,23,,33860,21,,,1,24,,33861,21,,,1,62,,33862,21,,,1,22,,33863,21,,,1,22,,33864,21,,,1,61,,33865,21,,,1,21,,33866,21,,,1,66,,33867,21,,,1,28,,33868,21,,,1,26,,33869,21,,,1,68,,33870,21,,,1,27,,33871,21,,,1,65,,33872,21,,,1,26,,33873,21,,,1,65,,33874,21,,,1,26,,33875,21,,,1,26,,33876,21,,,1,64,,33877,21,,,1,24,,33878,21,,,1,64,,33879,21,,,1
2600,'CPSaturday',452,,33880,21,,,1,60,,33881,21,,,1,21,,33882,21,,,1,20,,33883,21,,,1,64,,33884,21,,,1,22,,33885,21,,,1,62,,33886,21,,,1,22,,33887,21,,,1,22,,33888,21,,,1,64,,33889,21,,,1,22,,33890,21,,,1,22,,33891,21,,,1,65,,33892,21,,,1,24,,33893,21,,,1,65,,33894,21,,,1,25,,33895,21,,,1,18,,33896,21,,,1,59,,33897,21,,,1,19,,33898,21,,,1,20,,33899,21,,,1,61,,33900,21,,,1,19,,33901,21,,,1,18,,33902,21,,,1,58,,33903,21,,,1,16,,33904,21,,,1,16,,33905,21,,,1,16,,33906,21,,,1,56,,33907,21,,,1,14,,33908,21,,,1,14,,33909,21,,,1,14,,33910,21,,,1,54,,33911,21,,,1,14,,33912,21,,,1,14,,33913,21,,,1,14,,33914,21,,,1,54,,33915,21,,,1,14,,33916,21,,,1,14,,33917,21,,,1,14,,33918,21,,,1,15,,33919,21,,,1,55,,33920,21,,,1,14,,33921,21,,,1,15,,33922,21,,,1,15,,33923,21,,,1,54,,33924,21,,,1,14,,33925,21,,,1,14,,33926,21,,,1,14,,33927,21,,,1,52,,33928,21,,,1,11,,33929,21,,,1,12,,33930,21,,,1,16,,33931,21,,,1,63,,33932,21,,,1,24,,33933,21,,,1,24,,33934,21,,,1,63,,33935,21,,,1,20,,33936,21,,,1,18,,33937,21,,,1,57,,33938,21,,,1,17,,33939,21,,,1,18,,33940,21,,,1,61,,33941,21,,,1,24,,33942,21,,,1,24,,33943,21,,,1,67,,33944,21,,,1,28,,33945,21,,,1,65,,33946,21,,,1,22,,33947,21,,,1,20,,33948,21,,,1,59,,33949,21,,,1,20,,33950,21,0,32 44 34 35 36 37,1
2600,'CPSunday',639,,33951,12,,,1,65,,33952,12,,,1,26,,33954,21,,,1,25,,33955,21,,,1,67,,33956,21,,,1,26,,33957,21,,,1,67,,33958,21,,,1,28,,33959,21,,,1,69,,33960,21,,,1,28,,33961,21,,,1,68,,33962,21,,,1,29,,33963,21,,,1,67,,33964,21,,,1,21,,33965,21,,,1,20,,33966,21,,,1,63,,33967,21,,,1,24,,33968,21,,,1,24,,33969,21,,,1,65,,33970,21,,,1,22,,33971,21,,,1,62,,33972,21,,,1,22,,33973,21,,,1,22,,33974,21,,,1,64,,33975,21,,,1,25,,33976,21,,,1,63,,33977,21,,,1,23,,33978,21,,,1,24,,33979,21,,,1,62,,33980,21,,,1,22,,33981,21,,,1,22,,33982,21,,,1,61,,33983,21,,,1,21,,33984,21,,,1,66,,33985,21,,,1,28,,33986,21,,,1,26,,33987,21,,,1,68,,33988,21,,,1,27,,33989,21,,,1,65,,33990,21,,,1,26,,33991,21,,,1,65,,33992,21,,,1,26,,33993,21,,,1,26,,33994,21,,,1,64,,33995,21,,,1,24,,33996,21,,,1,64,,33997,21,,,1
2800,'CPHoliday1',817,,34317,24,,,1,27,,34318,24,,,1,67,,34319,24,,,1,26,,34320,24,,,1,66,,34321,24,,,1,28,,34322,24,,,1,72,,34323,24,,,1,30,,34324,24,,,1,70,,34325,24,,,1,30,,34326,24,,,1,70,,34327,24,,,1,30,,34328,24,,,1,71,,34329,24,,,1,30,,34330,24,,,1,70,,34331,24,,,1,30,,34332,24,,,1,70,,34333,24,,,1,30,,34334,24,,,1,71,,34335,24,,,1,29,,34336,24,,,1,69,,34337,24,,,1,28,,34338,24,,,1,69,,34339,24,,,1,25,,34340,24,,,1,22,,34341,24,,,1
2800,'CPSaturday',749,,34358,24,,,1,63,,34357,24,,,1,26,,34364,24,,,1,68,,34351,24,,,1,28,,34371,24,,,1,71,,34350,24,,,1,30,,34370,24,,,1,70,,34344,24,,,1,30,,34363,24,,,1,70,,34346,24,,,1,31,,34365,24,,,1,70,,34345,24,,,1,31,,34369,24,,,1,70,,34352,24,,,1,30,,34366,24,,,1,70,,34348,24,,,1,28,,34361,24,,,1,70,,34349,24,,,1,30,,34372,24,,,1,70,,34347,24,,,1,30,,34367,24,,,1,69,,34342,24,,,1,29,,34359,24,,,1,70,,34353,24,,,1,30,,34360,24,,,1,70,,34354,24,,,1,30,,34368,24,,,1,70,,34355,24,,,1,29,,34362,24,,,1,72,,34343,24,,,1,32,,34373,24,,,1,74,,34356,24,,,1
2800,'CPSunday',817,,34374,24,,,1,27,,34375,24,,,1,67,,34376,24,,,1,26,,34377,24,,,1,66,,34378,24,,,1,28,,34379,24,,,1,72,,34380,24,,,1,30,,34381,24,,,1,70,,34382,24,,,1,30,,34383,24,,,1,70,,34384,24,,,1,30,,34385,24,,,1,71,,34386,24,,,1,30,,34387,24,,,1,70,,34388,24,,,1,30,,34389,24,,,1,70,,34390,24,,,1,30,,34391,24,,,1,71,,34392,24,,,1,29,,34393,24,,,1,69,,34394,24,,,1,28,,34395,24,,,1,69,,34396,24,,,1,25,,34397,24,,,1,22,,34398,24,,,1
2800,'CPWeekday',512,,34400,24,,,1,15,,34401,24,,,1,17,,34402,24,,,1,56,,34403,24,,,1,16,,34404,24,,,1,14,,34405,24,,,1,20,,34406,24,,,1,52,,34407,24,,,1,18,,34408,24,,,1,17,,34409,24,,,1,17,,34410,24,,,1,57,,34411,24,,,1,15,,34412,24,,,1,18,,34413,24,,,1,58,,34414,24,,,1,14,,34415,24,,,1,14,,34416,24,,,1,13,,34417,24,,,1,58,,34418,24,,,1,20,,34419,24,,,1,21,,34420,24,,,1,60,,34421,24,,,1,20,,34422,24,,,1,19,,34423,24,,,1,60,,34424,24,,,1,20,,34425,24,,,1,20,,34426,24,,,1,59,,34427,24,,,1,20,,34428,24,,,1,21,,34429,24,,,1,12,,34463,10,,,1,49,,34430,24,,,1,21,,34431,24,,,1,21,,34432,24,,,1,61,,34433,24,,,1,21,,34434,24,,,1,20,,34435,24,,,1,60,,34436,24,,,1,25,,34437,27,,,1,15,,34438,27,,,1,56,,34439,27,,,1,19,,34440,27,,,1,19,,34441,27,,,1,10,,34399,27,,,1,53,,34442,27,,,1,14,,34443,27,,,1,14,,34444,27,,,1,17,,34445,27,,,1,58,,34446,27,,,1,15,,34447,27,,,1,20,,34448,27,,,1,59,,34449,27,,,1,8,,34450,24,,,1,14,,34451,24,,,1,18,,34452,24,,,1,60,,34453,24,,,1,20,,34454,24,,,1,19,,34455,24,,,1,66,,34456,24,,,1,27,,34457,24,,,1,26,,34458,24,,,1,64,,34459,24,,,1,23,,34460,24,,,1,63,,34461,24,,,1,23,,34462,24,,,1
6101,'CPHoliday1',651,,38684,32,,,1,85,,38623,32,,,1,83,,38624,32,,,1,24,,38625,32,,,1,64,,38626,32,,,1,23,,38627,32,,,1,23,,38628,32,,,1,63,,38629,32,,,1,18,,38630,32,,,1,19,,38631,32,,,1,63,,38632,32,,,1,22,,38633,32,,,1,62,,38634,32,,,1,22,,38635,32,,,1,24,,38636,32,,,1,62,,38637,32,,,1,23,,38638,32,,,1,22,,38639,32,,,1,65,,38640,32,,,1,25,,38641,32,,,1,64,,38642,32,,,1,15,,38643,32,,,1,15,,38644,32,,,1,15,,38645,32,,,1,55,,38646,32,,,1,17,,38647,32,,,1,16,,38648,32,,,1,60,,38649,32,,,1,20,,38650,32,,,1,17,,38651,32,,,1,14,,38652,32,,,1,56,,38653,32,,,1,16,,38654,32,,,1,7,,38655,32,,,1,8,,38656,32,,,1,16,,38657,32,,,1,49,,38658,32,,,1,8,,38659,32,,,1,6,,38660,32,,,1,11,,38661,32,,,1,17,,38662,32,,,1,58,,38663,32,,,1,15,,38664,32,,,1,16,,38665,32,,,1,14,,38666,32,,,1,55,,38667,32,,,1,14,,38668,32,,,1,15,,38669,32,,,1,14,,38670,32,,,1,55,,38671,32,,,1,13,,38672,32,,,1,15,,38673,32,,,1,13,,38674,32,,,1,14,,38675,32,,,1,54,,38676,32,,,1,17,,38677,32,,,1,20,,38678,32,,,1,63,,38679,32,,,1,25,,38680,32,,,1,69,,38681,32,,,1,43,,38682,32,,,1,84,,38683,32,,,1
6101,'CPSaturday',608,,38752,32,,,1,30,,38746,32,,,1,72,,38747,32,,,1,21,,38748,32,,,1,20,,38751,32,,,1,60,,38741,32,,,1,18,,38735,32,,,1,21,,38734,32,,,1,62,,38733,32,,,1,20,,38754,32,,,1,22,,38743,32,,,1,59,,38731,32,,,1,18,,38732,32,,,1,20,,38727,32,,,1,59,,38722,32,,,1,18,,38753,32,,,1,18,,38742,32,,,1,60,,38721,32,,,1,21,,38720,32,,,1,22,,38730,32,,,1,60,,38719,32,,,1,20,,38756,32,,,1,23,,38744,32,,,1,54,,38718,32,,,1,14,,38717,32,,,1,17,,38712,32,,,1,18,,38723,32,,,1,58,,38711,32,,,1,18,,38716,32,,,1,16,,38755,32,,,1,56,,38745,32,,,1,17,,38708,32,,,1,17,,38710,32,,,1,17,,38709,32,,,1,57,,38729,32,,,1,15,,38702,32,,,1,13,,38713,32,,,1,15,,38749,32,,,1,53,,38701,32,,,1,13,,38736,32,,,1,14,,38700,32,,,1,12,,38699,32,,,1,13,,38704,32,,,1,54,,38726,32,,,1,13,,38696,32,,,1,13,,38715,32,,,1,13,,38750,32,,,1,53,,38697,32,,,1,13,,38738,32,,,1,14,,38692,32,,,1,11,,38698,32,,,1,11,,38705,32,,,1,52,,38724,32,,,1,12,,38691,32,,,1,17,,38714,32,,,1,16,,38690,32,,,1,56,,38737,32,,,1,16,,38693,32,,,1,13,,38703,32,,,1,14,,38725,32,,,1,56,,38688,32,,,1,18,,38689,32,,,1,17,,38739,32,,,1,15,,38694,32,,,1,54,,38707,32,,,1,14,,38728,32,,,1,15,,38687,32,,,1,15,,38685,32,,,1,54,,38740,32,,,1,13,,38695,32,,,1,13,,38706,32,,,1,66,,38686,32,,,1
6101,'CPSunday',651,,38818,32,,,1,85,,38757,32,,,1,83,,38758,32,,,1,24,,38759,32,,,1,64,,38760,32,,,1,23,,38761,32,,,1,23,,38762,32,,,1,63,,38763,32,,,1,18,,38764,32,,,1,19,,38765,32,,,1,63,,38766,32,,,1,22,,38767,32,,,1,62,,38768,32,,,1,22,,38769,32,,,1,24,,38770,32,,,1,62,,38771,32,,,1,23,,38772,32,,,1,22,,38773,32,,,1,65,,38774,32,,,1,25,,38775,32,,,1,64,,38776,32,,,1,15,,38777,32,,,1,15,,38778,32,,,1,15,,38779,32,,,1,55,,38780,32,,,1,17,,38781,32,,,1,16,,38782,32,,,1,60,,38783,32,,,1,20,,38784,32,,,1,17,,38785,32,,,1,14,,38786,32,,,1,56,,38787,32,,,1,16,,38788,32,,,1,7,,38789,32,,,1,8,,38790,32,,,1,16,,38791,32,,,1,49,,38792,32,,,1,8,,38793,32,,,1,6,,38794,32,,,1,11,,38795,32,,,1,17,,38796,32,,,1,58,,38797,32,,,1,15,,38798,32,,,1,16,,38799,32,,,1,14,,38800,32,,,1,55,,38801,32,,,1,14,,38802,32,,,1,15,,38803,32,,,1,14,,38804,32,,,1,55,,38805,32,,,1,13,,38806,32,,,1,15,,38807,32,,,1,13,,38808,32,,,1,14,,38809,32,,,1,54,,38810,32,,,1,17,,38811,32,,,1,20,,38812,32,,,1,63,,38813,32,,,1,25,,38814,32,,,1,69,,38815,32,,,1,43,,38816,32,,,1,84,,38817,32,,,1
6101,'CPWeekday',410,,38819,24,,,1,20,,38820,24,,,1,26,,38821,32,,,1,66,,38822,32,,,1,21,,38823,32,,,1,57,,38824,32,,,1,17,,38825,32,,,1,12,,38826,32,,,1,14,,38827,32,,,1,13,,38828,32,,,1,53,,38829,32,,,1,15,,38830,32,,,1,14,,38831,32,,,1,14,,38832,32,,,1,54,,38833,32,,,1,14,,38834,32,,,1,15,,38835,32,,,1,16,,38836,32,,,1,55,,38837,32,,,1,15,,38838,32,,,1,13,,38839,32,,,1,13,,38840,32,,,1,53,,38841,32,,,1,12,,38842,32,,,1,14,,38843,32,,,1,14,,38844,32,,,1,15,,38845,32,,,1,55,,38846,32,,,1,15,,38847,32,,,1,14,,38848,32,,,1,13,,38849,32,,,1,53,,38850,32,,,1,13,,38851,32,,,1,13,,38852,32,,,1,14,,38853,32,,,1,14,,38854,32,,,1,54,,38855,32,,,1,15,,38856,32,,,1,15,,38857,32,,,1,14,,38858,32,,,1,54,,38859,32,,,1,14,,38860,32,,,1,15,,38861,32,,,1,15,,38862,32,,,1,56,,38863,32,,,1,14,,38864,32,,,1,13,,38865,32,,,1,14,,38866,32,,,1,54,,38867,32,,,1,14,,38868,32,,,1,13,,38869,32,,,1,15,,38870,32,,,1,53,,38871,32,,,1,13,,38872,32,,,1,13,,38873,32,,,1,13,,38874,32,,,1,14,,38875,32,,,1,54,,38876,32,,,1,13,,38877,32,,,1,13,,38878,32,,,1,11,,38879,32,,,1,12,,38880,32,,,1,53,,38881,32,,,1,12,,38882,32,,,1,12,,38883,32,,,1,14,,38884,32,,,1,52,,38885,32,,,1,11,,38886,32,,,1,12,,38887,32,,,1,14,,38888,32,,,1,14,,38889,32,,,1,52,,38890,32,,,1,12,,38891,32,,,1,13,,38892,32,,,1,13,,38893,32,,,1,14,,38894,32,,,1,54,,38895,32,,,1,11,,38896,32,,,1,12,,38897,32,,,1,10,,38898,32,,,1,13,,38899,32,,,1,52,,38900,32,,,1,13,,38901,32,,,1,13,,38902,32,,,1,14,,38903,32,,,1,55,,38904,32,,,1,15,,38905,32,,,1,14,,38906,32,,,1,12,,38907,32,,,1,59,,38908,32,,,1,20,,38909,32,,,1,19,,38910,32,,,1,59,,38911,32,,,1,20,,38912,32,,,1,19,,38913,32,,,1,20,,38914,32,,,1
6601,'CPHoliday1',551,,39295,31,,,1,63,,39228,31,,,1,23,,39229,31,,,1,64,,39230,31,,,1,23,,39231,31,,,1,22,,39232,31,,,1,57,,39233,31,,,1,18,,39234,31,,,1,18,,39235,31,,,1,17,,39236,31,,,1,60,,39237,31,,,1,19,,39238,31,,,1,18,,39239,31,,,1,60,,39240,31,,,1,18,,39241,31,,,1,18,,39242,31,,,1,58,,39243,31,,,1,20,,39244,31,,,1,20,,39245,31,,,1,61,,39246,31,,,1,20,,39247,31,,,1,18,,39248,31,,,1,55,,39249,31,,,1,15,,39250,31,,,1,14,,39251,31,,,1,14,,39252,31,,,1,13,,39253,31,,,1,53,,39254,31,,,1,13,,39255,31,,,1,14,,39256,31,,,1,14,,39257,31,,,1,54,,39258,31,,,1,13,,39259,31,,,1,14,,39260,31,,,1,14,,39261,31,,,1,54,,39262,31,,,1,14,,39263,31,,,1,14,,39264,31,,,1,14,,39265,31,,,1,14,,39266,31,,,1,54,,39267,31,,,1,13,,39268,31,,,1,14,,39269,31,,,1,14,,39270,31,,,1,52,,39271,31,,,1,14,,39272,31,,,1,13,,39273,31,,,1,13,,39274,31,,,1,15,,39275,31,,,1,54,,39276,31,,,1,14,,39277,31,,,1,15,,39278,31,,,1,16,,39279,31,,,1,55,,39280,31,,,1,15,,39281,31,,,1,14,,39282,31,,,1,14,,39283,31,,,1,55,,39284,31,,,1,15,,39285,31,,,1,14,,39286,31,,,1,12,,39287,31,,,1,52,,39288,31,,,1,28,,39289,31,,,1,74,,39290,31,,,1,34,,39291,31,,,1,73,,39292,31,,,1,33,,39293,31,,,1,73,,39294,31,,,1
6601,'CPSaturday',540,,39296,31,,,1,63,,39312,31,,,1,23,,39323,31,,,1,24,,39297,31,,,1,66,,39313,31,,,1,26,,39324,31,,,1,66,,39298,31,,,1,18,,39367,31,,,1,16,,39311,31,,,1,16,,39326,31,,,1,56,,39369,31,,,1,17,,39299,31,,,1,15,,39368,31,,,1,55,,39316,31,,,1,16,,39325,31,,,1,15,,39370,31,,,1,12,,39371,31,,,1,12,,39300,31,,,1,52,,39361,31,,,1,13,,39315,31,,,1,15,,39335,31,,,1,14,,39364,31,,,1,53,,39366,31,,,1,14,,39301,31,,,1,14,,39362,31,,,1,14,,39314,31,,,1,14,,39336,31,,,1,54,,39363,31,,,1,14,,39365,31,,,1,14,,39302,31,,,1,14,,39360,31,,,1,54,,39319,31,,,1,15,,39327,31,,,1,14,,39355,31,,,1,15,,39358,31,,,1,56,,39303,31,,,1,15,,39356,31,,,1,15,,39320,31,,,1,15,,39330,31,,,1,55,,39357,31,,,1,15,,39359,31,,,1,15,,39304,31,,,1,14,,39354,31,,,1,54,,39318,31,,,1,15,,39328,31,,,1,15,,39353,31,,,1,15,,39352,31,,,1,55,,39305,31,,,1,15,,39351,31,,,1,15,,39317,31,,,1,15,,39329,31,,,1,54,,39349,31,,,1,14,,39350,31,,,1,13,,39306,31,,,1,14,,39346,31,,,1,54,,39321,31,,,1,13,,39331,31,,,1,13,,39343,31,,,1,14,,39342,31,,,1,13,,39307,31,,,1,52,,39345,31,,,1,13,,39322,31,,,1,13,,39333,31,,,1,13,,39341,31,,,1,13,,39340,31,,,1,57,,39308,31,,,1,17,,39344,31,,,1,16,,39334,31,,,1,58,,39339,31,,,1,18,,39309,31,,,1,17,,39347,31,,,1,17,,39332,31,,,1,55,,39338,31,,,1,16,,39310,31,,,1,16,,39348,31,,,1,55,,39337,31,,,1
6601,'CPSunday',551,,39439,31,,,1,63,,39372,31,,,1,23,,39373,31,,,1,64,,39374,31,,,1,23,,39375,31,,,1,22,,39376,31,,,1,57,,39377,31,,,1,18,,39378,31,,,1,18,,39379,31,,,1,17,,39380,31,,,1,60,,39381,31,,,1,19,,39382,31,,,1,18,,39383,31,,,1,60,,39384,31,,,1,18,,39385,31,,,1,18,,39386,31,,,1,58,,39387,31,,,1,20,,39388,31,,,1,20,,39389,31,,,1,61,,39390,31,,,1,20,,39391,31,,,1,18,,39392,31,,,1,55,,39393,31,,,1,15,,39394,31,,,1,14,,39395,31,,,1,14,,39396,31,,,1,13,,39397,31,,,1,53,,39398,31,,,1,13,,39399,31,,,1,14,,39400,31,,,1,14,,39401,31,,,1,54,,39402,31,,,1,13,,39403,31,,,1,14,,39404,31,,,1,14,,39405,31,,,1,54,,39406,31,,,1,14,,39407,31,,,1,14,,39408,31,,,1,14,,39409,31,,,1,14,,39410,31,,,1,54,,39411,31,,,1,13,,39412,31,,,1,14,,39413,31,,,1,14,,39414,31,,,1,52,,39415,31,,,1,14,,39416,31,,,1,13,,39417,31,,,1,13,,39418,31,,,1,15,,39419,31,,,1,54,,39420,31,,,1,14,,39421,31,,,1,15,,39422,31,,,1,16,,39423,31,,,1,55,,39424,31,,,1,15,,39425,31,,,1,14,,39426,31,,,1,14,,39427,31,,,1,55,,39428,31,,,1,15,,39429,31,,,1,14,,39430,31,,,1,12,,39431,31,,,1,52,,39432,31,,,1,28,,39433,31,,,1,74,,39434,31,,,1,34,,39435,31,,,1,73,,39436,31,,,1,33,,39437,31,,,1,73,,39438,31,,,1
6601,'CPWeekday',458,,39440,31,,,1,55,,39441,31,,,1,13,,39442,31,,,1,12,,39443,31,,,1,12,,39444,31,,,1,51,,39445,31,,,1,11,,39446,31,,,1,13,,39447,31,,,1,11,,39448,31,,,1,12,,39449,31,,,1,52,,39450,31,,,1,13,,39451,31,,,1,12,,39452,31,,,1,12,,39453,31,,,1,13,,39454,31,,,1,53,,39455,31,,,1,12,,39456,31,,,1,11,,39457,31,,,1,10,,39458,31,,,1,10,,39459,31,,,1,11,,39460,31,,,1,51,,39461,31,,,1,11,,39462,31,,,1,12,,39463,31,,,1,13,,39464,31,,,1,13,,39465,31,,,1,53,,39466,31,,,1,12,,39467,31,,,1,11,,39468,31,,,1,12,,39469,31,,,1,12,,39470,31,,,1,52,,39471,31,,,1,12,,39472,31,,,1,12,,39473,31,,,1,12,,39474,31,,,1,12,,39475,31,,,1,52,,39476,31,,,1,12,,39477,31,,,1,12,,39478,31,,,1,12,,39479,31,,,1,12,,39480,31,,,1,52,,39481,31,,,1,12,,39482,31,,,1,12,,39483,31,,,1,12,,39484,31,,,1,12,,39485,31,,,1,52,,39486,31,,,1,13,,39487,31,,,1,11,,39488,31,,,1,11,,39489,31,,,1,10,,39490,31,,,1,51,,39491,31,,,1,11,,39492,31,,,1,10,,39493,31,,,1,10,,39494,31,,,1,10,,39495,31,,,1,11,,39496,31,,,1,50,,39497,31,,,1,11,,39498,31,,,1,11,,39499,31,,,1,11,,39500,31,,,1,12,,39501,31,,,1,51,,39502,31,,,1,11,,39503,31,,,1,11,,39504,31,,,1,11,,39505,31,,,1,9,,39506,31,,,1,11,,39507,31,,,1,50,,39508,31,,,1,11,,39509,31,,,1,9,,39510,31,,,1,10,,39511,31,,,1,10,,39512,31,,,1,10,,39513,31,,,1,51,,39514,31,,,1,10,,39515,31,,,1,10,,39516,31,,,1,9,,39517,31,,,1,9,,39518,31,,,1,9,,39519,31,,,1,51,,39520,31,,,1,14,,39521,31,,,1,14,,39522,31,,,1,14,,39523,31,,,1,54,,39524,31,,,1,13,,39525,31,,,1,14,,39526,31,,,1,14,,39527,31,,,1,59,,39528,31,,,1,17,,39529,31,,,1,17,,39530,31,,,1,17,,39531,31,,,1,55,,39532,31,,,1,16,,39533,31,,,1,18,,39534,31,,,1,18,,39535,31,,,1,57,,39536,31,,,1,18,,39537,31,,,1,17,,39538,31,,,1,57,,39539,31,,,1,17,,39540,31,,,1,17,,39541,31,,,1
37101,'CPWeekday',1405,,41801,32,,,1
37500,'CPWeekday',1431,,41806,47,,,1
