1000,'CPHoliday1',826,,31045,48,,,1,32,,31044,48,,,1,72,,31043,48,,,1,73,,31042,48,,,1,33,,31041,48,,,1,73,,31040,48,,,1,36,,31039,48,,,1,75,,31038,48,,,1,35,,31037,48,,,1,75,,31036,48,,,1,76,,31035,48,,,1,36,,31034,48,,,1,77,,31033,48,,,1,35,,31032,48,,,1,75,,31031,48,,,1,75,,31030,48,,,1,36,,31026,48,,,1,73,,31028,48,,,1,36,,31025,48,,,1,75,,31024,48,,,1,33,,31023,48,,,1,74,,31029,48,,,1,74,,31022,48,,,1,34,,31020,48,,,1,73,,31019,48,,,1,31,,31027,48,,,1,72,,31021,48,,,1,30,,31018,48,,,1,68,,31046,48,,,1,28,,31047,48,,,1,68,,31048,48,,,1
1000,'CPSaturday',638,,31089,48,,,1,65,,31086,48,,,1,25,,31084,48,,,1,25,,31088,48,,,1,65,,31087,48,,,1,26,,31085,48,,,1,67,,31082,48,,,1,27,,31083,48,,,1,67,,31080,48,,,1,27,,31081,48,,,1,68,,31079,48,,,1,28,,31078,48,,,1,27,,31077,48,,,1,68,,31076,48,,,1,29,,31075,48,,,1,69,,31074,48,,,1,28,,31073,48,,,1,69,,31072,48,,,1,29,,31071,48,,,1,69,,31070,48,,,1,30,,31069,48,,,1,69,,31068,48,,,1,29,,31063,48,,,1,69,,31062,48,,,1,29,,31058,48,,,1,68,,31066,48,,,1,28,,31057,48,,,1,68,,31056,48,,,1,28,,31059,48,,,1,68,,31053,48,,,1,25,,31067,48,,,1,26,,31054,48,,,1,66,,31050,48,,,1,26,,31060,48,,,1,67,,31052,48,,,1,26,,31065,48,,,1,65,,31055,48,,,1,25,,31049,48,,,1,23,,31061,48,,,1,64,,31051,48,,,1,23,,31064,48,,,1
1000,'CPSunday',826,,31117,48,,,1,32,,31116,48,,,1,72,,31115,48,,,1,73,,31114,48,,,1,33,,31113,48,,,1,73,,31112,48,,,1,36,,31111,48,,,1,75,,31110,48,,,1,35,,31109,48,,,1,75,,31108,48,,,1,76,,31107,48,,,1,36,,31106,48,,,1,77,,31105,48,,,1,35,,31104,48,,,1,75,,31103,48,,,1,75,,31102,48,,,1,36,,31098,48,,,1,73,,31100,48,,,1,36,,31097,48,,,1,75,,31096,48,,,1,33,,31095,48,,,1,74,,31101,48,,,1,74,,31094,48,,,1,34,,31092,48,,,1,73,,31091,48,,,1,31,,31099,48,,,1,72,,31093,48,,,1,30,,31090,48,,,1
1000,'CPWeekday',536,,31164,48,,,1,21,,31163,48,,,1,62,,31165,48,,,1,27,,31166,48,,,1,63,,31162,48,,,1,24,,31161,48,,,1,26,,31160,48,,,1,66,,31158,48,,,1,26,,31159,48,,,1,66,,31157,48,,,1,26,,31156,48,,,1,66,,31154,48,,,1,25,,31155,48,,,1,24,,31153,48,,,1,64,,31152,48,,,1,25,,31151,48,,,1,65,,31150,48,,,1,25,,31149,48,,,1,65,,31148,48,,,1,26,,31147,48,,,1,25,,31146,48,,,1,66,,31145,48,,,1,27,,31143,48,,,1,65,,31144,48,,,1,27,,31137,48,,,1,65,,31134,48,,,1,21,,31133,48,,,1,21,,31141,48,,,1,62,,31132,48,,,1,23,,31130,48,,,1,24,,31128,48,,,1,64,,31129,48,,,1,25,,31127,48,,,1,60,,31125,48,,,1,19,,31140,48,,,1,21,,31136,48,,,1,60,,31124,48,,,1,20,,31123,48,,,1,22,,31126,48,,,1,63,,31122,48,,,1,34,,31138,48,,,1,70,,31135,48,,,1,32,,31119,48,,,1,73,,31120,48,,,1,30,,31139,48,,,1,70,,31131,48,,,1,29,,31118,48,,,1,69,,31121,48,,,1,25,,31142,48,,,1
3901,'CPHoliday1',743,,36282,42,,,1,80,,36277,42,,,1,80,,36271,42,,,1,42,,36268,42,,,1,83,,36283,42,,,1,83,,36280,42,,,1,44,,36272,42,,,1,86,,36267,42,,,1,85,,36284,42,,,1,85,,36278,42,,,1,44,,36273,42,,,1,86,,36266,42,,,1,85,,36285,42,,,1,86,,36279,42,,,1,45,,36274,42,,,1,83,,36265,42,,,1,84,,36286,42,,,1,82,,36275,42,,,1,41,,36270,42,,,1,82,,36264,42,,,1,78,,36281,42,,,1,40,,36276,42,,,1,76,,36269,42,,,1,30,,36263,42,,,1
3901,'CPSaturday',956,,36291,42,,,1,292,,36290,42,,,1,273,,36292,42,,,1,28,,36289,42,,,1,266,,36293,42,,,1,30,,36288,42,,,1,262,,36294,42,,,1,26,,36287,42,,,1
3901,'CPSunday',743,,36314,42,,,1,80,,36309,42,,,1,80,,36303,42,,,1,42,,36300,42,,,1,83,,36315,42,,,1,83,,36312,42,,,1,44,,36304,42,,,1,86,,36299,42,,,1,85,,36316,42,,,1,85,,36310,42,,,1,44,,36305,42,,,1,86,,36298,42,,,1,85,,36317,42,,,1,86,,36311,42,,,1,45,,36306,42,,,1,83,,36297,42,,,1,84,,36318,42,,,1,82,,36307,42,,,1,41,,36302,42,,,1,82,,36296,42,,,1,78,,36313,42,,,1,40,,36308,42,,,1,76,,36301,42,,,1,30,,36295,42,,,1
3901,'MASaturday',737,,36339,42,,,1,66,,36335,42,,,1,27,,36334,42,,,1,27,,36328,42,,,1,71,,36343,42,,,1,96,,36336,42,,,1,28,,36331,42,,,1,68,,36327,42,,,1,29,,36325,42,,,1,69,,36342,42,,,1,98,,36337,42,,,1,32,,36332,42,,,1,72,,36323,42,,,1,31,,36319,42,,,1,167,,36338,42,,,1,30,,36329,42,,,1,69,,36324,42,,,1,28,,36320,42,,,1,169,,36340,42,,,1,28,,36330,42,,,1,69,,36322,42,,,1,28,,36321,42,,,1,118,,36341,42,,,1,62,,36333,42,,,1,20,,36326,42,,,1
3901,'MAWeekday',508,,36344,43,,,1,17,,36345,43,,,1,16,,36346,43,,,1,17,,36347,43,,,1,57,,36348,43,,,1,19,,36349,43,,,1,21,,36350,43,,,1,65,,36351,43,,,1,24,,36352,43,,,1,67,,36353,43,,,1,22,,36354,43,,,1,21,,36355,43,,,1,58,,36356,43,,,1,19,,36357,43,,,1,18,,36358,43,,,1,63,,36359,42,,,1,33,,36360,42,,,1,76,,36361,42,,,1,35,,36362,42,,,1,75,,36363,42,,,1,75,,36364,42,,,1,35,,36365,42,,,1,80,,36366,42,,,1,25,,36367,43,,,1,65,,36368,43,,,1,20,,36369,43,,,1,22,,36370,43,,,1,64,,36371,43,,,1,21,,36372,43,,,1,64,,36373,43,,,1,22,,36374,43,,,1,22,,36375,43,,,1,57,,36376,43,,,1,15,,36377,43,,,1,16,,36378,43,,,1,18,,36379,43,,,1,59,,36380,43,,,1,18,,36381,43,,,1,21,,36382,43,,,1,59,,36383,42,,,1,21,,36384,42,,,1,72,,36385,42,,,1,39,,36386,42,,,1,77,,36387,42,,,1,38,,36388,42,,,1,77,,36389,42,,,1,76,,36390,42,,,1,36,,36391,42,,,1,78,,36392,42,,,1
37600,'CPWeekday',1408,,41808,19,,,1
