1000,'CPHoliday1',824,,31045,45,,,1,31,,31044,45,,,1,72,,31043,45,,,1,73,,31042,45,,,1,33,,31041,45,,,1,73,,31040,45,,,1,36,,31039,45,,,1,75,,31038,45,,,1,35,,31037,45,,,1,75,,31036,45,,,1,76,,31035,45,,,1,35,,31034,45,,,1,77,,31033,45,,,1,35,,31032,45,,,1,75,,31031,45,,,1,75,,31030,45,,,1,36,,31026,45,,,1,74,,31028,45,,,1,36,,31025,45,,,1,75,,31024,45,,,1,33,,31023,45,,,1,74,,31029,45,,,1,74,,31022,45,,,1,34,,31020,45,,,1,73,,31019,45,,,1,31,,31027,45,,,1,72,,31021,45,,,1,30,,31018,45,,,1,68,,31046,45,,,1,28,,31047,45,,,1,68,,31048,45,,,1
1000,'CPSaturday',635,,31089,45,,,1,65,,31086,45,,,1,25,,31084,45,,,1,25,,31088,45,,,1,65,,31087,45,,,1,26,,31085,45,,,1,67,,31082,45,,,1,27,,31083,45,,,1,67,,31080,45,,,1,27,,31081,45,,,1,28,,31079,45,,,1,68,,31078,45,,,1,27,,31077,45,,,1,68,,31076,45,,,1,29,,31075,45,,,1,68,,31074,45,,,1,28,,31073,45,,,1,69,,31072,45,,,1,29,,31071,45,,,1,69,,31070,45,,,1,30,,31069,45,,,1,69,,31068,45,,,1,29,,31063,45,,,1,69,,31062,45,,,1,29,,31058,45,,,1,69,,31066,45,,,1,28,,31057,45,,,1,68,,31056,45,,,1,28,,31059,45,,,1,28,,31053,45,,,1,65,,31067,45,,,1,26,,31054,45,,,1,66,,31050,45,,,1,26,,31060,45,,,1,67,,31052,45,,,1,26,,31065,45,,,1,65,,31055,45,,,1,25,,31049,45,,,1,23,,31061,45,,,1,64,,31051,45,,,1,23,,31064,45,,,1
1000,'CPSunday',824,,31117,45,,,1,31,,31116,45,,,1,72,,31115,45,,,1,73,,31114,45,,,1,33,,31113,45,,,1,73,,31112,45,,,1,36,,31111,45,,,1,75,,31110,45,,,1,35,,31109,45,,,1,75,,31108,45,,,1,76,,31107,45,,,1,35,,31106,45,,,1,77,,31105,45,,,1,35,,31104,45,,,1,75,,31103,45,,,1,75,,31102,45,,,1,36,,31098,45,,,1,74,,31100,45,,,1,36,,31097,45,,,1,75,,31096,45,,,1,33,,31095,45,,,1,74,,31101,45,,,1,74,,31094,45,,,1,34,,31092,45,,,1,73,,31091,45,,,1,31,,31099,45,,,1,72,,31093,45,,,1,30,,31090,45,,,1
1000,'CPWeekday',533,,31164,45,,,1,21,,31163,45,,,1,62,,31165,45,,,1,26,,31166,45,,,1,63,,31162,45,,,1,24,,31161,45,,,1,26,,31160,45,,,1,66,,31158,45,,,1,26,,31159,45,,,1,66,,31157,45,,,1,26,,31156,45,,,1,66,,31154,45,,,1,25,,31155,45,,,1,24,,31153,45,,,1,65,,31152,45,,,1,25,,31151,45,,,1,65,,31150,45,,,1,25,,31149,45,,,1,25,,31148,45,,,1,65,,31147,45,,,1,25,,31146,45,,,1,66,,31145,45,,,1,27,,31143,45,,,1,65,,31144,45,,,1,27,,31137,45,,,1,25,,31134,45,,,1,61,,31133,45,,,1,21,,31141,45,,,1,62,,31132,45,,,1,23,,31130,45,,,1,24,,31128,45,,,1,64,,31129,45,,,1,25,,31127,45,,,1,20,,31125,45,,,1,59,,31140,45,,,1,21,,31136,45,,,1,20,,31124,45,,,1,61,,31123,45,,,1,22,,31126,45,,,1,63,,31122,45,,,1,34,,31138,45,,,1,70,,31135,45,,,1,32,,31119,45,,,1,73,,31120,45,,,1,31,,31139,45,,,1,70,,31131,45,,,1,29,,31118,45,,,1,69,,31121,45,,,1,25,,31142,45,,,1
3901,'CPHoliday1',740,,36282,39,,,1,80,,36277,39,,,1,80,,36271,39,,,1,42,,36268,39,,,1,82,,36283,39,,,1,83,,36280,39,,,1,44,,36272,39,,,1,86,,36267,39,,,1,85,,36284,39,,,1,85,,36278,39,,,1,44,,36273,39,,,1,86,,36266,39,,,1,85,,36285,39,,,1,86,,36279,39,,,1,45,,36274,39,,,1,84,,36265,39,,,1,84,,36286,39,,,1,82,,36275,39,,,1,41,,36270,39,,,1,82,,36264,39,,,1,78,,36281,39,,,1,40,,36276,39,,,1,76,,36269,39,,,1,30,,36263,39,,,1
3901,'CPSaturday',953,,36291,39,,,1,291,,36290,39,,,1,273,,36292,39,,,1,28,,36289,39,,,1,266,,36293,39,,,1,30,,36288,39,,,1,263,,36294,39,,,1,26,,36287,39,,,1
3901,'CPSunday',740,,36314,39,,,1,80,,36309,39,,,1,80,,36303,39,,,1,42,,36300,39,,,1,82,,36315,39,,,1,83,,36312,39,,,1,44,,36304,39,,,1,86,,36299,39,,,1,85,,36316,39,,,1,85,,36310,39,,,1,44,,36305,39,,,1,86,,36298,39,,,1,85,,36317,39,,,1,86,,36311,39,,,1,45,,36306,39,,,1,84,,36297,39,,,1,84,,36318,39,,,1,82,,36307,39,,,1,41,,36302,39,,,1,82,,36296,39,,,1,78,,36313,39,,,1,40,,36308,39,,,1,76,,36301,39,,,1,30,,36295,39,,,1
3901,'MASaturday',734,,36339,39,,,1,66,,36335,39,,,1,27,,36334,39,,,1,27,,36328,39,,,1,71,,36343,39,,,1,96,,36336,39,,,1,28,,36331,39,,,1,68,,36327,39,,,1,28,,36325,39,,,1,69,,36342,39,,,1,98,,36337,39,,,1,32,,36332,39,,,1,72,,36323,39,,,1,31,,36319,39,,,1,167,,36338,39,,,1,30,,36329,39,,,1,69,,36324,39,,,1,28,,36320,39,,,1,169,,36340,39,,,1,29,,36330,39,,,1,69,,36322,39,,,1,28,,36321,39,,,1,118,,36341,39,,,1,62,,36333,39,,,1,20,,36326,39,,,1
3901,'MAWeekday',505,,36344,40,,,1,17,,36345,40,,,1,16,,36346,40,,,1,17,,36347,40,,,1,57,,36348,40,,,1,19,,36349,40,,,1,21,,36350,40,,,1,65,,36351,40,,,1,24,,36352,40,,,1,66,,36353,40,,,1,22,,36354,40,,,1,21,,36355,40,,,1,58,,36356,40,,,1,19,,36357,40,,,1,19,,36358,40,,,1,62,,36359,39,,,1,34,,36360,39,,,1,76,,36361,39,,,1,35,,36362,39,,,1,75,,36363,39,,,1,75,,36364,39,,,1,35,,36365,39,,,1,79,,36366,39,,,1,25,,36367,40,,,1,65,,36368,40,,,1,20,,36369,40,,,1,22,,36370,40,,,1,64,,36371,40,,,1,21,,36372,40,,,1,24,,36373,40,,,1,62,,36374,40,,,1,22,,36375,40,,,1,17,,36376,40,,,1,55,,36377,40,,,1,16,,36378,40,,,1,18,,36379,40,,,1,59,,36380,40,,,1,18,,36381,40,,,1,21,,36382,40,,,1,60,,36383,39,,,1,21,,36384,39,,,1,32,,36385,39,,,1,79,,36386,39,,,1,77,,36387,39,,,1,38,,36388,39,,,1,77,,36389,39,,,1,76,,36390,39,,,1,36,,36391,39,,,1,78,,36392,39,,,1
4300,'CPWeekday',524,,36936,43,,,1,80,,36943,43,,,1,41,,36939,43,,,1,80,,36941,43,,,1,80,,36937,43,,,1,40,,36944,43,,,1,80,,36940,43,,,1,76,,36942,43,,,1,40,,36938,43,,,1
37600,'CPWeekday',1404,,41808,16,,,1
