4500,'CPHoliday1',815,,37208,16,,,1,35,,37209,16,,,1,75,,37210,16,,,1,75,,37211,16,,,1,36,,37212,16,,,1,75,,37213,16,,,1,40,,37214,16,,,1,80,,37215,16,,,1,80,,37216,16,,,1,40,,37217,16,,,1,81,,37218,16,,,1,80,,37219,16,,,1,40,,37220,16,,,1,80,,37221,16,,,1,80,,37222,16,,,1,39,,37223,16,,,1,80,,37224,16,,,1,80,,37225,16,,,1,40,,37226,16,,,1,80,,37227,16,,,1,79,,37228,16,,,1,35,,37229,16,,,1,75,,37230,16,,,1
4500,'CPSaturday',641,,37231,16,,,1,75,,37232,16,,,1,35,,37233,16,,,1,75,,37234,16,,,1,80,,37235,16,,,1,40,,37236,16,,,1,80,,37237,16,,,1,80,,37238,16,,,1,40,,37239,16,,,1,82,,37240,16,,,1,83,,37241,16,,,1,42,,37242,16,,,1,82,,37243,16,,,1,83,,37244,16,,,1,82,,37245,16,,,1,42,,37246,16,,,1,82,,37247,16,,,1,82,,37248,16,,,1,41,,37249,16,,,1,80,,37250,16,,,1,78,,37251,16,,,1,37,,37252,16,,,1,78,,37253,16,,,1,36,,37254,16,,,1,83,,37255,16,,,1
4500,'CPSunday',815,,37256,16,,,1,35,,37257,16,,,1,75,,37258,16,,,1,75,,37259,16,,,1,36,,37260,16,,,1,75,,37261,16,,,1,40,,37262,16,,,1,80,,37263,16,,,1,80,,37264,16,,,1,40,,37265,16,,,1,81,,37266,16,,,1,80,,37267,16,,,1,40,,37268,16,,,1,80,,37269,16,,,1,80,,37270,16,,,1,39,,37271,16,,,1,80,,37272,16,,,1,80,,37273,16,,,1,40,,37274,16,,,1,80,,37275,16,,,1,79,,37276,16,,,1,35,,37277,16,,,1,75,,37278,16,,,1
4500,'CPWeekday',501,,37280,16,,,1,40,,37281,16,,,1,70,,37283,16,,,1,38,,37285,16,,,1,84,,37287,16,,,1,80,,37289,16,,,1,34,,37291,16,,,1,82,,37293,16,,,1,18,,37294,16,,,1,64,,37295,16,,,1,32,,37296,16,,,1,72,,37297,16,,,1,32,,37298,16,,,1,72,,37299,16,,,1,32,,37300,16,,,1,70,,37301,16,,,1,30,,37302,16,,,1,89,,37304,16,,,1,75,,37306,16,,,1,40,,37308,16,,,1,78,,37310,16,,,1,25,,37279,16,,,1,51,,37312,16,,,1,36,,37314,16,,,1,74,,37316,16,,,1,82,,37318,16,,,1,22,,37319,16,,,1,21,,37320,16,,,1,62,,37321,16,,,1,22,,37322,16,,,1,23,,37323,16,,,1,68,,37324,16,,,1,28,,37325,16,,,1,67,,37326,16,,,1,28,,37327,16,,,1,68,,37328,16,,,1,30,,37329,16,,,1,70,,37330,16,,,1
4501,'CPHoliday1',816,,37331,29,,,1,35,,37332,29,,,1,76,,37333,29,,,1,76,,37334,29,,,1,35,,37335,29,,,1,76,,37336,29,,,1,40,,37337,29,,,1,80,,37338,29,,,1,80,,37339,29,,,1,41,,37340,29,,,1,80,,37341,29,,,1,80,,37342,29,,,1,40,,37343,29,,,1,80,,37344,29,,,1,80,,37345,29,,,1,38,,37346,29,,,1,79,,37347,29,,,1,80,,37348,29,,,1,40,,37349,29,,,1,80,,37350,29,,,1,79,,37351,29,,,1,39,,37352,29,,,1
4501,'CPSaturday',607,,37353,29,,,1,36,,37354,29,,,1,77,,37355,29,,,1,35,,37356,29,,,1,78,,37357,29,,,1,75,,37358,29,,,1,41,,37359,29,,,1,81,,37360,29,,,1,80,,37361,29,,,1,42,,37362,29,,,1,82,,37363,29,,,1,82,,37364,29,,,1,43,,37365,29,,,1,81,,37366,29,,,1,82,,37367,29,,,1,81,,37368,29,,,1,42,,37369,29,,,1,79,,37370,29,,,1,82,,37371,29,,,1,42,,37372,29,,,1,79,,37373,29,,,1,79,,37374,29,,,1,40,,37375,29,,,1,75,,37376,29,,,1,34,,37377,29,,,1
4501,'CPSunday',816,,37378,29,,,1,35,,37379,29,,,1,76,,37380,29,,,1,76,,37381,29,,,1,35,,37382,29,,,1,76,,37383,29,,,1,40,,37384,29,,,1,80,,37385,29,,,1,80,,37386,29,,,1,41,,37387,29,,,1,80,,37388,29,,,1,80,,37389,29,,,1,40,,37390,29,,,1,80,,37391,29,,,1,80,,37392,29,,,1,38,,37393,29,,,1,79,,37394,29,,,1,80,,37395,29,,,1,40,,37396,29,,,1,80,,37397,29,,,1,79,,37398,29,,,1,39,,37399,29,,,1
4501,'CPWeekday',502,,37400,29,,,1,33,,37401,29,,,1,72,,37402,29,,,1,42,,37404,29,,,1,81,,37406,29,,,1,77,,37408,29,,,1,42,,37410,29,,,1,76,,37412,29,,,1,83,,37414,29,,,1,98,,37416,29,,,1,31,,37417,29,,,1,73,,37418,29,,,1,33,,37419,29,,,1,72,,37420,29,,,1,31,,37421,29,,,1,60,,37422,29,,,1,23,,37423,29,,,1,20,,37424,29,,,1,61,,37425,29,,,1,34,,37427,29,,,1,80,,37429,29,,,1,76,,37431,29,,,1,35,,37433,29,,,1,76,,37435,29,,,1,34,,37437,29,,,1,76,,37439,29,,,1,31,,37441,29,,,1,56,,37442,29,,,1,19,,37443,29,,,1,19,,37444,29,,,1,62,,37445,29,,,1,29,,37446,29,,,1,69,,37447,29,,,1,30,,37448,29,,,1,70,,37449,29,,,1,30,,37450,29,,,1
7100,'CPWeekday',1621,,39674,3,,,1,20,,39675,3,,,1,60,,39678,3,,,1,20,,39676,3,,,1,30,,39677,3,,,1
7101,'CPWeekday',759,,39679,20,,,1,66,,39681,20,,,1,24,,39680,20,,,1
