'25DE22-CPBlock-Holiday1-14',2000,75200,4,'',1,6500,4,'',1,2500,4,'',1,6700,4,'',1,2800,4,'',1,6800,4,'',1,2800,4,'',1,6900,4,'',1,3000,4,'',1,7000,4,'',1,3300,4,'',1,7400,4,'',1,3300,4,'',1,7200,4,'',1,3200,4,'',1,7200,4,'',1,3200,4,'',1,7200,4,'',1,3200,4,'',1,7200,4,'',1,3200,4,'',1,7000,4,'',1,2900,4,'',1,6900,4,'',1,2700,4,'',1,6300,4,'',1,2800,4,'',1
'25DE22-CPBlock-Holiday2-15',2000,63700,4,'',1,6600,4,'',1,2500,4,'',1,2900,4,'',1,6800,4,'',1,3000,4,'',1,7200,4,'',1,3000,4,'',1,7300,4,'',1,7200,4,'',1,3300,4,'',1,7300,4,'',1,3300,4,'',1,7200,4,'',1,3200,4,'',1,7200,4,'',1,3200,4,'',1,7200,4,'',1,3200,4,'',1,7200,4,'',1,3200,4,'',1,7200,4,'',1,7200,4,'',1,3200,4,'',1,7200,4,'',1,3000,4,'',1,7100,4,'',1,3200,4,'',1,7200,4,'',1,3200,4,'',1,6800,4,'',1,2800,4,'',1,7600,4,'',1
'25DE22-CPBlock-Holiday3-16',2000,75200,4,'',1,6500,4,'',1,2500,4,'',1,6700,4,'',1,2800,4,'',1,6800,4,'',1,2800,4,'',1,6900,4,'',1,3000,4,'',1,7000,4,'',1,3300,4,'',1,7400,4,'',1,3300,4,'',1,7200,4,'',1,3200,4,'',1,7200,4,'',1,3200,4,'',1,7200,4,'',1,3200,4,'',1,7200,4,'',1,3200,4,'',1,7000,4,'',1,2900,4,'',1,6900,4,'',1,2700,4,'',1,6300,4,'',1,2800,4,'',1
'25DE22-CPBlock-Saturday-12',2000,63700,4,'',1,6600,4,'',1,2500,4,'',1,2900,4,'',1,6800,4,'',1,3000,4,'',1,7200,4,'',1,3000,4,'',1,7300,4,'',1,7200,4,'',1,3300,4,'',1,7300,4,'',1,3300,4,'',1,7200,4,'',1,3200,4,'',1,7200,4,'',1,3200,4,'',1,7200,4,'',1,3200,4,'',1,7200,4,'',1,3200,4,'',1,7200,4,'',1,7200,4,'',1,3200,4,'',1,7200,4,'',1,3000,4,'',1,7100,4,'',1,3200,4,'',1,7200,4,'',1,3200,4,'',1,6800,4,'',1,2800,4,'',1,7600,4,'',1
'25DE22-CPBlock-Sunday-13',2000,75200,4,'',1,6500,4,'',1,2500,4,'',1,6700,4,'',1,2800,4,'',1,6800,4,'',1,2800,4,'',1,6900,4,'',1,3000,4,'',1,7000,4,'',1,3300,4,'',1,7400,4,'',1,3300,4,'',1,7200,4,'',1,3200,4,'',1,7200,4,'',1,3200,4,'',1,7200,4,'',1,3200,4,'',1,7200,4,'',1,3200,4,'',1,7000,4,'',1,2900,4,'',1,6900,4,'',1,2700,4,'',1,6300,4,'',1,2800,4,'',1
'25DE22-CPBlock-Weekday-11',2000,50100,4,'',1,2100,4,'',1,2000,4,'',1,6300,4,'',1,2400,4,'',1,2500,4,'',1,6200,4,'',1,2400,4,'',1,6500,4,'',1,2500,4,'',1,2300,4,'',1,6500,4,'',1,2200,4,'',1,6400,4,'',1,2400,4,'',1,2400,4,'',1,6400,4,'',1,2400,4,'',1,6400,4,'',1,2400,4,'',1,2400,4,'',1,6500,4,'',1,2400,4,'',1,6600,4,'',1,2500,4,'',1,2600,4,'',1,6500,4,'',1,2000,4,'',1,6000,4,'',1,1900,4,'',1,2500,4,'',1,6300,4,'',1,2200,4,'',1,2200,4,'',1,6100,4,'',1,2000,4,'',1,2000,4,'',1,6000,4,'',1,1800,4,'',1,1700,4,'',1,5600,4,'',1,3500,4,'',1,7900,4,'',1,8000,4,'',1,4000,4,'',1,7800,4,'',1,4000,4,'',1,7500,4,'',1,7600,4,'',1
'25DE22-CPBlock-Holiday1-14',2600,62300,4,'',1,8600,4,'',1,2500,4,'',1,6600,4,'',1,2500,4,'',1,2700,4,'',1,6900,4,'',1,2800,4,'',1,6800,4,'',1,3000,4,'',1,6800,4,'',1,2900,4,'',1,6900,4,'',1,2700,4,'',1,6100,4,'',1,2000,4,'',1,2300,4,'',1,6400,4,'',1,2500,4,'',1,2500,4,'',1,6200,4,'',1,2200,4,'',1,6200,4,'',1,2200,4,'',1,2400,4,'',1,6400,4,'',1,2200,4,'',1,2300,4,'',1,6400,4,'',1,2100,4,'',1,6200,4,'',1,2100,4,'',1,2100,4,'',1,6100,4,'',1,2500,4,'',1,6800,4,'',1,2600,4,'',1,2800,4,'',1,6700,4,'',1,2500,4,'',1,6500,4,'',1,2400,4,'',1,6600,4,'',1,2600,4,'',1,2300,4,'',1,6200,4,'',1,2400,4,'',1
'25DE22-CPBlock-Holiday2-15',2600,51900,4,'',1,2000,4,'',1,6100,4,'',1,2100,4,'',1,2400,4,'',1,6300,4,'',1,2300,4,'',1,2500,4,'',1,6200,4,'',1,2300,4,'',1,6200,4,'',1,2200,4,'',1,2500,4,'',1,6400,4,'',1,2600,4,'',1,6600,4,'',1,1800,4,'',1,1900,4,'',1,5800,4,'',1,2100,4,'',1,2200,4,'',1,5900,4,'',1,1700,4,'',1,1800,4,'',1,1600,4,'',1,5700,4,'',1,1600,4,'',1,1600,4,'',1,1400,4,'',1,5400,4,'',1,1400,4,'',1,1400,4,'',1,1400,4,'',1,5400,4,'',1,1400,4,'',1,1500,4,'',1,1400,4,'',1,5400,4,'',1,1400,4,'',1,1500,4,'',1,1500,4,'',1,5400,4,'',1,1500,4,'',1,1500,4,'',1,1400,4,'',1,5400,4,'',1,1300,4,'',1,1300,4,'',1,1200,4,'',1,1100,4,'',1,5200,4,'',1,1500,4,'',1,2300,4,'',1,6400,4,'',1,2300,4,'',1,2300,4,'',1,6000,4,'',1,1800,4,'',1,1700,4,'',1,5700,4,'',1,1800,4,'',1,2000,4,'',1,6300,4,'',1,2200,4,'',1,2600,4,'',1,6800,4,'',1,2500,4,'',1,6200,4,'',1,1900,4,'',1,1900,4,'',1
'25DE22-CPBlock-Holiday3-16',2600,32500,4,'',1,3000,4,'',1,7000,4,'',1,3000,4,'',1,7000,4,'',1,3000,4,'',1,7000,4,'',1,3000,4,'',1,7000,4,'',1,3000,4,'',1,7000,4,'',1,2700,4,'',1,6900,4,'',1,2800,4,'',1,6800,4,'',1,3000,4,'',1,6800,4,'',1,2900,4,'',1,6900,4,'',1,2700,4,'',1,6100,4,'',1,2000,4,'',1,2300,4,'',1,6400,4,'',1,2500,4,'',1,2500,4,'',1,6200,4,'',1,2200,4,'',1,6200,4,'',1,2200,4,'',1,2400,4,'',1,6400,4,'',1,2200,4,'',1,2300,4,'',1,6400,4,'',1,2100,4,'',1,6200,4,'',1,2100,4,'',1,2100,4,'',1,6100,4,'',1,2500,4,'',1,6800,4,'',1,2600,4,'',1,2800,4,'',1,6700,4,'',1,2500,4,'',1,6500,4,'',1,2400,4,'',1,6600,4,'',1,2600,4,'',1,2300,4,'',1,6200,4,'',1,2400,4,'',1
'25DE22-CPBlock-Saturday-12',2600,51900,4,'',1,2000,4,'',1,6100,4,'',1,2100,4,'',1,2400,4,'',1,6300,4,'',1,2300,4,'',1,2500,4,'',1,6200,4,'',1,2300,4,'',1,6200,4,'',1,2200,4,'',1,2500,4,'',1,6400,4,'',1,2600,4,'',1,6600,4,'',1,1800,4,'',1,1900,4,'',1,5800,4,'',1,2100,4,'',1,2200,4,'',1,5900,4,'',1,1700,4,'',1,1800,4,'',1,1600,4,'',1,5700,4,'',1,1600,4,'',1,1600,4,'',1,1400,4,'',1,5400,4,'',1,1400,4,'',1,1400,4,'',1,1400,4,'',1,5400,4,'',1,1400,4,'',1,1500,4,'',1,1400,4,'',1,5400,4,'',1,1400,4,'',1,1500,4,'',1,1500,4,'',1,5400,4,'',1,1500,4,'',1,1500,4,'',1,1400,4,'',1,5400,4,'',1,1300,4,'',1,1300,4,'',1,1200,4,'',1,1100,4,'',1,5200,4,'',1,1500,4,'',1,2300,4,'',1,6400,4,'',1,2300,4,'',1,2300,4,'',1,6000,4,'',1,1800,4,'',1,1700,4,'',1,5700,4,'',1,1800,4,'',1,2000,4,'',1,6300,4,'',1,2200,4,'',1,2600,4,'',1,6800,4,'',1,2500,4,'',1,6200,4,'',1,1900,4,'',1,1900,4,'',1
'25DE22-CPBlock-Sunday-13',2600,62300,4,'',1,8600,4,'',1,2500,4,'',1,6600,4,'',1,2500,4,'',1,2700,4,'',1,6900,4,'',1,2800,4,'',1,6800,4,'',1,3000,4,'',1,6800,4,'',1,2900,4,'',1,6900,4,'',1,2700,4,'',1,6100,4,'',1,2000,4,'',1,2300,4,'',1,6400,4,'',1,2500,4,'',1,2500,4,'',1,6200,4,'',1,2200,4,'',1,6200,4,'',1,2200,4,'',1,2400,4,'',1,6400,4,'',1,2200,4,'',1,2300,4,'',1,6400,4,'',1,2100,4,'',1,6200,4,'',1,2100,4,'',1,2100,4,'',1,6100,4,'',1,2500,4,'',1,6800,4,'',1,2600,4,'',1,2800,4,'',1,6700,4,'',1,2500,4,'',1,6500,4,'',1,2400,4,'',1,6600,4,'',1,2600,4,'',1,2300,4,'',1,6200,4,'',1,2400,4,'',1
'25DE22-CPBlock-Weekday-11',2600,44800,4,'',1,6600,4,'',1,2600,4,'',1,6200,4,'',1,2300,4,'',1,2400,4,'',1,5400,4,'',1,1500,4,'',1,1500,4,'',1,1600,4,'',1,5400,4,'',1,1400,4,'',1,1400,4,'',1,1400,4,'',1,5600,4,'',1,1400,4,'',1,1600,4,'',1,1600,4,'',1,5600,4,'',1,1600,4,'',1,1600,4,'',1,1600,4,'',1,5600,4,'',1,1600,4,'',1,1600,4,'',1,1600,4,'',1,5600,4,'',1,1700,4,'',1,1600,4,'',1,5600,4,'',1,1700,4,'',1,1600,4,'',1,1600,4,'',1,5700,4,'',1,1700,4,'',1,1600,4,'',1,1500,4,'',1,5400,4,'',1,1300,4,'',1,1400,4,'',1,1400,4,'',1,5400,4,'',1,1400,4,'',1,1600,4,'',1,1600,4,'',1,5500,4,'',1,1500,4,'',1,1500,4,'',1,1500,4,'',1,5500,4,'',1,1400,4,'',1,1200,4,'',1,1300,4,'',1,1400,4,'',1,5300,4,'',1,1400,4,'',1,1400,4,'',1,6300,4,'',1,2200,4,'',1,2100,4,'',1,6600,4,'',1,2500,4,'',1,6500,4,'',1,2600,4,'',1,3300,4,'',1,7400,4,'',1,7400,4,'',1,3000,4,'',1,6900,4,'',1,2800,4,'',1,6800,4,'',1,3000,4,'',1
