701,'CPHoliday1',2334,,16460,30,,,1
701,'CPSunday',2334,,16461,30,,,1
701,'CPWeekday',236,,16463,30,,,1,81,,16465,30,,,1,41,,16462,30,,,1,84,,16464,30,,,1
701,'MAHoliday1',435,,16503,30,,,1,80,,16502,30,,,1,22,,16504,30,,,1,22,,16493,30,,,1,62,,16512,30,,,1,23,,16494,30,,,1,64,,16492,30,,,1,23,,16491,30,,,1,24,,16507,30,,,1,63,,16490,30,,,1,23,,16516,30,,,1,64,,16495,30,,,1,23,,16483,30,,,1,24,,16482,30,,,1,63,,16506,30,,,1,23,,16486,30,,,1,63,,16515,30,,,1,24,,16496,30,,,1,24,,16477,30,,,1,66,,16475,30,,,1,25,,16508,30,,,1,62,,16474,30,,,1,19,,16485,30,,,1,19,,16514,30,,,1,61,,16497,30,,,1,20,,16478,30,,,1,23,,16473,30,,,1,63,,16505,30,,,1,23,,16469,30,,,1,23,,16487,30,,,1,60,,16513,30,,,1,19,,16498,30,,,1,20,,16476,30,,,1,62,,16470,30,,,1,23,,16509,30,,,1,63,,16468,30,,,1,23,,16484,30,,,1,23,,16518,30,,,1,62,,16501,30,,,1,21,,16479,30,,,1,20,,16471,30,,,1,61,,16510,30,,,1,21,,16467,30,,,1,21,,16488,30,,,1,61,,16517,30,,,1,22,,16500,30,,,1,21,,16480,30,,,1,59,,16472,30,,,1,20,,16511,30,,,1,19,,16466,30,,,1,60,,16489,30,,,1,40,,16499,30,,,1,59,,16481,30,,,1
701,'MASaturday',431,,16576,30,,,1,21,,16575,30,,,1,62,,16574,30,,,1,22,,16573,30,,,1,22,,16572,30,,,1,64,,16571,30,,,1,25,,16570,30,,,1,64,,16568,30,,,1,25,,16569,30,,,1,23,,16567,30,,,1,63,,16566,30,,,1,22,,16565,30,,,1,64,,16560,30,,,1,26,,16561,30,,,1,68,,16556,30,,,1,27,,16562,30,,,1,26,,16555,30,,,1,66,,16554,30,,,1,26,,16553,30,,,1,67,,16552,30,,,1,26,,16551,30,,,1,60,,16550,30,,,1,20,,16557,30,,,1,20,,16546,30,,,1,60,,16544,30,,,1,20,,16542,30,,,1,20,,16543,30,,,1,60,,16541,30,,,1,22,,16540,30,,,1,22,,16539,30,,,1,63,,16558,30,,,1,23,,16547,30,,,1,23,,16535,30,,,1,62,,16534,30,,,1,20,,16533,30,,,1,20,,16536,30,,,1,59,,16532,30,,,1,19,,16531,30,,,1,20,,16559,30,,,1,59,,16545,30,,,1,22,,16530,30,,,1,21,,16529,30,,,1,62,,16526,30,,,1,21,,16537,30,,,1,20,,16527,30,,,1,59,,16524,30,,,1,19,,16564,30,,,1,19,,16549,30,,,1,58,,16523,30,,,1,19,,16522,30,,,1,19,,16521,30,,,1,59,,16538,30,,,1,19,,16528,30,,,1,19,,16520,30,,,1,58,,16563,30,,,1,19,,16548,30,,,1,19,,16525,30,,,1,57,,16519,30,,,1,18,,16577,30,,,1
701,'MASunday',435,,16615,30,,,1,80,,16614,30,,,1,22,,16616,30,,,1,22,,16605,30,,,1,62,,16624,30,,,1,23,,16606,30,,,1,64,,16604,30,,,1,23,,16603,30,,,1,24,,16619,30,,,1,63,,16602,30,,,1,23,,16628,30,,,1,64,,16607,30,,,1,23,,16595,30,,,1,24,,16594,30,,,1,63,,16618,30,,,1,23,,16598,30,,,1,63,,16627,30,,,1,24,,16608,30,,,1,24,,16589,30,,,1,66,,16587,30,,,1,25,,16620,30,,,1,62,,16586,30,,,1,19,,16597,30,,,1,19,,16626,30,,,1,61,,16609,30,,,1,20,,16590,30,,,1,23,,16585,30,,,1,63,,16617,30,,,1,23,,16581,30,,,1,23,,16599,30,,,1,60,,16625,30,,,1,19,,16610,30,,,1,20,,16588,30,,,1,62,,16582,30,,,1,23,,16621,30,,,1,63,,16580,30,,,1,23,,16596,30,,,1,23,,16630,30,,,1,62,,16613,30,,,1,21,,16591,30,,,1,20,,16583,30,,,1,61,,16622,30,,,1,21,,16579,30,,,1,21,,16600,30,,,1,61,,16629,30,,,1,22,,16612,30,,,1,21,,16592,30,,,1,59,,16584,30,,,1,20,,16623,30,,,1,19,,16578,30,,,1,60,,16601,30,,,1,40,,16611,30,,,1,59,,16593,30,,,1
701,'MAWeekday',507,,16631,30,,,1,21,,16632,30,,,1,19,,16633,30,,,1,59,,16634,30,,,1,20,,16635,30,,,1,23,,16636,30,,,1,63,,16637,30,,,1,24,,16638,30,,,1,66,,16639,30,,,1,27,,16640,30,,,1,26,,16641,30,,,1,59,,16642,30,,,1,20,,16643,30,,,1,22,,16644,30,,,1,63,,16645,30,,,1,23,,16646,30,,,1,66,,16647,30,,,1,30,,16648,30,,,1,70,,16649,30,,,1,25,,16650,30,,,1,67,,16651,30,,,1,25,,16652,30,,,1,25,,16653,30,,,1,65,,16654,30,,,1,23,,16655,30,,,1,64,,16656,30,,,1,25,,16657,30,,,1,24,,16658,30,,,1,67,,16659,30,,,1,25,,16660,30,,,1,66,,16661,30,,,1,26,,16662,30,,,1,24,,16663,30,,,1,64,,16664,30,,,1,25,,16665,30,,,1,64,,16666,30,,,1,23,,16667,30,,,1,24,,16668,30,,,1,61,,16669,30,,,1,26,,16670,30,,,1,65,,16671,30,,,1,24,,16672,30,,,1,65,,16673,30,,,1,33,,16674,30,,,1,73,,16675,30,,,1,32,,16676,30,,,1,76,,16677,30,,,1,32,,16678,30,,,1,74,,16679,30,,,1,31,,16680,30,,,1
3901,'CPHoliday1',707,,22319,4,,,1,40,,22314,4,,,1,80,,22308,4,,,1,80,,22305,4,,,1,42,,22320,4,,,1,82,,22317,4,,,1,84,,22309,4,,,1,85,,22304,4,,,1,45,,22321,4,,,1,85,,22315,4,,,1,85,,22310,4,,,1,85,,22303,4,,,1,45,,22322,4,,,1,86,,22316,4,,,1,85,,22311,4,,,1,85,,22302,4,,,1,45,,22323,4,,,1,83,,22312,4,,,1,82,,22307,4,,,1,42,,22301,4,,,1,80,,22318,4,,,1,80,,22313,4,,,1,36,,22306,4,,,1,70,,22300,4,,,1
3901,'CPSaturday',850,,22329,4,,,1,68,,22328,4,,,1,220,,22330,4,,,1,68,,22327,4,,,1,229,,22331,4,,,1,70,,22326,4,,,1,230,,22332,4,,,1,70,,22325,4,,,1,227,,22333,4,,,1,26,,22324,4,,,1
3901,'CPSunday',707,,22353,4,,,1,40,,22348,4,,,1,80,,22342,4,,,1,80,,22339,4,,,1,42,,22354,4,,,1,82,,22351,4,,,1,84,,22343,4,,,1,85,,22338,4,,,1,45,,22355,4,,,1,85,,22349,4,,,1,85,,22344,4,,,1,85,,22337,4,,,1,45,,22356,4,,,1,86,,22350,4,,,1,85,,22345,4,,,1,85,,22336,4,,,1,45,,22357,4,,,1,83,,22346,4,,,1,82,,22341,4,,,1,42,,22335,4,,,1,80,,22352,4,,,1,80,,22347,4,,,1,36,,22340,4,,,1,70,,22334,4,,,1
3901,'MASaturday',705,,22378,4,,,1,25,,22374,4,,,1,26,,22373,4,,,1,66,,22367,4,,,1,124,,22375,4,,,1,68,,22370,4,,,1,28,,22366,4,,,1,68,,22364,4,,,1,124,,22376,4,,,1,70,,22371,4,,,1,31,,22362,4,,,1,70,,22358,4,,,1,130,,22377,4,,,1,70,,22368,4,,,1,30,,22363,4,,,1,70,,22359,4,,,1,130,,22379,4,,,1,70,,22369,4,,,1,29,,22361,4,,,1,70,,22360,4,,,1,120,,22380,4,,,1,25,,22372,4,,,1,60,,22365,4,,,1
3901,'MAWeekday',437,,22381,4,,,1,15,,22382,4,,,1,55,,22383,4,,,1,15,,22384,4,,,1,16,,22385,4,,,1,18,,22386,4,,,1,60,,22387,4,,,1,21,,22388,4,,,1,64,,22389,4,,,1,24,,22390,4,,,1,23,,22391,4,,,1,60,,22392,4,,,1,19,,22393,4,,,1,19,,22394,4,,,1,62,,22395,4,,,1,24,,22396,4,,,1,76,,22397,4,,,1,36,,22398,4,,,1,75,,22399,4,,,1,36,,22400,4,,,1,76,,22401,4,,,1,75,,22402,4,,,1,36,,22403,4,,,1,61,,22404,4,,,1,22,,22405,4,,,1,20,,22406,4,,,1,61,,22407,4,,,1,21,,22408,4,,,1,21,,22409,4,,,1,61,,22410,4,,,1,22,,22411,4,,,1,22,,22412,4,,,1,60,,22413,4,,,1,17,,22414,4,,,1,18,,22415,4,,,1,59,,22416,4,,,1,20,,22417,4,,,1,19,,22418,4,,,1,62,,22419,4,,,1,22,,22420,4,,,1,23,,22421,4,,,1,72,,22422,4,,,1,79,,22423,4,,,1,39,,22424,4,,,1,78,,22425,4,,,1,38,,22426,4,,,1,78,,22427,4,,,1,78,,22428,4,,,1,38,,22429,4,,,1
4300,'CPWeekday',452,,22973,5,,,1,80,,22980,5,,,1,80,,22976,5,,,1,40,,22978,5,,,1,80,,22974,5,,,1,80,,22981,5,,,1,40,,22977,5,,,1,80,,22979,5,,,1,80,,22975,5,,,1
