700,'CPHoliday1',2209,,16239,24,,,1
700,'CPSunday',2209,,16240,24,,,1
700,'CPWeekday',243,,16241,24,,,1,81,,16242,24,,,1,83,,16243,24,,,1,42,,16244,24,,,1
700,'MAHoliday1',441,,16281,24,,,1,61,,16294,24,,,1,23,,16277,24,,,1,21,,16272,24,,,1,61,,16271,24,,,1,22,,16287,24,,,1,24,,16270,24,,,1,63,,16296,24,,,1,23,,16278,24,,,1,63,,16269,24,,,1,23,,16266,24,,,1,23,,16288,24,,,1,63,,16267,24,,,1,24,,16295,24,,,1,24,,16279,24,,,1,65,,16261,24,,,1,25,,16260,24,,,1,64,,16289,24,,,1,25,,16268,24,,,1,64,,16293,24,,,1,24,,16280,24,,,1,24,,16259,24,,,1,65,,16254,24,,,1,25,,16286,24,,,1,62,,16253,24,,,1,21,,16265,24,,,1,21,,16292,24,,,1,62,,16273,24,,,1,21,,16256,24,,,1,20,,16250,24,,,1,62,,16283,24,,,1,22,,16248,24,,,1,22,,16262,24,,,1,62,,16290,24,,,1,22,,16275,24,,,1,20,,16257,24,,,1,60,,16249,24,,,1,21,,16282,24,,,1,21,,16245,24,,,1,61,,16264,24,,,1,22,,16291,24,,,1,61,,16274,24,,,1,23,,16258,24,,,1,22,,16251,24,,,1,60,,16284,24,,,1,21,,16246,24,,,1,20,,16263,24,,,1,79,,16276,24,,,1,19,,16255,24,,,1,60,,16252,24,,,1,19,,16285,24,,,1,19,,16247,24,,,1,60,,16297,24,,,1
700,'MASaturday',407,,16355,24,,,1,24,,16354,24,,,1,24,,16353,24,,,1,66,,16352,24,,,1,22,,16351,24,,,1,63,,16350,24,,,1,22,,16349,24,,,1,23,,16348,24,,,1,63,,16347,24,,,1,25,,16346,24,,,1,67,,16345,24,,,1,27,,16344,24,,,1,26,,16338,24,,,1,65,,16337,24,,,1,25,,16335,24,,,1,65,,16332,24,,,1,24,,16333,24,,,1,65,,16334,24,,,1,27,,16339,24,,,1,27,,16331,24,,,1,69,,16330,24,,,1,28,,16324,24,,,1,67,,16329,24,,,1,27,,16323,24,,,1,61,,16322,24,,,1,21,,16341,24,,,1,21,,16328,24,,,1,62,,16321,24,,,1,22,,16318,24,,,1,19,,16316,24,,,1,60,,16319,24,,,1,20,,16314,24,,,1,21,,16313,24,,,1,62,,16340,24,,,1,22,,16325,24,,,1,62,,16312,24,,,1,22,,16310,24,,,1,22,,16311,24,,,1,60,,16317,24,,,1,19,,16308,24,,,1,19,,16306,24,,,1,59,,16342,24,,,1,18,,16326,24,,,1,19,,16309,24,,,1,20,,16303,24,,,1,58,,16302,24,,,1,19,,16320,24,,,1,20,,16307,24,,,1,60,,16301,24,,,1,20,,16343,24,,,1,19,,16327,24,,,1,60,,16304,24,,,1,17,,16299,24,,,1,17,,16300,24,,,1,59,,16315,24,,,1,18,,16305,24,,,1,19,,16298,24,,,1,57,,16336,24,,,1,18,,16356,24,,,1
700,'MASunday',441,,16393,24,,,1,61,,16406,24,,,1,23,,16389,24,,,1,21,,16384,24,,,1,61,,16383,24,,,1,22,,16399,24,,,1,24,,16382,24,,,1,63,,16408,24,,,1,23,,16390,24,,,1,63,,16381,24,,,1,23,,16378,24,,,1,23,,16400,24,,,1,63,,16379,24,,,1,24,,16407,24,,,1,24,,16391,24,,,1,65,,16373,24,,,1,25,,16372,24,,,1,64,,16401,24,,,1,25,,16380,24,,,1,64,,16405,24,,,1,24,,16392,24,,,1,24,,16371,24,,,1,65,,16366,24,,,1,25,,16398,24,,,1,62,,16365,24,,,1,21,,16377,24,,,1,21,,16404,24,,,1,62,,16385,24,,,1,21,,16368,24,,,1,20,,16362,24,,,1,62,,16395,24,,,1,22,,16360,24,,,1,22,,16374,24,,,1,62,,16402,24,,,1,22,,16387,24,,,1,20,,16369,24,,,1,60,,16361,24,,,1,21,,16394,24,,,1,21,,16357,24,,,1,61,,16376,24,,,1,22,,16403,24,,,1,61,,16386,24,,,1,23,,16370,24,,,1,22,,16363,24,,,1,60,,16396,24,,,1,21,,16358,24,,,1,20,,16375,24,,,1,79,,16388,24,,,1,19,,16367,24,,,1,60,,16364,24,,,1,19,,16397,24,,,1,19,,16359,24,,,1,60,,16409,24,,,1
700,'MAWeekday',513,,16410,24,,,1,24,,16411,24,,,1,64,,16412,24,,,1,24,,16413,24,,,1,22,,16414,24,,,1,61,,16415,24,,,1,20,,16416,24,,,1,24,,16417,24,,,1,64,,16418,24,,,1,26,,16419,24,,,1,65,,16420,24,,,1,28,,16421,24,,,1,70,,16422,24,,,1,30,,16423,24,,,1,65,,16424,24,,,1,25,,16425,24,,,1,25,,16426,24,,,1,65,,16427,24,,,1,25,,16428,24,,,1,60,,16429,24,,,1,20,,16430,24,,,1,22,,16431,24,,,1,64,,16432,24,,,1,25,,16433,24,,,1,25,,16434,24,,,1,66,,16435,24,,,1,25,,16436,24,,,1,65,,16437,24,,,1,26,,16438,24,,,1,65,,16439,24,,,1,25,,16440,24,,,1,25,,16441,24,,,1,65,,16442,24,,,1,26,,16443,24,,,1,66,,16444,24,,,1,25,,16445,24,,,1,24,,16446,24,,,1,64,,16447,24,,,1,22,,16448,24,,,1,62,,16449,24,,,1,24,,16450,24,,,1,73,,16451,24,,,1,27,,16452,24,,,1,26,,16453,24,,,1,68,,16454,24,,,1,34,,16455,24,,,1,74,,16456,24,,,1,72,,16457,24,,,1,29,,16458,24,,,1,69,,16459,24,,,1
3900,'CPHoliday1',649,,22190,72,,,1,78,,22184,72,,,1,83,,22179,72,,,1,38,,22175,72,,,1,81,,22191,72,,,1,84,,22182,72,,,1,42,,22180,72,,,1,83,,22174,72,,,1,83,,22189,72,,,1,85,,22183,72,,,1,47,,22176,72,,,1,85,,22173,72,,,1,86,,22192,72,,,1,85,,22186,72,,,1,45,,22177,72,,,1,83,,22172,72,,,1,85,,22193,72,,,1,84,,22185,72,,,1,40,,22178,72,,,1,84,,22171,72,,,1,82,,22188,72,,,1,40,,22187,72,,,1,81,,22181,72,,,1,75,,22170,72,,,1
3900,'CPSaturday',833,,22199,72,,,1,25,,22198,72,,,1,258,,22200,72,,,1,29,,22197,72,,,1,271,,22201,72,,,1,30,,22196,72,,,1,272,,22202,72,,,1,30,,22195,72,,,1,261,,22203,72,,,1,28,,22194,72,,,1,206,,22204,72,,,1
3900,'CPSunday',649,,22225,72,,,1,78,,22219,72,,,1,83,,22214,72,,,1,38,,22210,72,,,1,81,,22226,72,,,1,84,,22217,72,,,1,42,,22215,72,,,1,83,,22209,72,,,1,83,,22224,72,,,1,85,,22218,72,,,1,47,,22211,72,,,1,85,,22208,72,,,1,86,,22227,72,,,1,85,,22221,72,,,1,45,,22212,72,,,1,83,,22207,72,,,1,85,,22228,72,,,1,84,,22220,72,,,1,40,,22213,72,,,1,84,,22206,72,,,1,82,,22223,72,,,1,40,,22222,72,,,1,81,,22216,72,,,1,75,,22205,72,,,1
3900,'MASaturday',648,,22252,72,,,1,66,,22251,72,,,1,28,,22245,72,,,1,66,,22244,72,,,1,116,,22246,72,,,1,28,,22239,72,,,1,66,,22237,72,,,1,30,,22238,72,,,1,166,,22250,72,,,1,31,,22240,72,,,1,70,,22234,72,,,1,30,,22232,72,,,1,171,,22249,72,,,1,30,,22243,72,,,1,71,,22235,72,,,1,30,,22230,72,,,1,170,,22247,72,,,1,27,,22242,72,,,1,69,,22233,72,,,1,30,,22229,72,,,1,162,,22248,72,,,1,25,,22241,72,,,1,26,,22236,72,,,1,64,,22231,72,,,1
3900,'MAWeekday',521,,22253,40,,,1,91,,22254,73,,,1,26,,22255,73,,,1,64,,22256,73,,,1,22,,22257,73,,,1,19,,22258,73,,,1,61,,22259,73,,,1,19,,22260,73,,,1,20,,22261,73,,,1,63,,22262,73,,,1,24,,22263,73,,,1,20,,22264,72,,,1,71,,22265,72,,,1,35,,22266,72,,,1,77,,22267,72,,,1,77,,22268,72,,,1,38,,22269,72,,,1,77,,22270,72,,,1,76,,22271,72,,,1,34,,22272,72,,,1,65,,22273,72,,,1,29,,22274,73,,,1,20,,22275,73,,,1,61,,22276,73,,,1,21,,22277,73,,,1,22,,22278,73,,,1,58,,22279,73,,,1,19,,22280,73,,,1,17,,22281,73,,,1,59,,22282,73,,,1,21,,22283,73,,,1,22,,22284,73,,,1,60,,22285,73,,,1,21,,22286,73,,,1,16,,22287,72,,,1,62,,22288,72,,,1,22,,22289,72,,,1,18,,22290,72,,,1,75,,22291,72,,,1,77,,22292,72,,,1,41,,22293,72,,,1,80,,22294,72,,,1,37,,22295,72,,,1,75,,22296,72,,,1,73,,22297,72,,,1,33,,22298,72,,,1,74,,22299,72,,,1
4301,'CPWeekday',1516,,22984,65,,,1,42,,22982,65,,,1,83,,22987,65,,,1,81,,22989,65,,,1,81,,22985,65,,,1,40,,22983,65,,,1,80,,22988,65,,,1,80,,22990,65,,,1,39,,22986,65,,,1
