1000,'CPHoliday1',840,,16866,4,,1,72,,16865,4,,1,32,,16864,4,,1,73,,16863,4,,1,33,,16862,4,,1,74,,16861,4,,1,76,,16860,4,,1,36,,16859,4,,1,74,,16858,4,,1,35,,16857,4,,1,76,,16856,4,,1,37,,16855,4,,1,77,,16854,4,,1,75,,16853,4,,1,35,,16852,4,,1,75,,16851,4,,1,36,,16847,4,,1,73,,16849,4,,1,74,,16846,4,,1,35,,16845,4,,1,73,,16844,4,,1,34,,16850,4,,1,74,,16843,4,,1,34,,16841,4,,1,73,,16840,4,,1,31,,16848,4,,1,71,,16842,4,,1,30,,16839,4,,1
1000,'CPSaturday',652,,16907,4,,1,65,,16904,4,,1,25,,16902,4,,1,65,,16906,4,,1,25,,16905,4,,1,26,,16903,4,,1,67,,16900,4,,1,27,,16901,4,,1,67,,16898,4,,1,27,,16899,4,,1,68,,16897,4,,1,28,,16896,4,,1,68,,16895,4,,1,28,,16894,4,,1,70,,16893,4,,1,30,,16892,4,,1,68,,16891,4,,1,29,,16890,4,,1,70,,16889,4,,1,29,,16888,4,,1,70,,16887,4,,1,29,,16886,4,,1,67,,16881,4,,1,29,,16880,4,,1,29,,16876,4,,1,68,,16884,4,,1,28,,16875,4,,1,67,,16874,4,,1,28,,16877,4,,1,68,,16871,4,,1,25,,16885,4,,1,65,,16872,4,,1,26,,16868,4,,1,26,,16878,4,,1,67,,16870,4,,1,26,,16883,4,,1,65,,16873,4,,1,25,,16867,4,,1,63,,16879,4,,1,24,,16869,4,,1,23,,16882,4,,1
1000,'CPSunday',840,,16935,4,,1,72,,16934,4,,1,32,,16933,4,,1,73,,16932,4,,1,33,,16931,4,,1,74,,16930,4,,1,76,,16929,4,,1,36,,16928,4,,1,74,,16927,4,,1,35,,16926,4,,1,76,,16925,4,,1,37,,16924,4,,1,77,,16923,4,,1,75,,16922,4,,1,35,,16921,4,,1,75,,16920,4,,1,36,,16916,4,,1,73,,16918,4,,1,74,,16915,4,,1,35,,16914,4,,1,73,,16913,4,,1,34,,16919,4,,1,74,,16912,4,,1,34,,16910,4,,1,73,,16909,4,,1,31,,16917,4,,1,71,,16911,4,,1,30,,16908,4,,1
1000,'CPWeekday',552,,16983,4,,1,61,,16982,4,,1,22,,16984,4,,1,68,,16985,4,,1,23,,16981,4,,1,26,,16980,4,,1,66,,16979,4,,1,26,,16977,4,,1,65,,16978,4,,1,26,,16976,4,,1,65,,16975,4,,1,26,,16973,4,,1,25,,16974,4,,1,64,,16972,4,,1,24,,16971,4,,1,65,,16970,4,,1,25,,16969,4,,1,25,,16968,4,,1,66,,16967,4,,1,26,,16966,4,,1,65,,16965,4,,1,27,,16964,4,,1,67,,16962,4,,1,19,,16936,4,,1,7,,16963,4,,1,27,,16956,4,,1,65,,16953,4,,1,21,,16952,4,,1,61,,16960,4,,1,21,,16951,4,,1,23,,16949,4,,1,64,,16947,4,,1,23,,16948,4,,1,65,,16946,4,,1,19,,16944,4,,1,19,,16959,4,,1,61,,16955,4,,1,20,,16943,4,,1,20,,16942,4,,1,62,,16945,4,,1,23,,16941,4,,1,34,,16957,4,,1,68,,16954,4,,1,32,,16938,4,,1,73,,16939,4,,1,69,,16958,4,,1,30,,16950,4,,1,69,,16937,4,,1,28,,16940,4,,1,25,,16961,4,,1
1300,'CPHoliday1',701,,17679,4,,1,36,,17680,4,,1,74,,17681,4,,1,36,,17682,4,,1,78,,17683,4,,1,80,,17684,4,,1,38,,17685,4,,1,81,,17686,4,,1,81,,17687,4,,1,40,,17688,4,,1,80,,17689,4,,1,80,,17690,4,,1,42,,17691,4,,1,84,,17692,4,,1,82,,17693,4,,1,42,,17694,4,,1,81,,17695,4,,1,82,,17696,4,,1,39,,17697,4,,1,79,,17698,4,,1,80,,17699,4,,1,39,,17700,4,,1,79,,17701,4,,1,78,,17702,4,,1,44,,17703,4,,1,92,,17704,4,,1,90,,17705,4,,1,86,,17706,4,,1,88,,17707,4,,1
1300,'CPSaturday',513,,17708,4,,1,35,,17709,4,,1,74,,17710,4,,1,35,,17711,4,,1,75,,17712,4,,1,79,,17713,4,,1,39,,17714,4,,1,81,,17715,4,,1,78,,17716,4,,1,30,,17717,4,,1,69,,17718,4,,1,32,,17719,4,,1,72,,17720,4,,1,34,,17721,4,,1,74,,17722,4,,1,35,,17723,4,,1,74,,17724,4,,1,74,,17725,4,,1,34,,17726,4,,1,74,,17727,4,,1,34,,17728,4,,1,71,,17729,4,,1,32,,17730,4,,1,72,,17731,4,,1,30,,17732,4,,1,71,,17733,4,,1,31,,17734,4,,1,71,,17735,4,,1,30,,17736,4,,1,69,,17737,4,,1,29,,17738,4,,1,72,,17739,4,,1,88,,17740,4,,1,47,,17741,4,,1,86,,17742,4,,1,87,,17743,4,,1,86,,17744,4,,1
1300,'CPSunday',701,,17745,4,,1,36,,17746,4,,1,74,,17747,4,,1,36,,17748,4,,1,78,,17749,4,,1,80,,17750,4,,1,38,,17751,4,,1,81,,17752,4,,1,81,,17753,4,,1,40,,17754,4,,1,80,,17755,4,,1,80,,17756,4,,1,42,,17757,4,,1,84,,17758,4,,1,82,,17759,4,,1,42,,17760,4,,1,81,,17761,4,,1,82,,17762,4,,1,39,,17763,4,,1,79,,17764,4,,1,80,,17765,4,,1,39,,17766,4,,1,79,,17767,4,,1,78,,17768,4,,1,44,,17769,4,,1,92,,17770,4,,1,90,,17771,4,,1,86,,17772,4,,1,88,,17773,4,,1
1300,'CPWeekday',513,,17776,4,,1,25,,17777,4,,1,68,,17778,4,,1,24,,17779,4,,1,27,,17780,4,,1,67,,17781,4,,1,24,,17782,4,,1,70,,17783,4,,1,28,,17784,4,,1,68,,17785,4,,1,26,,17786,4,,1,66,,17787,4,,1,25,,17788,4,,1,24,,17789,4,,1,63,,17790,4,,1,24,,17791,4,,1,64,,17792,4,,1,26,,17793,4,,1,26,,17794,4,,1,69,,17795,4,,1,28,,17796,4,,1,67,,17797,4,,1,28,,17798,4,,1,54,,17774,4,,1,13,,17799,4,,1,14,,17775,4,,1,14,,17800,4,,1,66,,17801,4,,1,26,,17802,4,,1,63,,17803,4,,1,23,,17804,4,,1,23,,17805,4,,1,62,,17806,4,,1,24,,17807,4,,1,20,,17808,4,,1,63,,17809,4,,1,22,,17810,4,,1,21,,17811,4,,1,58,,17812,4,,1,19,,17813,4,,1,67,,17814,4,,1,29,,17815,4,,1,70,,17816,4,,1,26,,17817,4,,1,92,,17818,4,,1,87,,17819,4,,1,52,,17820,4,,1,90,,17821,4,,1,89,,17822,4,,1,88,,17823,4,,1
3800,'CPHoliday1',841,,21723,4,,1,94,,21734,4,,1,94,,21724,4,,1,91,,21725,4,,1,98,,21730,4,,1,97,,21727,4,,1,96,,21726,4,,1,95,,21733,4,,1,97,,21728,4,,1,55,,21732,4,,1,93,,21729,4,,1,94,,21731,4,,1,93,,21735,4,,1,92,,21737,4,,1,88,,21736,4,,1
3800,'CPSaturday',729,,21752,4,,1,78,,21753,4,,1,30,,21754,4,,1,73,,21755,4,,1,31,,21756,4,,1,71,,21757,4,,1,34,,21758,4,,1,74,,21759,4,,1,31,,21760,4,,1,74,,21761,4,,1,34,,21762,4,,1,74,,21763,4,,1,75,,21764,4,,1,34,,21765,4,,1,77,,21766,4,,1,35,,21767,4,,1,75,,21768,4,,1,76,,21769,4,,1,34,,21738,4,,1,73,,21739,4,,1,34,,21740,4,,1,73,,21741,4,,1,33,,21742,4,,1,70,,21743,4,,1,31,,21744,4,,1,72,,21745,4,,1,32,,21746,4,,1,68,,21747,4,,1,30,,21748,4,,1,68,,21749,4,,1,27,,21750,4,,1,63,,21751,4,,1
3800,'CPSunday',841,,21770,4,,1,94,,21781,4,,1,94,,21771,4,,1,91,,21772,4,,1,98,,21777,4,,1,97,,21774,4,,1,96,,21773,4,,1,95,,21780,4,,1,97,,21775,4,,1,55,,21779,4,,1,93,,21776,4,,1,94,,21778,4,,1,93,,21782,4,,1,92,,21784,4,,1,88,,21783,4,,1
3800,'CPWeekday',506,,21817,4,,1,21,,21821,4,,1,31,,21810,4,,1,63,,21809,4,,1,30,,21807,4,,1,68,,21806,4,,1,30,,21808,4,,1,74,,21818,4,,1,27,,21785,4,,1,5,,21812,4,,1,75,,21801,4,,1,75,,21799,4,,1,38,,21798,4,,1,78,,21822,4,,1,80,,21813,4,,1,38,,21800,4,,1,77,,21795,4,,1,36,,21794,4,,1,75,,21819,4,,1,78,,21814,4,,1,16,,21793,4,,1,36,,21804,4,,1,73,,21796,4,,1,70,,21791,4,,1,29,,21792,4,,1,28,,21823,4,,1,67,,21815,4,,1,30,,21790,4,,1,67,,21805,4,,1,31,,21797,4,,1,69,,21787,4,,1,33,,21820,4,,1,73,,21811,4,,1,25,,21786,4,,1,66,,21802,4,,1,84,,21788,4,,1,44,,21816,4,,1,83,,21803,4,,1,81,,21789,4,,1
3901,'CPHoliday1',809,,22073,4,,1,41,,22068,4,,1,81,,22062,4,,1,82,,22059,4,,1,44,,22074,4,,1,83,,22071,4,,1,85,,22063,4,,1,86,,22058,4,,1,45,,22075,4,,1,84,,22069,4,,1,85,,22064,4,,1,86,,22057,4,,1,45,,22076,4,,1,85,,22070,4,,1,85,,22065,4,,1,82,,22056,4,,1,43,,22077,4,,1,80,,22066,4,,1,81,,22061,4,,1,42,,22055,4,,1,78,,22072,4,,1,79,,22067,4,,1,36,,22060,4,,1,70,,22054,4,,1
3901,'CPSaturday',954,,22083,4,,1,69,,22082,4,,1,225,,22084,4,,1,70,,22081,4,,1,234,,22085,4,,1,68,,22080,4,,1,225,,22086,4,,1,70,,22079,4,,1,218,,22087,4,,1,26,,22078,4,,1
3901,'CPSunday',809,,22107,4,,1,41,,22102,4,,1,81,,22096,4,,1,82,,22093,4,,1,44,,22108,4,,1,83,,22105,4,,1,85,,22097,4,,1,86,,22092,4,,1,45,,22109,4,,1,84,,22103,4,,1,85,,22098,4,,1,86,,22091,4,,1,45,,22110,4,,1,85,,22104,4,,1,85,,22099,4,,1,82,,22090,4,,1,43,,22111,4,,1,80,,22100,4,,1,81,,22095,4,,1,42,,22089,4,,1,78,,22106,4,,1,79,,22101,4,,1,36,,22094,4,,1,70,,22088,4,,1
3901,'MASaturday',802,,22132,4,,1,27,,22128,4,,1,27,,22127,4,,1,67,,22121,4,,1,128,,22129,4,,1,69,,22124,4,,1,28,,22120,4,,1,70,,22118,4,,1,128,,22130,4,,1,73,,22125,4,,1,32,,22116,4,,1,71,,22112,4,,1,127,,22131,4,,1,70,,22122,4,,1,29,,22117,4,,1,67,,22113,4,,1,127,,22133,4,,1,67,,22123,4,,1,29,,22115,4,,1,67,,22114,4,,1,116,,22134,4,,1,22,,22126,4,,1,59,,22119,4,,1
3901,'MAWeekday',533,,22135,4,,1,17,,22136,4,,1,59,,22137,4,,1,19,,22138,4,,1,17,,22139,4,,1,59,,22140,4,,1,23,,22141,4,,1,25,,22142,4,,1,65,,22143,4,,1,26,,22144,4,,1,62,,22145,4,,1,20,,22146,4,,1,17,,22147,4,,1,59,,22148,4,,1,18,,22149,4,,1,23,,22150,4,,1,73,,22151,4,,1,35,,22152,4,,1,75,,22153,4,,1,32,,22154,4,,1,74,,22155,4,,1,77,,22156,4,,1,43,,22157,4,,1,68,,22158,4,,1,25,,22159,4,,1,60,,22160,4,,1,23,,22161,4,,1,24,,22162,4,,1,60,,22163,4,,1,23,,22164,4,,1,21,,22165,4,,1,62,,22166,4,,1,17,,22167,4,,1,15,,22168,4,,1,56,,22169,4,,1,17,,22170,4,,1,19,,22171,4,,1,18,,22172,4,,1,60,,22173,4,,1,19,,22174,4,,1,20,,22175,4,,1,71,,22176,4,,1,78,,22177,4,,1,35,,22178,4,,1,78,,22179,4,,1,37,,22180,4,,1,76,,22181,4,,1,74,,22182,4,,1,38,,22183,4,,1
4201,'CPWeekday',449,,22462,4,,1,68,,22463,4,,1,22,,22464,4,,1,63,,22465,4,,1,27,,22466,4,,1,17,,22467,4,,1,56,,22468,4,,1,17,,22469,4,,1,15,,22470,4,,1,16,,22471,4,,1,55,,22472,4,,1,15,,22473,4,,1,15,,22474,4,,1,15,,22475,4,,1,54,,22476,4,,1,13,,22477,4,,1,12,,22478,4,,1,15,,22479,4,,1,15,,22480,4,,1,53,,22481,4,,1,15,,22482,4,,1,16,,22483,4,,1,15,,22484,4,,1,55,,22485,4,,1,15,,22486,4,,1,16,,22487,4,,1,56,,22488,4,,1,14,,22489,4,,1,16,,22490,4,,1,16,,22491,4,,1,56,,22492,4,,1,15,,22493,4,,1,18,,22494,4,,1,17,,22495,4,,1,55,,22496,4,,1,15,,22497,4,,1,17,,22498,4,,1,15,,22499,4,,1,55,,22500,4,,1,15,,22501,4,,1,16,,22502,4,,1,16,,22503,4,,1,57,,22504,4,,1,15,,22505,4,,1,15,,22506,4,,1,15,,22507,4,,1,55,,22508,4,,1,15,,22509,4,,1,13,,22510,4,,1,14,,22511,4,,1,55,,22512,4,,1,15,,22513,4,,1,15,,22514,4,,1,14,,22515,4,,1,53,,22516,4,,1,14,,22517,4,,1,12,,22518,4,,1,14,,22519,4,,1,55,,22520,4,,1,14,,22521,4,,1,15,,22522,4,,1,13,,22523,4,,1,15,,22524,4,,1,54,,22525,4,,1,15,,22526,4,,1,14,,22527,4,,1,15,,22528,4,,1,55,,22529,4,,1,14,,22530,4,,1,15,,22531,4,,1,15,,22532,4,,1,55,,22533,4,,1,14,,22534,4,,1,13,,22535,4,,1,14,,22536,4,,1,54,,22537,4,,1,13,,22538,4,,1,15,,22539,4,,1,15,,22540,4,,1,55,,22541,4,,1,15,,22542,4,,1,15,,22543,4,,1,14,,22544,4,,1
4201,'MAHoliday1',613,,22545,4,,1,25,,22546,4,,1,63,,22547,4,,1,26,,22548,4,,1,24,,22549,4,,1,67,,22550,4,,1,26,,22551,4,,1,64,,22552,4,,1,21,,22553,4,,1,19,,22554,4,,1,61,,22555,4,,1,22,,22556,4,,1,22,,22557,4,,1,62,,22558,4,,1,24,,22559,4,,1,64,,22560,4,,1,24,,22561,4,,1,23,,22562,4,,1,63,,22563,4,,1,22,,22564,4,,1,23,,22565,4,,1,61,,22566,4,,1,20,,22567,4,,1,19,,22568,4,,1,60,,22569,4,,1,20,,22570,4,,1,20,,22571,4,,1,60,,22572,4,,1,20,,22573,4,,1,21,,22574,4,,1,60,,22575,4,,1,20,,22576,4,,1,19,,22577,4,,1,59,,22578,4,,1,20,,22579,4,,1,19,,22580,4,,1,60,,22581,4,,1,20,,22582,4,,1,21,,22583,4,,1,60,,22584,4,,1,20,,22585,4,,1,19,,22586,4,,1,59,,22587,4,,1,19,,22588,4,,1,22,,22589,4,,1,63,,22590,4,,1,24,,22591,4,,1,59,,22592,4,,1,19,,22593,4,,1,17,,22594,4,,1,19,,22595,4,,1,59,,22596,4,,1,18,,22597,4,,1,19,,22598,4,,1,60,,22599,4,,1
4201,'MASaturday',536,,22624,4,,1,16,,22625,4,,1,56,,22626,4,,1,15,,22627,4,,1,18,,22628,4,,1,18,,22629,4,,1,55,,22600,4,,1,15,,22609,4,,1,18,,22630,4,,1,56,,22631,4,,1,16,,22632,4,,1,16,,22633,4,,1,18,,22634,4,,1,58,,22635,4,,1,18,,22601,4,,1,17,,22610,4,,1,57,,22636,4,,1,18,,22637,4,,1,18,,22638,4,,1,18,,22639,4,,1,57,,22640,4,,1,16,,22641,4,,1,15,,22602,4,,1,55,,22611,4,,1,15,,22642,4,,1,14,,22618,4,,1,15,,22643,4,,1,15,,22644,4,,1,55,,22645,4,,1,15,,22646,4,,1,16,,22647,4,,1,56,,22603,4,,1,16,,22612,4,,1,17,,22648,4,,1,16,,22619,4,,1,58,,22649,4,,1,16,,22650,4,,1,16,,22651,4,,1,16,,22652,4,,1,56,,22653,4,,1,16,,22604,4,,1,16,,22613,4,,1,56,,22654,4,,1,16,,22620,4,,1,16,,22655,4,,1,16,,22656,4,,1,54,,22657,4,,1,16,,22658,4,,1,16,,22659,4,,1,16,,22605,4,,1,56,,22614,4,,1,16,,22660,4,,1,15,,22621,4,,1,15,,22661,4,,1,56,,22662,4,,1,15,,22663,4,,1,18,,22664,4,,1,18,,22606,4,,1,59,,22615,4,,1,18,,22665,4,,1,20,,22622,4,,1,62,,22666,4,,1,21,,22667,4,,1,19,,22607,4,,1,60,,22616,4,,1,20,,22668,4,,1,20,,22623,4,,1,59,,22669,4,,1,19,,22670,4,,1,20,,22608,4,,1,58,,22617,4,,1,15,,22671,4,,1
4201,'MASunday',613,,22672,4,,1,25,,22673,4,,1,63,,22674,4,,1,26,,22675,4,,1,24,,22676,4,,1,67,,22677,4,,1,26,,22678,4,,1,64,,22679,4,,1,21,,22680,4,,1,19,,22681,4,,1,61,,22682,4,,1,22,,22683,4,,1,22,,22684,4,,1,62,,22685,4,,1,24,,22686,4,,1,64,,22687,4,,1,24,,22688,4,,1,23,,22689,4,,1,63,,22690,4,,1,22,,22691,4,,1,23,,22692,4,,1,61,,22693,4,,1,20,,22694,4,,1,19,,22695,4,,1,60,,22696,4,,1,20,,22697,4,,1,20,,22698,4,,1,60,,22699,4,,1,20,,22700,4,,1,21,,22701,4,,1,60,,22702,4,,1,20,,22703,4,,1,19,,22704,4,,1,59,,22705,4,,1,20,,22706,4,,1,19,,22707,4,,1,60,,22708,4,,1,20,,22709,4,,1,21,,22710,4,,1,60,,22711,4,,1,20,,22712,4,,1,19,,22713,4,,1,59,,22714,4,,1,19,,22715,4,,1,22,,22716,4,,1,63,,22717,4,,1,24,,22718,4,,1,59,,22719,4,,1,19,,22720,4,,1,17,,22721,4,,1,19,,22722,4,,1,59,,22723,4,,1,18,,22724,4,,1,19,,22725,4,,1,60,,22726,4,,1
4300,'CPWeekday',548,,22727,4,,1,82,,22734,4,,1,81,,22730,4,,1,40,,22732,4,,1,80,,22728,4,,1,80,,22735,4,,1,37,,22731,4,,1,76,,22733,4,,1,80,,22729,4,,1
4400,'CPHoliday1',757,,22768,4,,1,84,,22769,4,,1,85,,22767,4,,1,85,,22765,4,,1,30,,22764,4,,1,70,,22766,4,,1,30,,22762,4,,1,71,,22761,4,,1,29,,22763,4,,1,71,,22759,4,,1,31,,22760,4,,1,71,,22757,4,,1,31,,22758,4,,1,71,,22756,4,,1,31,,22755,4,,1,71,,22754,4,,1,31,,22753,4,,1,71,,22752,4,,1,31,,22751,4,,1,85,,22747,4,,1,86,,22748,4,,1,80,,22746,4,,1,45,,22749,4,,1,83,,22745,4,,1,80,,22750,4,,1
4400,'CPSaturday',802,,22792,4,,1,45,,22793,4,,1,88,,22791,4,,1,85,,22789,4,,1,85,,22790,4,,1,45,,22788,4,,1,85,,22787,4,,1,85,,22784,4,,1,30,,22786,4,,1,71,,22785,4,,1,32,,22783,4,,1,74,,22782,4,,1,32,,22781,4,,1,72,,22780,4,,1,72,,22779,4,,1,31,,22777,4,,1,72,,22776,4,,1,31,,22775,4,,1,72,,22778,4,,1,32,,22772,4,,1,81,,22771,4,,1,82,,22773,4,,1,44,,22770,4,,1,82,,22774,4,,1
4400,'CPSunday',757,,22817,4,,1,84,,22818,4,,1,85,,22816,4,,1,85,,22814,4,,1,30,,22813,4,,1,70,,22815,4,,1,30,,22811,4,,1,71,,22810,4,,1,29,,22812,4,,1,71,,22808,4,,1,31,,22809,4,,1,71,,22806,4,,1,31,,22807,4,,1,71,,22805,4,,1,31,,22804,4,,1,71,,22803,4,,1,31,,22802,4,,1,71,,22801,4,,1,31,,22800,4,,1,85,,22796,4,,1,86,,22797,4,,1,80,,22795,4,,1,45,,22798,4,,1,83,,22794,4,,1,80,,22799,4,,1
4400,'CPWeekday',607,,22857,4,,1,16,,22858,4,,1,20,,22862,4,,1,60,,22859,4,,1,23,,22854,4,,1,20,,22856,4,,1,60,,22855,4,,1,20,,22863,4,,1,20,,22853,4,,1,62,,22850,4,,1,22,,22851,4,,1,22,,22852,4,,1,62,,22867,4,,1,22,,22843,4,,1,22,,22842,4,,1,62,,22845,4,,1,22,,22841,4,,1,62,,22864,4,,1,20,,22840,4,,1,20,,22839,4,,1,60,,22849,4,,1,20,,22834,4,,1,20,,22865,4,,1,60,,22835,4,,1,21,,22833,4,,1,21,,22869,4,,1,10,,22846,4,,1,54,,22832,4,,1,12,,22874,4,,1,12,,22861,4,,1,14,,22838,4,,1,54,,22877,4,,1,16,,22831,4,,1,16,,22847,4,,1,14,,22872,4,,1,54,,22830,4,,1,14,,22860,4,,1,14,,22870,4,,1,16,,22836,4,,1,56,,22824,4,,1,10,,22875,4,,1,18,,22848,4,,1,15,,22826,4,,1,10,,22876,4,,1,55,,22866,4,,1,16,,22871,4,,1,10,,22837,4,,1,14,,22820,4,,1,53,,22868,4,,1,14,,22844,4,,1,14,,22825,4,,1,16,,22873,4,,1,80,,22821,4,,1,81,,22827,4,,1,43,,22819,4,,1,86,,22829,4,,1,86,,22822,4,,1,86,,22828,4,,1,45,,22823,4,,1
4500,'CPHoliday1',846,,23036,4,,1,77,,23037,4,,1,36,,23038,4,,1,77,,23034,4,,1,78,,23035,4,,1,38,,23025,4,,1,79,,23026,4,,1,81,,23030,4,,1,40,,23027,4,,1,80,,23029,4,,1,81,,23028,4,,1,40,,23024,4,,1,81,,23023,4,,1,80,,23033,4,,1,39,,23020,4,,1,80,,23021,4,,1,78,,23031,4,,1,40,,23018,4,,1,78,,23022,4,,1,77,,23032,4,,1,36,,23017,4,,1,76,,23019,4,,1
4500,'CPSaturday',716,,23062,4,,1,35,,23061,4,,1,75,,23060,4,,1,76,,23059,4,,1,38,,23058,4,,1,78,,23057,4,,1,83,,23056,4,,1,42,,23051,4,,1,80,,23049,4,,1,80,,23053,4,,1,41,,23048,4,,1,83,,23047,4,,1,82,,23052,4,,1,44,,23046,4,,1,82,,23044,4,,1,82,,23054,4,,1,42,,23043,4,,1,79,,23040,4,,1,78,,23055,4,,1,36,,23045,4,,1,80,,23039,4,,1,78,,23050,4,,1,40,,23042,4,,1,75,,23041,4,,1
4500,'CPSunday',846,,23082,4,,1,77,,23083,4,,1,36,,23084,4,,1,77,,23080,4,,1,78,,23081,4,,1,38,,23071,4,,1,79,,23072,4,,1,81,,23076,4,,1,40,,23073,4,,1,80,,23075,4,,1,81,,23074,4,,1,40,,23070,4,,1,81,,23069,4,,1,80,,23079,4,,1,39,,23066,4,,1,80,,23067,4,,1,78,,23077,4,,1,40,,23064,4,,1,78,,23068,4,,1,77,,23078,4,,1,36,,23063,4,,1,76,,23065,4,,1
4500,'CPWeekday',538,,23086,4,,1,82,,23087,4,,1,19,,23088,4,,1,19,,23089,4,,1,61,,23090,4,,1,15,,23091,4,,1,20,,23092,4,,1,62,,23093,4,,1,19,,23094,4,,1,19,,23095,4,,1,59,,23096,4,,1,19,,23097,4,,1,20,,23098,4,,1,60,,23099,4,,1,19,,23100,4,,1,19,,23101,4,,1,70,,23102,4,,1,35,,23103,4,,1,72,,23104,4,,1,32,,23105,4,,1,72,,23106,4,,1,75,,23107,4,,1,35,,23108,4,,1,71,,23109,4,,1,27,,23110,4,,1,63,,23111,4,,1,20,,23112,4,,1,9,,23113,4,,1,23,,23114,4,,1,55,,23115,4,,1,25,,23116,4,,1,15,,23117,4,,1,64,,23118,4,,1,13,,23119,4,,1,20,,23120,4,,1,55,,23121,4,,1,18,,23122,4,,1,16,,23123,4,,1,23,,23124,4,,1,63,,23125,4,,1,24,,23126,4,,1,59,,23127,4,,1,18,,23128,4,,1,18,,23129,4,,1,60,,23130,4,,1,18,,23131,4,,1,35,,23132,4,,1,74,,23133,4,,1,75,,23134,4,,1,36,,23135,4,,1
4600,'CPHoliday1',827,,23251,4,,1,80,,23252,4,,1,42,,23253,4,,1,80,,23254,4,,1,80,,23255,4,,1,40,,23256,4,,1,80,,23257,4,,1,80,,23258,4,,1,42,,23259,4,,1,82,,23260,4,,1,83,,23261,4,,1,84,,23262,4,,1,42,,23263,4,,1,82,,23264,4,,1,82,,23265,4,,1,42,,23266,4,,1,82,,23267,4,,1,84,,23268,4,,1,43,,23269,4,,1,79,,23270,4,,1
4600,'CPSaturday',740,,23271,4,,1,81,,23272,4,,1,80,,23273,4,,1,42,,23274,4,,1,80,,23275,4,,1,80,,23276,4,,1,42,,23277,4,,1,82,,23278,4,,1,82,,23279,4,,1,45,,23280,4,,1,84,,23281,4,,1,84,,23282,4,,1,84,,23283,4,,1,44,,23284,4,,1,84,,23285,4,,1,83,,23286,4,,1,84,,23287,4,,1,44,,23288,4,,1,80,,23289,4,,1,81,,23290,4,,1,40,,23291,4,,1,80,,23292,4,,1,80,,23293,4,,1
4600,'CPSunday',827,,23294,4,,1,80,,23295,4,,1,42,,23296,4,,1,80,,23297,4,,1,80,,23298,4,,1,40,,23299,4,,1,80,,23300,4,,1,80,,23301,4,,1,42,,23302,4,,1,82,,23303,4,,1,83,,23304,4,,1,84,,23305,4,,1,42,,23306,4,,1,82,,23307,4,,1,82,,23308,4,,1,42,,23309,4,,1,82,,23310,4,,1,84,,23311,4,,1,43,,23312,4,,1,79,,23313,4,,1
4600,'CPWeekday',518,,23343,4,,1,93,,23342,4,,1,41,,23338,4,,1,83,,23344,4,,1,72,,23314,4,,1,14,,23339,4,,1,88,,23341,4,,1,44,,23345,4,,1,84,,23340,4,,1,84,,23322,4,,1,84,,23333,4,,1,44,,23330,4,,1,86,,23334,4,,1,85,,23329,4,,1,16,,23315,4,,1,71,,23331,4,,1,21,,23316,4,,1,27,,23332,4,,1,88,,23335,4,,1,88,,23326,4,,1,86,,23324,4,,1,86,,23336,4,,1,46,,23323,4,,1,82,,23337,4,,1,82,,23325,4,,1,43,,23327,4,,1,82,,23328,4,,1,81,,23317,4,,1,37,,23320,4,,1,80,,23319,4,,1,78,,23318,4,,1,37,,23321,4,,1
4800,'CPHoliday1',625,,23441,4,,1,30,,23442,4,,1,70,,23443,4,,1,76,,23444,4,,1,35,,23445,4,,1,76,,23446,4,,1,36,,23447,4,,1,77,,23448,4,,1,75,,23449,4,,1,40,,23450,4,,1,78,,23451,4,,1,38,,23452,4,,1,78,,23453,4,,1,78,,23454,4,,1,38,,23455,4,,1,78,,23456,4,,1,78,,23457,4,,1,37,,23458,4,,1,79,,23459,4,,1,78,,23460,4,,1,38,,23461,4,,1,76,,23462,4,,1,38,,23463,4,,1,75,,23464,4,,1,75,,23465,4,,1,33,,23466,4,,1,71,,23467,4,,1,29,,23468,4,,1,72,,23469,4,,1
4800,'CPSaturday',527,,23470,4,,1,31,,23471,4,,1,70,,23472,4,,1,72,,23473,4,,1,37,,23474,4,,1,75,,23475,4,,1,37,,23476,4,,1,78,,23477,4,,1,76,,23478,4,,1,37,,23479,4,,1,78,,23480,4,,1,38,,23481,4,,1,80,,23482,4,,1,78,,23483,4,,1,38,,23484,4,,1,78,,23485,4,,1,78,,23486,4,,1,41,,23487,4,,1,81,,23488,4,,1,80,,23489,4,,1,40,,23490,4,,1,79,,23491,4,,1,78,,23492,4,,1,40,,23493,4,,1,77,,23494,4,,1,78,,23495,4,,1,34,,23496,4,,1,74,,23497,4,,1,36,,23498,4,,1,73,,23499,4,,1,34,,23500,4,,1,73,,23501,4,,1,33,,23502,4,,1,74,,23503,4,,1,74,,23504,4,,1,34,,23505,4,,1,72,,23506,4,,1
4800,'CPSunday',625,,23507,4,,1,30,,23508,4,,1,70,,23509,4,,1,76,,23510,4,,1,35,,23511,4,,1,76,,23512,4,,1,36,,23513,4,,1,77,,23514,4,,1,75,,23515,4,,1,40,,23516,4,,1,78,,23517,4,,1,38,,23518,4,,1,78,,23519,4,,1,78,,23520,4,,1,38,,23521,4,,1,78,,23522,4,,1,78,,23523,4,,1,37,,23524,4,,1,79,,23525,4,,1,78,,23526,4,,1,38,,23527,4,,1,76,,23528,4,,1,38,,23529,4,,1,75,,23530,4,,1,75,,23531,4,,1,33,,23532,4,,1,71,,23533,4,,1,29,,23534,4,,1,72,,23535,4,,1
4800,'CPWeekday',452,,23536,4,,1,85,,23537,4,,1,82,,23538,4,,1,19,,23539,4,,1,18,,23540,4,,1,63,,23541,4,,1,21,,23542,4,,1,63,,23543,4,,1,24,,23544,4,,1,22,,23545,4,,1,62,,23546,4,,1,22,,23547,4,,1,24,,23548,4,,1,65,,23549,4,,1,29,,23550,4,,1,68,,23551,4,,1,30,,23552,4,,1,70,,23553,4,,1,30,,23554,4,,1,68,,23555,4,,1,28,,23556,4,,1,68,,23557,4,,1,23,,23558,4,,1,22,,23559,4,,1,64,,23560,4,,1,25,,23561,4,,1,64,,23562,4,,1,24,,23563,4,,1,24,,23564,4,,1,64,,23565,4,,1,24,,23566,4,,1,64,,23567,4,,1,24,,23568,4,,1,68,,23569,4,,1,38,,23570,4,,1,80,,23571,4,,1,37,,23572,4,,1,76,,23573,4,,1,74,,23574,4,,1,33,,23575,4,,1,74,,23576,4,,1,42,,23577,4,,1,83,,23578,4,,1,80,,23579,4,,1
9000,'CPWeekday',546,,25543,4,,1,65,,25544,4,,1,31,,25545,4,,1,70,,25546,4,,1,30,,25547,4,,1,70,,25548,4,,1,30,,25549,4,,1,90,,25550,4,,1,91,,25551,4,,1,90,,25552,4,,1,90,,25553,4,,1,50,,25554,4,,1,90,,25555,4,,1,71,,25556,4,,1,30,,25557,4,,1,69,,25558,4,,1,30,,25559,4,,1,69,,25560,4,,1,32,,25561,4,,1,72,,25562,4,,1,30,,25563,4,,1,71,,25564,4,,1,30,,25565,4,,1,70,,25566,4,,1,31,,25567,4,,1,79,,25568,4,,1,79,,25569,4,,1,46,,25570,4,,1,86,,25571,4,,1,86,,25572,4,,1
9001,'CPWeekday',453,,25573,4,,1,66,,25574,4,,1,25,,25575,4,,1,73,,25576,4,,1,30,,25577,4,,1,72,,25578,4,,1,30,,25579,4,,1,70,,25580,4,,1,30,,25581,4,,1,67,,25582,4,,1,89,,25583,4,,1,50,,25584,4,,1,90,,25585,4,,1,90,,25586,4,,1,91,,25587,4,,1,92,,25588,4,,1,32,,25589,4,,1,70,,25590,4,,1,30,,25591,4,,1,71,,25592,4,,1,30,,25593,4,,1,70,,25594,4,,1,30,,25595,4,,1,69,,25596,4,,1,30,,25597,4,,1,68,,25598,4,,1,30,,25599,4,,1,71,,25600,4,,1,33,,25601,4,,1,84,,25602,4,,1,84,,25603,4,,1,87,,25604,4,,1,44,,25605,4,,1
10900,'CPHoliday1',849,,26594,4,,1,65,,26588,4,,1,27,,26581,4,,1,66,,26576,4,,1,25,,26574,4,,1,22,,26573,4,,1,60,,26595,4,,1,21,,26587,4,,1,21,,26584,4,,1,61,,26567,4,,1,20,,26577,4,,1,21,,26568,4,,1,61,,26566,4,,1,22,,26593,4,,1,61,,26589,4,,1,20,,26582,4,,1,20,,26564,4,,1,60,,26578,4,,1,20,,26569,4,,1,20,,26563,4,,1,60,,26596,4,,1,20,,26590,4,,1,19,,26583,4,,1,59,,26560,4,,1,20,,26575,4,,1,20,,26570,4,,1,60,,26561,4,,1,19,,26597,4,,1,19,,26591,4,,1,20,,26580,4,,1,60,,26557,4,,1,19,,26579,4,,1,18,,26571,4,,1,60,,26562,4,,1,19,,26598,4,,1,19,,26592,4,,1,59,,26586,4,,1,20,,26558,4,,1,24,,26572,4,,1,64,,26565,4,,1,29,,26599,4,,1,70,,26585,4,,1,30,,26559,4,,1
10900,'CPSaturday',759,,26646,4,,1,60,,26640,4,,1,21,,26632,4,,1,60,,26626,4,,1,22,,26619,4,,1,22,,26618,4,,1,60,,26645,4,,1,20,,26638,4,,1,21,,26631,4,,1,60,,26617,4,,1,19,,26624,4,,1,20,,26620,4,,1,58,,26610,4,,1,19,,26611,4,,1,19,,26647,4,,1,18,,26639,4,,1,58,,26634,4,,1,18,,26609,4,,1,19,,26625,4,,1,58,,26621,4,,1,19,,26612,4,,1,18,,26608,4,,1,58,,26648,4,,1,19,,26641,4,,1,19,,26633,4,,1,60,,26607,4,,1,20,,26629,4,,1,20,,26622,4,,1,59,,26615,4,,1,19,,26604,4,,1,20,,26650,4,,1,60,,26644,4,,1,20,,26636,4,,1,19,,26603,4,,1,18,,26627,4,,1,58,,26623,4,,1,17,,26613,4,,1,18,,26602,4,,1,58,,26649,4,,1,14,,26642,4,,1,16,,26637,4,,1,19,,26606,4,,1,64,,26630,4,,1,25,,26616,4,,1,63,,26601,4,,1,21,,26643,4,,1,21,,26635,4,,1,62,,26605,4,,1,21,,26628,4,,1,22,,26614,4,,1,62,,26600,4,,1
10900,'CPSunday',849,,26688,4,,1,65,,26682,4,,1,27,,26675,4,,1,66,,26670,4,,1,25,,26668,4,,1,22,,26667,4,,1,60,,26689,4,,1,21,,26681,4,,1,21,,26678,4,,1,61,,26661,4,,1,20,,26671,4,,1,21,,26662,4,,1,61,,26660,4,,1,22,,26687,4,,1,61,,26683,4,,1,20,,26676,4,,1,20,,26658,4,,1,60,,26672,4,,1,20,,26663,4,,1,20,,26657,4,,1,60,,26690,4,,1,20,,26684,4,,1,19,,26677,4,,1,59,,26654,4,,1,20,,26669,4,,1,20,,26664,4,,1,60,,26655,4,,1,19,,26691,4,,1,19,,26685,4,,1,20,,26674,4,,1,60,,26651,4,,1,19,,26673,4,,1,18,,26665,4,,1,60,,26656,4,,1,19,,26692,4,,1,19,,26686,4,,1,59,,26680,4,,1,20,,26652,4,,1,24,,26666,4,,1,64,,26659,4,,1,29,,26693,4,,1,70,,26679,4,,1,30,,26653,4,,1
10900,'CPWeekday',600,,26694,4,,1,27,,26695,4,,1,26,,26696,4,,1,55,,26697,4,,1,17,,26698,4,,1,16,,26699,4,,1,16,,26700,4,,1,57,,26701,4,,1,16,,26702,4,,1,15,,26703,4,,1,56,,26704,4,,1,14,,26705,4,,1,14,,26706,4,,1,15,,26707,4,,1,14,,26708,4,,1,55,,26709,4,,1,14,,26710,4,,1,14,,26711,4,,1,14,,26712,4,,1,55,,26713,4,,1,15,,26714,4,,1,15,,26715,4,,1,15,,26716,4,,1,55,,26717,4,,1,15,,26718,4,,1,15,,26719,4,,1,16,,26720,4,,1,56,,26721,4,,1,15,,26722,4,,1,15,,26723,4,,1,16,,26724,4,,1,55,,26725,4,,1,17,,26726,4,,1,17,,26727,4,,1,55,,26728,4,,1,16,,26729,4,,1,16,,26730,4,,1,17,,26731,4,,1,57,,26732,4,,1,10,,26733,4,,1,10,,26734,4,,1,10,,26735,4,,1,11,,26736,4,,1,10,,26737,4,,1,50,,26738,4,,1,9,,26739,4,,1,9,,26740,4,,1,9,,26741,4,,1,9,,26742,4,,1,9,,26743,4,,1,48,,26744,4,,1,9,,26745,4,,1,9,,26746,4,,1,9,,26747,4,,1,9,,26748,4,,1,9,,26749,4,,1,9,,26750,4,,1,47,,26751,4,,1,8,,26752,4,,1,9,,26753,4,,1,8,,26754,4,,1,9,,26755,4,,1,8,,26756,4,,1,9,,26757,4,,1,48,,26758,4,,1,14,,26759,4,,1,14,,26760,4,,1,13,,26761,4,,1,15,,26762,4,,1,54,,26763,4,,1,14,,26764,4,,1,15,,26765,4,,1,13,,26766,4,,1,55,,26767,4,,1,14,,26768,4,,1,14,,26769,4,,1,15,,26770,4,,1,56,,26771,4,,1,19,,26772,4,,1,20,,26773,4,,1,60,,26774,4,,1,22,,26775,4,,1
31300,'CPWeekday',1505,,27507,4,,1
