3900,'CPHoliday1',607,,36153,22,,,1,38,,36147,22,,,1,81,,36142,22,,,1,78,,36138,22,,,1,40,,36154,22,,,1,82,,36145,22,,,1,82,,36143,22,,,1,43,,36137,22,,,1,82,,36152,22,,,1,84,,36146,22,,,1,86,,36139,22,,,1,45,,36136,22,,,1,85,,36155,22,,,1,85,,36149,22,,,1,85,,36140,22,,,1,44,,36135,22,,,1,85,,36156,22,,,1,85,,36148,22,,,1,85,,36141,22,,,1,44,,36134,22,,,1,82,,36151,22,,,1,81,,36150,22,,,1,41,,36144,22,,,1,75,,36133,22,,,1
3900,'CPSaturday',813,,36161,22,,,1,243,,36160,22,,,1,299,,36159,22,,,1,271,,36162,22,,,1,30,,36158,22,,,1,268,,36163,22,,,1,29,,36157,22,,,1,251,,36164,22,,,1
3900,'CPSunday',607,,36185,22,,,1,38,,36179,22,,,1,81,,36174,22,,,1,78,,36170,22,,,1,40,,36186,22,,,1,82,,36177,22,,,1,82,,36175,22,,,1,43,,36169,22,,,1,82,,36184,22,,,1,84,,36178,22,,,1,86,,36171,22,,,1,45,,36168,22,,,1,85,,36187,22,,,1,85,,36181,22,,,1,85,,36172,22,,,1,44,,36167,22,,,1,85,,36188,22,,,1,85,,36180,22,,,1,85,,36173,22,,,1,44,,36166,22,,,1,82,,36183,22,,,1,81,,36182,22,,,1,41,,36176,22,,,1,75,,36165,22,,,1
3900,'MASaturday',606,,36212,22,,,1,25,,36211,22,,,1,27,,36205,22,,,1,65,,36204,22,,,1,25,,36215,22,,,1,91,,36206,22,,,1,66,,36199,22,,,1,26,,36197,22,,,1,69,,36198,22,,,1,28,,36214,22,,,1,96,,36210,22,,,1,31,,36200,22,,,1,70,,36194,22,,,1,30,,36192,22,,,1,70,,36213,22,,,1,100,,36209,22,,,1,30,,36203,22,,,1,71,,36195,22,,,1,30,,36190,22,,,1,169,,36207,22,,,1,30,,36202,22,,,1,70,,36193,22,,,1,30,,36189,22,,,1,167,,36208,22,,,1,26,,36201,22,,,1,66,,36196,22,,,1,25,,36191,22,,,1
3900,'MAWeekday',525,,36217,22,,,1,22,,36218,22,,,1,63,,36219,22,,,1,19,,36220,22,,,1,18,,36221,22,,,1,59,,36222,22,,,1,19,,36223,22,,,1,20,,36224,22,,,1,62,,36225,22,,,1,23,,36226,22,,,1,24,,36227,22,,,1,71,,36228,22,,,1,77,,36229,22,,,1,37,,36230,22,,,1,78,,36231,22,,,1,37,,36232,22,,,1,77,,36233,22,,,1,75,,36234,22,,,1,34,,36235,22,,,1,66,,36236,22,,,1,27,,36237,22,,,1,19,,36238,22,,,1,58,,36239,22,,,1,21,,36240,22,,,1,22,,36241,22,,,1,58,,36242,22,,,1,19,,36243,22,,,1,18,,36244,22,,,1,59,,36245,22,,,1,22,,36246,22,,,1,22,,36247,22,,,1,62,,36248,22,,,1,23,,36249,22,,,1,21,,36250,22,,,1,62,,36251,22,,,1,23,,36252,22,,,1,59,,36253,22,,,1,35,,36254,22,,,1,79,,36255,22,,,1,42,,36256,22,,,1,81,,36257,22,,,1,77,,36258,22,,,1,35,,36259,22,,,1,73,,36260,22,,,1,35,,36261,22,,,1,74,,36262,22,,,1
4601,'CPHoliday1',733,,37543,18,,,1,80,,37544,18,,,1,41,,37545,18,,,1,80,,37546,18,,,1,80,,37547,18,,,1,40,,37548,18,,,1,80,,37549,18,,,1,81,,37550,18,,,1,40,,37551,18,,,1,82,,37552,18,,,1,82,,37553,18,,,1,82,,37554,18,,,1,42,,37555,18,,,1,83,,37556,18,,,1,82,,37557,18,,,1,42,,37558,18,,,1,82,,37559,18,,,1,82,,37560,18,,,1,42,,37561,18,,,1,84,,37562,18,,,1,86,,37563,18,,,1
4601,'CPSaturday',643,,37564,18,,,1,81,,37565,18,,,1,80,,37566,18,,,1,41,,37567,18,,,1,80,,37568,18,,,1,82,,37569,18,,,1,41,,37570,18,,,1,82,,37571,18,,,1,82,,37572,18,,,1,42,,37573,18,,,1,82,,37574,18,,,1,83,,37575,18,,,1,85,,37576,18,,,1,44,,37577,18,,,1,84,,37578,18,,,1,84,,37579,18,,,1,84,,37580,18,,,1,42,,37581,18,,,1,84,,37582,18,,,1,84,,37583,18,,,1,42,,37584,18,,,1,82,,37585,18,,,1,80,,37586,18,,,1
4601,'CPSunday',733,,37587,18,,,1,80,,37588,18,,,1,41,,37589,18,,,1,80,,37590,18,,,1,80,,37591,18,,,1,40,,37592,18,,,1,80,,37593,18,,,1,81,,37594,18,,,1,40,,37595,18,,,1,82,,37596,18,,,1,82,,37597,18,,,1,82,,37598,18,,,1,42,,37599,18,,,1,83,,37600,18,,,1,82,,37601,18,,,1,42,,37602,18,,,1,82,,37603,18,,,1,82,,37604,18,,,1,42,,37605,18,,,1,84,,37606,18,,,1,86,,37607,18,,,1
4601,'CPWeekday',427,,37633,18,,,1,85,,37634,18,,,1,41,,37628,18,,,1,81,,37635,18,,,1,84,,37636,18,,,1,84,,37629,18,,,1,46,,37630,18,,,1,84,,37632,18,,,1,86,,37631,18,,,1,86,,37611,18,,,1,44,,37612,18,,,1,85,,37608,18,,,1,84,,37610,18,,,1,84,,37613,18,,,1,46,,37614,18,,,1,87,,37618,18,,,1,88,,37609,18,,,1,88,,37615,18,,,1,48,,37626,18,,,1,88,,37625,18,,,1,85,,37623,18,,,1,85,,37619,18,,,1,84,,37624,18,,,1,42,,37616,18,,,1,82,,37617,18,,,1,82,,37621,18,,,1,40,,37627,18,,,1,78,,37620,18,,,1,80,,37622,18,,,1
37401,'CPWeekday',738,,41805,18,,,1
