1001,'CPHoliday1',735,,31196,23,,,1,70,,31195,23,,,1,30,,31194,23,,,1,72,,31193,23,,,1,34,,31192,23,,,1,73,,31191,23,,,1,33,,31190,23,,,1,73,,31189,23,,,1,35,,31188,23,,,1,75,,31186,23,,,1,75,,31187,23,,,1,35,,31185,23,,,1,75,,31184,23,,,1,35,,31182,23,,,1,76,,31183,23,,,1,76,,31181,23,,,1,37,,31177,23,,,1,76,,31179,23,,,1,36,,31175,23,,,1,76,,31174,23,,,1,74,,31178,23,,,1,34,,31171,23,,,1,73,,31172,23,,,1,34,,31169,23,,,1,74,,31176,23,,,1,34,,31173,23,,,1,73,,31168,23,,,1,32,,31167,23,,,1,72,,31180,23,,,1,29,,31170,23,,,1
1001,'CPSaturday',628,,31236,23,,,1,26,,31234,23,,,1,65,,31235,23,,,1,25,,31232,23,,,1,65,,31233,23,,,1,26,,31229,23,,,1,65,,31230,23,,,1,27,,31228,23,,,1,27,,31231,23,,,1,67,,31226,23,,,1,27,,31227,23,,,1,68,,31225,23,,,1,28,,31224,23,,,1,68,,31223,23,,,1,28,,31222,23,,,1,70,,31221,23,,,1,29,,31220,23,,,1,69,,31218,23,,,1,28,,31219,23,,,1,69,,31217,23,,,1,29,,31216,23,,,1,70,,31211,23,,,1,30,,31212,23,,,1,69,,31207,23,,,1,30,,31206,23,,,1,67,,31210,23,,,1,28,,31205,23,,,1,27,,31215,23,,,1,68,,31204,23,,,1,28,,31201,23,,,1,68,,31208,23,,,1,26,,31198,23,,,1,66,,31214,23,,,1,25,,31202,23,,,1,66,,31200,23,,,1,26,,31209,23,,,1,26,,31199,23,,,1,67,,31213,23,,,1,23,,31203,23,,,1,64,,31197,23,,,1
1001,'CPSunday',735,,31266,23,,,1,70,,31265,23,,,1,30,,31264,23,,,1,72,,31263,23,,,1,34,,31262,23,,,1,73,,31261,23,,,1,33,,31260,23,,,1,73,,31259,23,,,1,35,,31258,23,,,1,75,,31256,23,,,1,75,,31257,23,,,1,35,,31255,23,,,1,75,,31254,23,,,1,35,,31252,23,,,1,76,,31253,23,,,1,76,,31251,23,,,1,37,,31247,23,,,1,76,,31249,23,,,1,36,,31245,23,,,1,76,,31244,23,,,1,74,,31248,23,,,1,34,,31241,23,,,1,73,,31242,23,,,1,34,,31239,23,,,1,74,,31246,23,,,1,34,,31243,23,,,1,73,,31238,23,,,1,32,,31237,23,,,1,72,,31250,23,,,1,29,,31240,23,,,1
1001,'CPWeekday',454,,31316,23,,,1,61,,31312,23,,,1,20,,31315,23,,,1,23,,31314,23,,,1,62,,31313,23,,,1,22,,31310,23,,,1,66,,31311,23,,,1,25,,31309,23,,,1,25,,31308,23,,,1,67,,31307,23,,,1,26,,31306,23,,,1,64,,31304,23,,,1,25,,31305,23,,,1,64,,31303,23,,,1,26,,31302,23,,,1,25,,31301,23,,,1,64,,31300,23,,,1,25,,31299,23,,,1,65,,31298,23,,,1,25,,31297,23,,,1,25,,31296,23,,,1,65,,31295,23,,,1,25,,31294,23,,,1,66,,31292,23,,,1,28,,31293,23,,,1,67,,31287,23,,,1,27,,31284,23,,,1,67,,31286,23,,,1,27,,31285,23,,,1,24,,31279,23,,,1,62,,31278,23,,,1,21,,31289,23,,,1,62,,31283,23,,,1,22,,31276,23,,,1,22,,31275,23,,,1,63,,31277,23,,,1,23,,31274,23,,,1,19,,31273,23,,,1,60,,31291,23,,,1,22,,31280,23,,,1,22,,31272,23,,,1,63,,31270,23,,,1,34,,31271,23,,,1,74,,31288,23,,,1,31,,31282,23,,,1,72,,31268,23,,,1,31,,31269,23,,,1,69,,31290,23,,,1,29,,31281,23,,,1,67,,31267,23,,,1
3900,'CPHoliday1',615,,36153,32,,,1,38,,36147,32,,,1,81,,36142,32,,,1,78,,36138,32,,,1,40,,36154,32,,,1,82,,36145,32,,,1,82,,36143,32,,,1,43,,36137,32,,,1,83,,36152,32,,,1,84,,36146,32,,,1,86,,36139,32,,,1,45,,36136,32,,,1,85,,36155,32,,,1,85,,36149,32,,,1,85,,36140,32,,,1,44,,36135,32,,,1,85,,36156,32,,,1,85,,36148,32,,,1,84,,36141,32,,,1,44,,36134,32,,,1,82,,36151,32,,,1,81,,36150,32,,,1,41,,36144,32,,,1,75,,36133,32,,,1
3900,'CPSaturday',821,,36161,32,,,1,284,,36160,32,,,1,299,,36159,32,,,1,231,,36162,32,,,1,70,,36158,32,,,1,227,,36163,32,,,1,69,,36157,32,,,1,211,,36164,32,,,1
3900,'CPSunday',615,,36185,32,,,1,38,,36179,32,,,1,81,,36174,32,,,1,78,,36170,32,,,1,40,,36186,32,,,1,82,,36177,32,,,1,82,,36175,32,,,1,43,,36169,32,,,1,83,,36184,32,,,1,84,,36178,32,,,1,86,,36171,32,,,1,45,,36168,32,,,1,85,,36187,32,,,1,85,,36181,32,,,1,85,,36172,32,,,1,44,,36167,32,,,1,85,,36188,32,,,1,85,,36180,32,,,1,84,,36173,32,,,1,44,,36166,32,,,1,82,,36183,32,,,1,81,,36182,32,,,1,41,,36176,32,,,1,75,,36165,32,,,1
3900,'MASaturday',614,,36212,32,,,1,25,,36211,32,,,1,67,,36205,32,,,1,25,,36204,32,,,1,25,,36215,32,,,1,91,,36206,32,,,1,66,,36199,32,,,1,26,,36197,32,,,1,69,,36198,32,,,1,28,,36214,32,,,1,97,,36210,32,,,1,71,,36200,32,,,1,30,,36194,32,,,1,70,,36192,32,,,1,30,,36213,32,,,1,100,,36209,32,,,1,70,,36203,32,,,1,31,,36195,32,,,1,70,,36190,32,,,1,129,,36207,32,,,1,70,,36202,32,,,1,30,,36193,32,,,1,70,,36189,32,,,1,126,,36208,32,,,1,26,,36201,32,,,1,66,,36196,32,,,1,25,,36191,32,,,1
3900,'MAWeekday',533,,36217,32,,,1,22,,36218,32,,,1,64,,36219,32,,,1,20,,36220,32,,,1,18,,36221,32,,,1,61,,36222,32,,,1,19,,36223,32,,,1,20,,36224,32,,,1,62,,36225,32,,,1,23,,36226,32,,,1,62,,36227,32,,,1,31,,36228,32,,,1,77,,36229,32,,,1,37,,36230,32,,,1,78,,36231,32,,,1,77,,36232,32,,,1,37,,36233,32,,,1,75,,36234,32,,,1,34,,36235,32,,,1,66,,36236,32,,,1,28,,36237,32,,,1,59,,36238,32,,,1,19,,36239,32,,,1,21,,36240,32,,,1,62,,36241,32,,,1,18,,36242,32,,,1,19,,36243,32,,,1,58,,36244,32,,,1,19,,36245,32,,,1,22,,36246,32,,,1,62,,36247,32,,,1,22,,36248,32,,,1,23,,36249,32,,,1,58,,36250,32,,,1,22,,36251,32,,,1,23,,36252,32,,,1,59,,36253,32,,,1,35,,36254,32,,,1,78,,36255,32,,,1,82,,36256,32,,,1,41,,36257,32,,,1,77,,36258,32,,,1,35,,36259,32,,,1,73,,36260,32,,,1,75,,36261,32,,,1,34,,36262,32,,,1
37601,'CPWeekday',722,,41809,23,,,1
