4500,'CPHoliday1',814,,37208,15,,,1,35,,37209,15,,,1,75,,37210,15,,,1,35,,37211,15,,,1,76,,37212,15,,,1,75,,37213,15,,,1,40,,37214,15,,,1,80,,37215,15,,,1,81,,37216,15,,,1,40,,37217,15,,,1,81,,37218,15,,,1,80,,37219,15,,,1,40,,37220,15,,,1,80,,37221,15,,,1,80,,37222,15,,,1,38,,37223,15,,,1,80,,37224,15,,,1,80,,37225,15,,,1,40,,37226,15,,,1,80,,37227,15,,,1,79,,37228,15,,,1,35,,37229,15,,,1,75,,37230,15,,,1
4500,'CPSaturday',640,,37231,15,,,1,75,,37232,15,,,1,35,,37233,15,,,1,75,,37234,15,,,1,80,,37235,15,,,1,40,,37236,15,,,1,80,,37237,15,,,1,80,,37238,15,,,1,40,,37239,15,,,1,83,,37240,15,,,1,83,,37241,15,,,1,42,,37242,15,,,1,82,,37243,15,,,1,83,,37244,15,,,1,82,,37245,15,,,1,42,,37246,15,,,1,82,,37247,15,,,1,82,,37248,15,,,1,41,,37249,15,,,1,80,,37250,15,,,1,78,,37251,15,,,1,37,,37252,15,,,1,78,,37253,15,,,1,35,,37254,15,,,1,84,,37255,15,,,1
4500,'CPSunday',814,,37256,15,,,1,35,,37257,15,,,1,75,,37258,15,,,1,35,,37259,15,,,1,76,,37260,15,,,1,75,,37261,15,,,1,40,,37262,15,,,1,80,,37263,15,,,1,81,,37264,15,,,1,40,,37265,15,,,1,81,,37266,15,,,1,80,,37267,15,,,1,40,,37268,15,,,1,80,,37269,15,,,1,80,,37270,15,,,1,38,,37271,15,,,1,80,,37272,15,,,1,80,,37273,15,,,1,40,,37274,15,,,1,80,,37275,15,,,1,79,,37276,15,,,1,35,,37277,15,,,1,75,,37278,15,,,1
4500,'CPWeekday',500,,37280,15,,,1,40,,37281,15,,,1,70,,37283,15,,,1,39,,37285,15,,,1,84,,37287,15,,,1,80,,37289,15,,,1,34,,37291,15,,,1,82,,37293,15,,,1,18,,37294,15,,,1,64,,37295,15,,,1,32,,37296,15,,,1,72,,37297,15,,,1,32,,37298,15,,,1,72,,37299,15,,,1,32,,37300,15,,,1,70,,37301,15,,,1,30,,37302,15,,,1,89,,37304,15,,,1,75,,37306,15,,,1,40,,37308,15,,,1,78,,37310,15,,,1,25,,37279,15,,,1,51,,37312,15,,,1,36,,37314,15,,,1,74,,37316,15,,,1,82,,37318,15,,,1,22,,37319,15,,,1,21,,37320,15,,,1,62,,37321,15,,,1,22,,37322,15,,,1,23,,37323,15,,,1,68,,37324,15,,,1,28,,37325,15,,,1,66,,37326,15,,,1,28,,37327,15,,,1,68,,37328,15,,,1,30,,37329,15,,,1,70,,37330,15,,,1
4501,'CPHoliday1',816,,37331,28,,,1,35,,37332,28,,,1,75,,37333,28,,,1,76,,37334,28,,,1,35,,37335,28,,,1,77,,37336,28,,,1,40,,37337,28,,,1,80,,37338,28,,,1,80,,37339,28,,,1,41,,37340,28,,,1,80,,37341,28,,,1,80,,37342,28,,,1,40,,37343,28,,,1,80,,37344,28,,,1,80,,37345,28,,,1,38,,37346,28,,,1,79,,37347,28,,,1,80,,37348,28,,,1,40,,37349,28,,,1,79,,37350,28,,,1,80,,37351,28,,,1,39,,37352,28,,,1
4501,'CPSaturday',607,,37353,28,,,1,35,,37354,28,,,1,77,,37355,28,,,1,35,,37356,28,,,1,79,,37357,28,,,1,74,,37358,28,,,1,41,,37359,28,,,1,81,,37360,28,,,1,80,,37361,28,,,1,42,,37362,28,,,1,83,,37363,28,,,1,82,,37364,28,,,1,43,,37365,28,,,1,81,,37366,28,,,1,82,,37367,28,,,1,81,,37368,28,,,1,42,,37369,28,,,1,79,,37370,28,,,1,82,,37371,28,,,1,42,,37372,28,,,1,79,,37373,28,,,1,79,,37374,28,,,1,40,,37375,28,,,1,75,,37376,28,,,1,34,,37377,28,,,1
4501,'CPSunday',816,,37378,28,,,1,35,,37379,28,,,1,75,,37380,28,,,1,76,,37381,28,,,1,35,,37382,28,,,1,77,,37383,28,,,1,40,,37384,28,,,1,80,,37385,28,,,1,80,,37386,28,,,1,41,,37387,28,,,1,80,,37388,28,,,1,80,,37389,28,,,1,40,,37390,28,,,1,80,,37391,28,,,1,80,,37392,28,,,1,38,,37393,28,,,1,79,,37394,28,,,1,80,,37395,28,,,1,40,,37396,28,,,1,79,,37397,28,,,1,80,,37398,28,,,1,39,,37399,28,,,1
4501,'CPWeekday',501,,37400,28,,,1,33,,37401,28,,,1,73,,37402,28,,,1,42,,37404,28,,,1,81,,37406,28,,,1,77,,37408,28,,,1,42,,37410,28,,,1,76,,37412,28,,,1,83,,37414,28,,,1,98,,37416,28,,,1,31,,37417,28,,,1,73,,37418,28,,,1,33,,37419,28,,,1,72,,37420,28,,,1,31,,37421,28,,,1,60,,37422,28,,,1,23,,37423,28,,,1,20,,37424,28,,,1,61,,37425,28,,,1,34,,37427,28,,,1,80,,37429,28,,,1,76,,37431,28,,,1,35,,37433,28,,,1,76,,37435,28,,,1,34,,37437,28,,,1,76,,37439,28,,,1,31,,37441,28,,,1,56,,37442,28,,,1,19,,37443,28,,,1,19,,37444,28,,,1,62,,37445,28,,,1,28,,37446,28,,,1,69,,37447,28,,,1,30,,37448,28,,,1,70,,37449,28,,,1,30,,37450,28,,,1
7100,'CPWeekday',1621,,39674,2,,,1,20,,39675,2,,,1,60,,39678,2,,,1,20,,39676,2,,,1,30,,39677,2,,,1
7101,'CPWeekday',759,,39679,19,,,1,66,,39681,19,,,1,24,,39680,19,,,1
