701,'CPHoliday1',2328,,16460,25,,,1
701,'CPSunday',2328,,16461,25,,,1
701,'CPWeekday',230,,16463,25,,,1,81,,16465,25,,,1,41,,16462,25,,,1,83,,16464,25,,,1
701,'MAHoliday1',429,,16503,25,,,1,80,,16502,25,,,1,22,,16504,25,,,1,22,,16493,25,,,1,62,,16512,25,,,1,23,,16494,25,,,1,64,,16492,25,,,1,23,,16491,25,,,1,24,,16507,25,,,1,63,,16490,25,,,1,23,,16516,25,,,1,23,,16495,25,,,1,63,,16483,25,,,1,24,,16482,25,,,1,63,,16506,25,,,1,23,,16486,25,,,1,23,,16515,25,,,1,64,,16496,25,,,1,24,,16477,25,,,1,66,,16475,25,,,1,25,,16508,25,,,1,22,,16474,25,,,1,59,,16485,25,,,1,19,,16514,25,,,1,21,,16497,25,,,1,60,,16478,25,,,1,23,,16473,25,,,1,63,,16505,25,,,1,23,,16469,25,,,1,23,,16487,25,,,1,60,,16513,25,,,1,20,,16498,25,,,1,20,,16476,25,,,1,62,,16470,25,,,1,23,,16509,25,,,1,23,,16468,25,,,1,63,,16484,25,,,1,23,,16518,25,,,1,62,,16501,25,,,1,21,,16479,25,,,1,20,,16471,25,,,1,61,,16510,25,,,1,21,,16467,25,,,1,21,,16488,25,,,1,61,,16517,25,,,1,22,,16500,25,,,1,21,,16480,25,,,1,59,,16472,25,,,1,20,,16511,25,,,1,19,,16466,25,,,1,60,,16489,25,,,1,40,,16499,25,,,1,59,,16481,25,,,1
701,'MASaturday',424,,16576,25,,,1,21,,16575,25,,,1,62,,16574,25,,,1,22,,16573,25,,,1,22,,16572,25,,,1,64,,16571,25,,,1,25,,16570,25,,,1,64,,16568,25,,,1,25,,16569,25,,,1,23,,16567,25,,,1,63,,16566,25,,,1,22,,16565,25,,,1,64,,16560,25,,,1,26,,16561,25,,,1,27,,16556,25,,,1,67,,16562,25,,,1,26,,16555,25,,,1,66,,16554,25,,,1,26,,16553,25,,,1,67,,16552,25,,,1,26,,16551,25,,,1,20,,16550,25,,,1,60,,16557,25,,,1,20,,16546,25,,,1,20,,16544,25,,,1,60,,16542,25,,,1,20,,16543,25,,,1,20,,16541,25,,,1,62,,16540,25,,,1,22,,16539,25,,,1,23,,16558,25,,,1,63,,16547,25,,,1,23,,16535,25,,,1,62,,16534,25,,,1,20,,16533,25,,,1,20,,16536,25,,,1,59,,16532,25,,,1,19,,16531,25,,,1,20,,16559,25,,,1,59,,16545,25,,,1,22,,16530,25,,,1,21,,16529,25,,,1,62,,16526,25,,,1,21,,16537,25,,,1,20,,16527,25,,,1,60,,16524,25,,,1,19,,16564,25,,,1,19,,16549,25,,,1,59,,16523,25,,,1,19,,16522,25,,,1,19,,16521,25,,,1,59,,16538,25,,,1,19,,16528,25,,,1,19,,16520,25,,,1,58,,16563,25,,,1,19,,16548,25,,,1,19,,16525,25,,,1,17,,16519,25,,,1,58,,16577,25,,,1
701,'MASunday',429,,16615,25,,,1,80,,16614,25,,,1,22,,16616,25,,,1,22,,16605,25,,,1,62,,16624,25,,,1,23,,16606,25,,,1,64,,16604,25,,,1,23,,16603,25,,,1,24,,16619,25,,,1,63,,16602,25,,,1,23,,16628,25,,,1,23,,16607,25,,,1,63,,16595,25,,,1,24,,16594,25,,,1,63,,16618,25,,,1,23,,16598,25,,,1,23,,16627,25,,,1,64,,16608,25,,,1,24,,16589,25,,,1,66,,16587,25,,,1,25,,16620,25,,,1,22,,16586,25,,,1,59,,16597,25,,,1,19,,16626,25,,,1,21,,16609,25,,,1,60,,16590,25,,,1,23,,16585,25,,,1,63,,16617,25,,,1,23,,16581,25,,,1,23,,16599,25,,,1,60,,16625,25,,,1,20,,16610,25,,,1,20,,16588,25,,,1,62,,16582,25,,,1,23,,16621,25,,,1,23,,16580,25,,,1,63,,16596,25,,,1,23,,16630,25,,,1,62,,16613,25,,,1,21,,16591,25,,,1,20,,16583,25,,,1,61,,16622,25,,,1,21,,16579,25,,,1,21,,16600,25,,,1,61,,16629,25,,,1,22,,16612,25,,,1,21,,16592,25,,,1,59,,16584,25,,,1,20,,16623,25,,,1,19,,16578,25,,,1,60,,16601,25,,,1,40,,16611,25,,,1,59,,16593,25,,,1
701,'MAWeekday',459,,16631,25,,,1,61,,16632,25,,,1,19,,16633,25,,,1,19,,16634,25,,,1,60,,16635,25,,,1,23,,16636,25,,,1,63,,16637,25,,,1,24,,16638,25,,,1,26,,16639,25,,,1,67,,16640,25,,,1,26,,16641,25,,,1,59,,16642,25,,,1,20,,16643,25,,,1,22,,16644,25,,,1,63,,16645,25,,,1,23,,16646,25,,,1,66,,16647,25,,,1,30,,16648,25,,,1,70,,16649,25,,,1,25,,16650,25,,,1,26,,16651,25,,,1,65,,16652,25,,,1,25,,16653,25,,,1,65,,16654,25,,,1,23,,16655,25,,,1,24,,16656,25,,,1,65,,16657,25,,,1,24,,16658,25,,,1,67,,16659,25,,,1,25,,16660,25,,,1,66,,16661,25,,,1,26,,16662,25,,,1,25,,16663,25,,,1,64,,16664,25,,,1,25,,16665,25,,,1,64,,16666,25,,,1,23,,16667,25,,,1,24,,16668,25,,,1,62,,16669,25,,,1,26,,16670,25,,,1,65,,16671,25,,,1,24,,16672,25,,,1,25,,16673,25,,,1,73,,16674,25,,,1,74,,16675,25,,,1,32,,16676,25,,,1,76,,16677,25,,,1,32,,16678,25,,,1,74,,16679,25,,,1,31,,16680,25,,,1
2401,'MAWeekday',514,,19846,46,,,1,32,,19847,46,,,1,80,,19848,46,,,1,32,,19849,46,,,1,78,,19850,46,,,1,73,,19851,46,,,1,37,,19852,46,,,1,76,,19853,46,,,1,31,,19854,46,,,1,71,,19855,46,,,1,334,,19856,46,,,1,77,,19857,46,,,1,76,,19858,46,,,1,35,,19859,46,,,1,76,,19860,46,,,1,36,,19861,46,,,1,76,,19862,46,,,1,73,,19863,46,,,1,34,,19864,46,,,1
10701,'MAHoliday1',834,,26761,13,,,1,70,,26770,13,,,1,29,,26787,13,,,1,70,,26759,13,,,1,19,,26758,13,,,1,18,,26760,13,,,1,18,,26771,13,,,1,58,,26762,13,,,1,18,,26782,13,,,1,18,,26790,13,,,1,58,,26764,13,,,1,18,,26763,13,,,1,18,,26765,13,,,1,59,,26772,13,,,1,19,,26766,13,,,1,20,,26783,13,,,1,61,,26791,13,,,1,20,,26768,13,,,1,20,,26769,13,,,1,60,,26767,13,,,1,20,,26774,13,,,1,21,,26775,13,,,1,60,,26784,13,,,1,20,,26792,13,,,1,20,,26773,13,,,1,60,,26778,13,,,1,21,,26781,13,,,1,20,,26777,13,,,1,59,,26776,13,,,1,20,,26785,13,,,1,18,,26793,13,,,1,60,,26780,13,,,1,19,,26779,13,,,1,20,,26786,13,,,1,74,,26788,13,,,1,35,,26794,13,,,1,66,,26789,13,,,1
10701,'MASaturday',834,,26801,13,,,1,70,,26807,13,,,1,29,,26822,13,,,1,70,,26795,13,,,1,19,,26796,13,,,1,18,,26797,13,,,1,18,,26815,13,,,1,58,,26804,13,,,1,18,,26820,13,,,1,18,,26827,13,,,1,58,,26800,13,,,1,18,,26799,13,,,1,18,,26798,13,,,1,59,,26808,13,,,1,19,,26802,13,,,1,20,,26823,13,,,1,61,,26828,13,,,1,20,,26803,13,,,1,20,,26806,13,,,1,60,,26805,13,,,1,20,,26812,13,,,1,21,,26816,13,,,1,60,,26821,13,,,1,20,,26830,13,,,1,20,,26814,13,,,1,60,,26809,13,,,1,21,,26811,13,,,1,20,,26810,13,,,1,59,,26813,13,,,1,20,,26824,13,,,1,18,,26829,13,,,1,60,,26817,13,,,1,19,,26818,13,,,1,20,,26819,13,,,1,74,,26825,13,,,1,35,,26831,13,,,1,66,,26826,13,,,1
10701,'MASunday',834,,26835,13,,,1,70,,26844,13,,,1,29,,26861,13,,,1,70,,26833,13,,,1,19,,26832,13,,,1,18,,26834,13,,,1,18,,26845,13,,,1,58,,26836,13,,,1,18,,26856,13,,,1,18,,26864,13,,,1,58,,26838,13,,,1,18,,26837,13,,,1,18,,26839,13,,,1,59,,26846,13,,,1,19,,26840,13,,,1,20,,26857,13,,,1,61,,26865,13,,,1,20,,26842,13,,,1,20,,26843,13,,,1,60,,26841,13,,,1,20,,26848,13,,,1,21,,26849,13,,,1,60,,26858,13,,,1,20,,26866,13,,,1,20,,26847,13,,,1,60,,26852,13,,,1,21,,26855,13,,,1,20,,26851,13,,,1,59,,26850,13,,,1,20,,26859,13,,,1,18,,26867,13,,,1,60,,26854,13,,,1,19,,26853,13,,,1,20,,26860,13,,,1,74,,26862,13,,,1,35,,26868,13,,,1,66,,26863,13,,,1
10701,'MAWeekday',524,,26936,13,,,1,30,,26918,13,,,1,55,,26917,13,,,1,15,,26916,13,,,1,16,,26929,13,,,1,16,,26915,13,,,1,57,,26922,13,,,1,16,,26910,13,,,1,16,,26935,13,,,1,13,,26908,13,,,1,52,,26902,13,,,1,12,,26919,13,,,1,14,,26905,13,,,1,15,,26900,13,,,1,54,,26931,13,,,1,14,,26901,13,,,1,14,,26924,13,,,1,15,,26914,13,,,1,55,,26941,13,,,1,15,,26889,13,,,1,15,,26898,13,,,1,15,,26903,13,,,1,55,,26890,13,,,1,15,,26932,13,,,1,15,,26884,13,,,1,15,,26921,13,,,1,55,,26911,13,,,1,15,,26942,13,,,1,15,,26892,13,,,1,15,,26883,13,,,1,55,,26906,13,,,1,15,,26893,13,,,1,15,,26930,13,,,1,16,,26885,13,,,1,57,,26926,13,,,1,15,,26913,13,,,1,15,,26940,13,,,1,17,,26897,13,,,1,56,,26877,13,,,1,15,,26880,13,,,1,15,,26904,13,,,1,12,,26895,13,,,1,52,,26928,13,,,1,12,,26888,13,,,1,12,,26875,13,,,1,11,,26923,13,,,1,12,,26912,13,,,1,52,,26937,13,,,1,12,,26869,13,,,1,10,,26894,13,,,1,13,,26876,13,,,1,12,,26879,13,,,1,52,,26870,13,,,1,10,,26907,13,,,1,10,,26891,13,,,1,10,,26933,13,,,1,10,,26887,13,,,1,12,,26873,13,,,1,52,,26925,13,,,1,11,,26909,13,,,1,11,,26934,13,,,1,10,,26871,13,,,1,19,,26878,13,,,1,60,,26882,13,,,1,20,,26899,13,,,1,20,,26886,13,,,1,60,,26920,13,,,1,20,,26938,13,,,1,21,,26872,13,,,1,60,,26874,13,,,1,19,,26881,13,,,1,65,,26896,13,,,1,25,,26927,13,,,1,23,,26939,13,,,1
