701,'CPWeekday',237,,30425,34,,,1,77,,30426,34,,,1,86,,30427,34,,,1,42,,30428,34,,,1,66,,30438,34,,,1,24,,30435,34,,,1,175,,30429,34,,,1,43,,30437,34,,,1,63,,30436,34,,,1,132,,30430,34,,,1,278,,30431,34,,,1,283,,30432,34,,,1,299,,30433,34,,,1,240,,30434,34,,,1
701,'MAHoliday1',436,,30439,34,,,1,80,,30440,34,,,1,23,,30441,34,,,1,62,,30442,34,,,1,21,,30443,34,,,1,23,,30444,34,,,1,62,,30445,34,,,1,23,,30446,34,,,1,22,,30447,34,,,1,62,,30448,34,,,1,23,,30449,34,,,1,21,,30450,34,,,1,62,,30451,34,,,1,23,,30452,34,,,1,63,,30453,34,,,1,22,,30454,34,,,1,21,,30455,34,,,1,62,,30456,34,,,1,21,,30457,34,,,1,24,,30458,34,,,1,65,,30459,34,,,1,24,,30460,34,,,1,64,,30461,34,,,1,24,,30462,34,,,1,24,,30463,34,,,1,65,,30464,34,,,1,24,,30465,34,,,1,64,,30466,34,,,1,24,,30467,34,,,1,23,,30468,34,,,1,64,,30469,34,,,1,24,,30470,34,,,1,64,,30471,34,,,1,24,,30472,34,,,1,24,,30473,34,,,1,63,,30474,34,,,1,24,,30475,34,,,1,64,,30476,34,,,1,23,,30477,34,,,1,24,,30478,34,,,1,61,,30479,34,,,1,22,,30480,34,,,1,62,,30481,34,,,1,23,,30482,34,,,1,23,,30483,34,,,1,62,,30484,34,,,1,22,,30485,34,,,1,21,,30486,34,,,1,61,,30487,34,,,1,22,,30488,34,,,1,20,,30489,34,,,1,59,,30490,34,,,1
701,'MASaturday',429,,30491,34,,,1,20,,30492,34,,,1,61,,30493,34,,,1,22,,30494,34,,,1,21,,30495,34,,,1,62,,30496,34,,,1,23,,30497,34,,,1,63,,30498,34,,,1,23,,30499,34,,,1,22,,30500,34,,,1,62,,30501,34,,,1,21,,30502,34,,,1,23,,30503,34,,,1,65,,30504,34,,,1,24,,30505,34,,,1,65,,30506,34,,,1,27,,30507,34,,,1,25,,30508,34,,,1,63,,30509,34,,,1,25,,30510,34,,,1,65,,30511,34,,,1,24,,30512,34,,,1,65,,30513,34,,,1,27,,30514,34,,,1,25,,30515,34,,,1,64,,30516,34,,,1,24,,30517,34,,,1,66,,30518,34,,,1,26,,30519,34,,,1,25,,30520,34,,,1,65,,30521,34,,,1,25,,30522,34,,,1,64,,30523,34,,,1,24,,30524,34,,,1,23,,30525,34,,,1,64,,30526,34,,,1,25,,30527,34,,,1,66,,30528,34,,,1,24,,30529,34,,,1,22,,30530,34,,,1,62,,30531,34,,,1,22,,30532,34,,,1,59,,30533,34,,,1,21,,30534,34,,,1,23,,30535,34,,,1,64,,30536,34,,,1,23,,30537,34,,,1,22,,30538,34,,,1,61,,30539,34,,,1,19,,30540,34,,,1,20,,30541,34,,,1,60,,30542,34,,,1,22,,30543,34,,,1,21,,30544,34,,,1,59,,30545,34,,,1
701,'MASunday',436,,30546,34,,,1,80,,30547,34,,,1,23,,30548,34,,,1,62,,30549,34,,,1,21,,30550,34,,,1,23,,30551,34,,,1,62,,30552,34,,,1,23,,30553,34,,,1,22,,30554,34,,,1,62,,30555,34,,,1,23,,30556,34,,,1,21,,30557,34,,,1,62,,30558,34,,,1,23,,30559,34,,,1,63,,30560,34,,,1,22,,30561,34,,,1,21,,30562,34,,,1,62,,30563,34,,,1,21,,30564,34,,,1,24,,30565,34,,,1,65,,30566,34,,,1,24,,30567,34,,,1,64,,30568,34,,,1,24,,30569,34,,,1,24,,30570,34,,,1,65,,30571,34,,,1,24,,30572,34,,,1,64,,30573,34,,,1,24,,30574,34,,,1,23,,30575,34,,,1,64,,30576,34,,,1,24,,30577,34,,,1,64,,30578,34,,,1,24,,30579,34,,,1,24,,30580,34,,,1,63,,30581,34,,,1,24,,30582,34,,,1,64,,30583,34,,,1,23,,30584,34,,,1,24,,30585,34,,,1,61,,30586,34,,,1,22,,30587,34,,,1,62,,30588,34,,,1,23,,30589,34,,,1,23,,30590,34,,,1,62,,30591,34,,,1,22,,30592,34,,,1,21,,30593,34,,,1,61,,30594,34,,,1,22,,30595,34,,,1,20,,30596,34,,,1,59,,30597,34,,,1
701,'MAWeekday',554,,30598,34,,,1,65,,30599,34,,,1,26,,30635,34,,,1,83,,30600,34,,,1,106,,30601,34,,,1,24,,30602,34,,,1,63,,30634,34,,,1,93,,30603,34,,,1,27,,30636,34,,,1,65,,30604,34,,,1,26,,30605,34,,,1,25,,30606,34,,,1,92,,30607,34,,,1,63,,30608,34,,,1,19,,30637,34,,,1,20,,30609,34,,,1,64,,30610,34,,,1,25,,30611,34,,,1,92,,30612,34,,,1,68,,30613,34,,,1,26,,30614,34,,,1,25,,30615,34,,,1,66,,30616,34,,,1,26,,30617,34,,,1,87,,30618,34,,,1,23,,30619,34,,,1,65,,30620,34,,,1,22,,30621,34,,,1,62,,30622,34,,,1,20,,30623,34,,,1,86,,30624,34,,,1,22,,30625,34,,,1,22,,30626,34,,,1,75,,30627,34,,,1,74,,30628,34,,,1,32,,30629,34,,,1,76,,30630,34,,,1,37,,30631,34,,,1,73,,30632,34,,,1,37,,30633,34,,,1
3901,'CPHoliday1',710,,36282,8,,,1,40,,36277,8,,,1,80,,36271,8,,,1,80,,36268,8,,,1,42,,36283,8,,,1,82,,36280,8,,,1,84,,36272,8,,,1,85,,36267,8,,,1,45,,36284,8,,,1,85,,36278,8,,,1,85,,36273,8,,,1,85,,36266,8,,,1,45,,36285,8,,,1,86,,36279,8,,,1,85,,36274,8,,,1,85,,36265,8,,,1,45,,36286,8,,,1,83,,36275,8,,,1,82,,36270,8,,,1,42,,36264,8,,,1,79,,36281,8,,,1,80,,36276,8,,,1,36,,36269,8,,,1,70,,36263,8,,,1
3901,'CPSaturday',921,,36291,8,,,1,288,,36290,8,,,1,229,,36292,8,,,1,70,,36289,8,,,1,230,,36293,8,,,1,70,,36288,8,,,1,227,,36294,8,,,1,66,,36287,8,,,1
3901,'CPSunday',710,,36314,8,,,1,40,,36309,8,,,1,80,,36303,8,,,1,80,,36300,8,,,1,42,,36315,8,,,1,82,,36312,8,,,1,84,,36304,8,,,1,85,,36299,8,,,1,45,,36316,8,,,1,85,,36310,8,,,1,85,,36305,8,,,1,85,,36298,8,,,1,45,,36317,8,,,1,86,,36311,8,,,1,85,,36306,8,,,1,85,,36297,8,,,1,45,,36318,8,,,1,83,,36307,8,,,1,82,,36302,8,,,1,42,,36296,8,,,1,79,,36313,8,,,1,80,,36308,8,,,1,36,,36301,8,,,1,70,,36295,8,,,1
3901,'MASaturday',707,,36339,8,,,1,25,,36335,8,,,1,26,,36334,8,,,1,67,,36328,8,,,1,28,,36343,8,,,1,96,,36336,8,,,1,68,,36331,8,,,1,28,,36327,8,,,1,68,,36325,8,,,1,28,,36342,8,,,1,96,,36337,8,,,1,70,,36332,8,,,1,31,,36323,8,,,1,70,,36319,8,,,1,130,,36338,8,,,1,70,,36329,8,,,1,30,,36324,8,,,1,70,,36320,8,,,1,130,,36340,8,,,1,70,,36330,8,,,1,29,,36322,8,,,1,70,,36321,8,,,1,119,,36341,8,,,1,25,,36333,8,,,1,60,,36326,8,,,1
3901,'MAWeekday',439,,36344,8,,,1,15,,36345,8,,,1,56,,36346,8,,,1,15,,36347,8,,,1,16,,36348,8,,,1,18,,36349,8,,,1,60,,36350,8,,,1,21,,36351,8,,,1,64,,36352,8,,,1,24,,36353,8,,,1,23,,36354,8,,,1,61,,36355,8,,,1,19,,36356,8,,,1,19,,36357,8,,,1,61,,36358,8,,,1,24,,36359,8,,,1,76,,36360,8,,,1,36,,36361,8,,,1,75,,36362,8,,,1,36,,36363,8,,,1,76,,36364,8,,,1,75,,36365,8,,,1,36,,36366,8,,,1,61,,36367,8,,,1,22,,36368,8,,,1,20,,36369,8,,,1,61,,36370,8,,,1,21,,36371,8,,,1,21,,36372,8,,,1,62,,36373,8,,,1,22,,36374,8,,,1,22,,36375,8,,,1,60,,36376,8,,,1,16,,36377,8,,,1,18,,36378,8,,,1,59,,36379,8,,,1,20,,36380,8,,,1,19,,36381,8,,,1,62,,36382,8,,,1,22,,36383,8,,,1,23,,36384,8,,,1,72,,36385,8,,,1,79,,36386,8,,,1,39,,36387,8,,,1,78,,36388,8,,,1,77,,36389,8,,,1,38,,36390,8,,,1,78,,36391,8,,,1,38,,36392,8,,,1
4300,'CPWeekday',455,,36936,9,,,1,80,,36943,9,,,1,80,,36939,9,,,1,40,,36941,9,,,1,80,,36937,9,,,1,80,,36944,9,,,1,40,,36940,9,,,1,80,,36942,9,,,1,80,,36938,9,,,1
