3600,'CPHoliday1',726,,21478,4,,1,76,,21479,4,,1,35,,21480,4,,1,74,,21481,4,,1,37,,21482,4,,1,76,,21483,4,,1,77,,21484,4,,1,39,,21485,4,,1,78,,21486,4,,1,39,,21487,4,,1,79,,21488,4,,1,79,,21489,4,,1,40,,21490,4,,1,80,,21491,4,,1,79,,21492,4,,1,40,,21493,4,,1,78,,21494,4,,1,78,,21495,4,,1,38,,21496,4,,1,76,,21497,4,,1,78,,21498,4,,1,36,,21499,4,,1,76,,21500,4,,1,35,,21501,4,,1,74,,21502,4,,1,34,,21503,4,,1,74,,21504,4,,1,72,,21505,4,,1,31,,21506,4,,1
3600,'CPSaturday',604,,21507,4,,1,31,,21508,4,,1,75,,21509,4,,1,35,,21510,4,,1,77,,21511,4,,1,37,,21512,4,,1,78,,21513,4,,1,76,,21514,4,,1,38,,21515,4,,1,79,,21516,4,,1,78,,21517,4,,1,40,,21518,4,,1,80,,21519,4,,1,80,,21520,4,,1,40,,21521,4,,1,80,,21522,4,,1,80,,21523,4,,1,40,,21524,4,,1,79,,21525,4,,1,80,,21526,4,,1,40,,21527,4,,1,78,,21528,4,,1,78,,21529,4,,1,38,,21530,4,,1,78,,21531,4,,1,38,,21532,4,,1,75,,21533,4,,1,78,,21534,4,,1,36,,21535,4,,1,77,,21536,4,,1,77,,21537,4,,1,36,,21538,4,,1,76,,21539,4,,1
3600,'CPSunday',726,,21540,4,,1,76,,21541,4,,1,35,,21542,4,,1,74,,21543,4,,1,37,,21544,4,,1,76,,21545,4,,1,77,,21546,4,,1,39,,21547,4,,1,78,,21548,4,,1,39,,21549,4,,1,79,,21550,4,,1,79,,21551,4,,1,40,,21552,4,,1,80,,21553,4,,1,79,,21554,4,,1,40,,21555,4,,1,78,,21556,4,,1,78,,21557,4,,1,38,,21558,4,,1,76,,21559,4,,1,78,,21560,4,,1,36,,21561,4,,1,76,,21562,4,,1,35,,21563,4,,1,74,,21564,4,,1,34,,21565,4,,1,74,,21566,4,,1,72,,21567,4,,1,31,,21568,4,,1
3600,'CPWeekday',614,,21571,4,,1,41,,21572,4,,1,80,,21573,4,,1,73,,21570,4,,1,9,,21574,4,,1,84,,21575,4,,1,43,,21576,4,,1,83,,21577,4,,1,84,,21578,4,,1,45,,21579,4,,1,84,,21580,4,,1,85,,21581,4,,1,85,,21582,4,,1,33,,21569,4,,1,64,,21583,4,,1,41,,21584,4,,1,80,,21585,4,,1,86,,21586,4,,1,45,,21587,4,,1,82,,21588,4,,1,84,,21589,4,,1,82,,21590,4,,1,41,,21591,4,,1,80,,21592,4,,1,79,,21593,4,,1,37,,21594,4,,1,78,,21595,4,,1,34,,21596,4,,1,74,,21597,4,,1,74,,21598,4,,1,34,,21599,4,,1,72,,21600,4,,1,31,,21601,4,,1
3601,'CPHoliday1',739,,21602,,,1,73,,21603,,,1,34,,21604,,,1,76,,21605,,,1,36,,21606,,,1,76,,21607,,,1,76,,21608,,,1,38,,21609,,,1,80,,21610,,,1,80,,21611,,,1,40,,21612,,,1,80,,21613,,,1,80,,21614,,,1,40,,21615,,,1,78,,21616,,,1,78,,21617,,,1,38,,21618,,,1,78,,21619,,,1,38,,21620,,,1,78,,21621,,,1,76,,21622,,,1,36,,21623,,,1,76,,21624,,,1,76,,21625,,,1,34,,21626,,,1,72,,21627,,,1,32,,21628,,,1
3601,'CPSaturday',536,,21629,,,1,75,,21630,,,1,35,,21631,,,1,75,,21632,,,1,35,,21633,,,1,76,,21634,,,1,76,,21635,,,1,38,,21636,,,1,78,,21637,,,1,78,,21638,,,1,38,,21639,,,1,78,,21640,,,1,40,,21641,,,1,80,,21642,,,1,80,,21643,,,1,40,,21644,,,1,80,,21645,,,1,80,,21646,,,1,40,,21647,,,1,80,,21648,,,1,80,,21649,,,1,40,,21650,,,1,78,,21651,,,1,78,,21652,,,1,38,,21653,,,1,78,,21654,,,1,78,,21655,,,1,36,,21656,,,1,76,,21657,,,1,39,,21658,,,1,77,,21659,,,1,76,,21660,,,1,36,,21661,,,1,76,,21662,,,1
3601,'CPSunday',739,,21663,,,1,73,,21664,,,1,34,,21665,,,1,76,,21666,,,1,36,,21667,,,1,76,,21668,,,1,76,,21669,,,1,38,,21670,,,1,80,,21671,,,1,80,,21672,,,1,40,,21673,,,1,80,,21674,,,1,80,,21675,,,1,40,,21676,,,1,78,,21677,,,1,78,,21678,,,1,38,,21679,,,1,78,,21680,,,1,38,,21681,,,1,78,,21682,,,1,76,,21683,,,1,36,,21684,,,1,76,,21685,,,1,76,,21686,,,1,34,,21687,,,1,72,,21688,,,1,32,,21689,,,1
3601,'CPWeekday',541,,21693,,,1,80,,21694,,,1,82,,21695,,,1,42,,21696,,,1,82,,21697,,,1,84,,21698,,,1,44,,21699,,,1,84,,21700,,,1,84,,21701,,,1,84,,21702,,,1,44,,21703,,,1,84,,21704,,,1,85,,21691,,,1,1,,21705,,,1,2,,21692,,,1,84,,21706,,,1,46,,21707,,,1,86,,21708,,,1,19,,21690,,,1,67,,21709,,,1,84,,21710,,,1,44,,21711,,,1,84,,21712,,,1,82,,21713,,,1,40,,21714,,,1,80,,21715,,,1,80,,21716,,,1,36,,21717,,,1,76,,21718,,,1,74,,21719,,,1,34,,21720,,,1,74,,21721,,,1,32,,21722,,,1
4501,'CPHoliday1',804,,23156,,,1,35,,23153,,,1,76,,23155,,,1,38,,23154,,,1,78,,23152,,,1,78,,23147,,,1,38,,23148,,,1,80,,23145,,,1,78,,23144,,,1,40,,23149,,,1,80,,23146,,,1,80,,23142,,,1,40,,23150,,,1,79,,23141,,,1,80,,23139,,,1,39,,23151,,,1,80,,23137,,,1,80,,23140,,,1,40,,23143,,,1,78,,23136,,,1,38,,23138,,,1
4501,'CPSaturday',557,,23180,,,1,76,,23179,,,1,75,,23178,,,1,36,,23177,,,1,76,,23176,,,1,35,,23175,,,1,79,,23174,,,1,78,,23173,,,1,41,,23170,,,1,81,,23169,,,1,80,,23166,,,1,40,,23165,,,1,83,,23167,,,1,82,,23164,,,1,82,,23163,,,1,41,,23171,,,1,82,,23160,,,1,81,,23159,,,1,41,,23168,,,1,82,,23162,,,1,82,,23157,,,1,38,,23172,,,1,77,,23161,,,1,78,,23158,,,1
4501,'CPSunday',804,,23201,,,1,35,,23198,,,1,76,,23200,,,1,38,,23199,,,1,78,,23197,,,1,78,,23192,,,1,38,,23193,,,1,80,,23190,,,1,78,,23189,,,1,40,,23194,,,1,80,,23191,,,1,80,,23187,,,1,40,,23195,,,1,79,,23186,,,1,80,,23184,,,1,39,,23196,,,1,80,,23182,,,1,80,,23185,,,1,40,,23188,,,1,78,,23181,,,1,38,,23183,,,1
4501,'CPWeekday',450,,23202,,,1,72,,23203,,,1,31,,23204,,,1,61,,23205,0,11 6 12 13 14 15 16,1,21,,23206,,,1,20,,23207,0,11 6 12 13 14 15 16,1,60,,23208,,,1,18,,23209,0,11 6 12 13 14 15 16,1,21,,23210,,,1,59,,23211,0,11 6 12 13 14 15 16,1,21,,23212,,,1,19,,23213,0,11 6 12 13 14 15 16,1,59,,23214,,,1,19,,23215,0,11 6 12 13 14 15 16,1,22,,23216,,,1,68,,23217,0,11 6 12 13 14 15 16,1,32,,23218,,,1,71,,23219,,,1,32,,23220,,,1,72,,23221,,,1,72,,23222,,,1,32,,23223,,,1,23,,23224,,,1,62,,23225,,,1,20,,23226,,,1,63,,23227,0,11 6 12 13 14 15 16,1,24,,23228,,,1,22,,23229,0,11 6 12 13 14 15 16,1,59,,23230,,,1,18,,23231,0,11 6 12 13 14 15 16,1,18,,23232,,,1,18,,23233,0,11 6 12 13 14 15 16,1,58,,23234,,,1,17,,23235,0,11 6 12 13 14 15 16,1,19,,23236,,,1,57,,23237,0,11 6 12 13 14 15 16,1,19,,23238,,,1,20,,23239,0,11 6 12 13 14 15 16,1,55,,23240,,,1,15,,23241,0,11 6 12 13 14 15 16,1,15,,23242,,,1,18,,23243,,,1,59,,23244,,,1,21,,23245,,,1,24,,23246,,,1,78,,23247,,,1,77,,23248,,,1,37,,23249,,,1,76,,23250,,,1
