400,'CPHoliday1',805,,29469,16,,,1,40,,29470,16,,,1,80,,29471,16,,,1,80,,29472,16,,,1,46,,29473,16,,,1,85,,29474,16,,,1,85,,29475,16,,,1,85,,29476,16,,,1,45,,29477,16,,,1,85,,29478,16,,,1,85,,29479,16,,,1,85,,29480,16,,,1,44,,29481,16,,,1,85,,29482,16,,,1,85,,29483,16,,,1,85,,29484,16,,,1,44,,29485,16,,,1
400,'CPSaturday',624,,29486,16,,,1,81,,29487,16,,,1,40,,29488,16,,,1,85,,29489,16,,,1,85,,29490,16,,,1,85,,29491,16,,,1,45,,29492,16,,,1,86,,29493,16,,,1,85,,29494,16,,,1,85,,29495,16,,,1,46,,29496,16,,,1,85,,29497,16,,,1,86,,29498,16,,,1,85,,29499,16,,,1,45,,29500,16,,,1,84,,29501,16,,,1,85,,29502,16,,,1,84,,29503,16,,,1,45,,29504,16,,,1,85,,29505,16,,,1,84,,29506,16,,,1,85,,29507,16,,,1
400,'CPSunday',805,,29508,16,,,1,40,,29509,16,,,1,80,,29510,16,,,1,80,,29511,16,,,1,46,,29512,16,,,1,85,,29513,16,,,1,85,,29514,16,,,1,85,,29515,16,,,1,45,,29516,16,,,1,85,,29517,16,,,1,85,,29518,16,,,1,85,,29519,16,,,1,44,,29520,16,,,1,85,,29521,16,,,1,85,,29522,16,,,1,85,,29523,16,,,1,44,,29524,16,,,1
400,'CPWeekday',505,,29526,16,,,1,45,,29527,16,,,1,86,,29528,16,,,1,87,,29529,16,,,1,84,,29530,16,,,1,44,,29531,16,,,1,83,,29532,16,,,1,83,,29533,16,,,1,84,,29534,16,,,1,44,,29535,16,,,1,84,,29536,16,,,1,85,,29537,16,,,1,40,,29525,11,,,1,4,,29538,16,,,1,70,,29539,16,,,1,72,,29540,16,,,1,38,,29541,16,,,1,77,,29542,16,,,1,38,,29543,16,,,1,76,,29544,16,,,1,76,,29545,16,,,1,39,,29546,16,,,1,104,,29547,16,,,1,103,,29548,16,,,1,100,,29549,16,,,1,100,,29550,16,,,1
2800,'CPHoliday1',800,,34317,1,,,1,25,,34318,1,,,1,26,,34319,1,,,1,66,,34320,1,,,1,26,,34321,1,,,1,68,,34322,1,,,1,30,,34323,1,,,1,70,,34324,1,,,1,30,,34325,1,,,1,70,,34326,1,,,1,30,,34327,1,,,1,70,,34328,1,,,1,30,,34329,1,,,1,70,,34330,1,,,1,30,,34331,1,,,1,70,,34332,1,,,1,30,,34333,1,,,1,70,,34334,1,,,1,30,,34335,1,,,1,70,,34336,1,,,1,30,,34337,1,,,1,70,,34338,1,,,1,30,,34339,1,,,1,65,,34340,1,,,1,24,,34341,1,,,1
2800,'CPSaturday',730,,34358,1,,,1,22,,34357,1,,,1,65,,34364,1,,,1,28,,34351,1,,,1,68,,34371,1,,,1,30,,34350,1,,,1,70,,34370,1,,,1,30,,34344,1,,,1,70,,34363,1,,,1,30,,34346,1,,,1,70,,34365,1,,,1,30,,34345,1,,,1,70,,34369,1,,,1,30,,34352,1,,,1,70,,34366,1,,,1,30,,34348,1,,,1,68,,34361,1,,,1,30,,34349,1,,,1,70,,34372,1,,,1,30,,34347,1,,,1,70,,34367,1,,,1,30,,34342,1,,,1,70,,34359,1,,,1,30,,34353,1,,,1,70,,34360,1,,,1,30,,34354,1,,,1,70,,34368,1,,,1,30,,34355,1,,,1,70,,34362,1,,,1,32,,34343,1,,,1,72,,34373,1,,,1,35,,34356,1,,,1
2800,'CPSunday',800,,34374,1,,,1,25,,34375,1,,,1,26,,34376,1,,,1,66,,34377,1,,,1,26,,34378,1,,,1,68,,34379,1,,,1,30,,34380,1,,,1,70,,34381,1,,,1,30,,34382,1,,,1,70,,34383,1,,,1,30,,34384,1,,,1,70,,34385,1,,,1,30,,34386,1,,,1,70,,34387,1,,,1,30,,34388,1,,,1,70,,34389,1,,,1,30,,34390,1,,,1,70,,34391,1,,,1,30,,34392,1,,,1,70,,34393,1,,,1,30,,34394,1,,,1,70,,34395,1,,,1,30,,34396,1,,,1,65,,34397,1,,,1,24,,34398,1,,,1
2800,'CPWeekday',455,,34400,1,,,1,55,,34401,1,,,1,16,,34402,1,,,1,15,,34403,1,,,1,15,,34404,1,,,1,54,,34405,1,,,1,18,,34406,1,,,1,12,,34407,1,,,1,18,,34408,1,,,1,56,,34409,1,,,1,15,,34410,1,,,1,17,,34411,1,,,1,55,,34412,1,,,1,18,,34413,1,,,1,17,,34414,1,,,1,14,,34415,1,,,1,54,,34416,1,,,1,14,,34417,1,,,1,19,,34418,1,,,1,20,,34419,1,,,1,61,,34420,1,,,1,20,,34421,1,,,1,20,,34422,1,,,1,59,,34423,1,,,1,20,,34424,1,,,1,20,,34425,1,,,1,60,,34426,1,,,1,19,,34427,1,,,1,20,,34428,1,,,1,61,,34429,1,,,1,21,,34430,1,,,1,20,,34431,1,,,1,60,,34432,1,,,1,20,,34433,1,,,1,21,,34434,1,,,1,60,,34435,1,,,1,20,,34436,1,,,1,61,,34437,1,,,1,15,,34438,1,,,1,15,,34439,1,,,1,17,,34440,1,,,1,58,,34441,1,,,1,10,,34399,1,,,1,14,,34442,1,,,1,15,,34443,1,,,1,15,,34444,1,,,1,58,,34445,1,,,1,19,,34446,1,,,1,16,,34447,1,,,1,60,,34448,1,,,1,20,,34449,1,,,1,15,,34450,1,,,1,55,,34451,1,,,1,18,,34452,1,,,1,20,,34453,1,,,1,60,,34454,1,,,1,19,,34455,1,,,1,27,,34456,1,,,1,67,,34457,1,,,1,26,,34458,1,,,1,66,,34459,1,,,1,23,,34460,1,,,1,23,,34461,1,,,1,64,,34462,1,,,1
2801,'CPHoliday1',816,,34464,25,4,,1,29,,34465,25,4,,1,68,,34466,25,4,,1,28,,34467,25,4,,1,69,,34468,25,4,,1,28,,34469,25,4,,1,70,,34470,25,4,,1,30,,34471,25,4,,1,71,,34472,25,4,,1,30,,34473,25,4,,1,70,,34474,25,4,,1,31,,34475,25,4,,1,70,,34476,25,4,,1,31,,34477,25,4,,1,70,,34478,25,4,,1,30,,34479,25,4,,1,70,,34480,25,4,,1,30,,34481,25,4,,1,70,,34482,25,4,,1,29,,34483,25,4,,1,70,,34484,25,4,,1,30,,34485,25,4,,1,64,,34486,25,4,,1,24,,34487,25,4,,1,25,,34488,25,4,,1
2801,'CPSaturday',747,,34510,25,4,,1,68,,34509,25,4,,1,29,,34503,25,4,,1,68,,34504,25,4,,1,29,,34496,25,4,,1,68,,34511,25,4,,1,31,,34492,25,4,,1,70,,34515,25,4,,1,30,,34498,25,4,,1,70,,34512,25,4,,1,31,,34489,25,4,,1,70,,34513,25,4,,1,31,,34497,25,4,,1,70,,34506,25,4,,1,30,,34495,25,4,,1,69,,34514,25,4,,1,30,,34499,25,4,,1,70,,34516,25,4,,1,30,,34490,25,4,,1,70,,34507,25,4,,1,29,,34491,25,4,,1,70,,34505,25,4,,1,30,,34500,25,4,,1,69,,34508,25,4,,1,30,,34501,25,4,,1,70,,34517,25,4,,1,30,,34493,25,4,,1,70,,34518,25,4,,1,29,,34494,25,4,,1,70,,34519,25,4,,1,34,,34502,25,4,,1,75,,34520,25,4,,1
2801,'CPSunday',816,,34521,25,4,,1,29,,34522,25,4,,1,68,,34523,25,4,,1,28,,34524,25,4,,1,69,,34525,25,4,,1,28,,34526,25,4,,1,70,,34527,25,4,,1,30,,34528,25,4,,1,71,,34529,25,4,,1,30,,34530,25,4,,1,70,,34531,25,4,,1,31,,34532,25,4,,1,70,,34533,25,4,,1,31,,34534,25,4,,1,70,,34535,25,4,,1,30,,34536,25,4,,1,70,,34537,25,4,,1,30,,34538,25,4,,1,70,,34539,25,4,,1,29,,34540,25,4,,1,70,,34541,25,4,,1,30,,34542,25,4,,1,64,,34543,25,4,,1,24,,34544,25,4,,1,25,,34545,25,4,,1
2801,'CPWeekday',526,,34547,25,4,,1,15,,34548,25,4,,1,15,,34549,25,4,,1,54,,34550,25,4,,1,18,,34551,26,4,,1,12,,34552,26,4,,1,18,,34553,26,4,,1,56,,34554,26,4,,1,15,,34555,26,4,,1,17,,34556,26,4,,1,55,,34609,25,4,,1,1,,34546,26,4,,1,17,,34558,26,4,,1,17,,34559,26,4,,1,14,,34560,26,4,,1,54,,34561,26,4,,1,12,,34562,25,4,,1,21,,34563,25,4,,1,20,,34564,25,4,,1,61,,34565,25,4,,1,20,,34566,25,4,,1,20,,34567,25,4,,1,59,,34568,25,4,,1,20,,34569,25,4,,1,20,,34570,25,4,,1,60,,34571,25,4,,1,19,,34572,25,4,,1,20,,34573,25,4,,1,61,,34574,25,4,,1,21,,34575,25,4,,1,20,,34576,25,4,,1,60,,34577,25,4,,1,20,,34578,25,4,,1,21,,34579,25,4,,1,60,,34580,25,4,,1,20,,34581,25,4,,1,15,,34582,25,4,,1,56,,34583,25,4,,1,19,,34584,25,4,,1,18,,34585,25,4,,1,58,,34586,25,4,,1,18,,34587,25,4,,1,18,,34588,25,4,,1,18,,34589,25,4,,1,58,,34590,25,4,,1,19,,34591,25,4,,1,16,,34592,25,4,,1,58,,34593,25,4,,1,17,,34594,25,4,,1,17,,34595,25,4,,1,58,,34596,25,4,,1,18,,34597,25,4,,1,20,,34598,25,4,,1,60,,34599,25,4,,1,19,,34600,25,4,,1,27,,34601,25,4,,1,67,,34602,25,4,,1,26,,34603,25,4,,1,66,,34604,25,4,,1,23,,34605,25,4,,1,23,,34606,25,4,,1,62,,34607,25,4,,1,22,,34608,25,4,,1
10300,'CPHoliday1',530,,40222,1,,,1,25,,40218,1,,,1,65,,40217,1,,,1,25,,40210,1,,,1,65,,40220,1,,,1,25,,40207,1,,,1,65,,40206,1,,,1,25,,40216,1,,,1,25,,40227,1,,,1,70,,40205,1,,,1,30,,40204,1,,,1,70,,40215,1,,,1,30,,40226,1,,,1,70,,40203,1,,,1,30,,40202,1,,,1,70,,40209,1,,,1,30,,40219,1,,,1,70,,40196,1,,,1,30,,40195,1,,,1,70,,40208,1,,,1,30,,40224,1,,,1,70,,40200,1,,,1,30,,40199,1,,,1,70,,40212,1,,,1,30,,40223,1,,,1,70,,40198,1,,,1,30,,40194,1,,,1,70,,40211,1,,,1,30,,40221,1,,,1,70,,40197,1,,,1,30,,40192,1,,,1,70,,40214,1,,,1,28,,40225,1,,,1,66,,40201,1,,,1,26,,40193,1,,,1,65,,40213,1,,,1
10300,'CPSaturday',435,,40264,1,,,1,65,,40263,1,,,1,25,,40254,1,,,1,25,,40253,1,,,1,65,,40266,1,,,1,25,,40252,1,,,1,66,,40251,1,,,1,28,,40256,1,,,1,68,,40267,1,,,1,28,,40243,1,,,1,28,,40242,1,,,1,68,,40255,1,,,1,26,,40265,1,,,1,62,,40241,1,,,1,22,,40245,1,,,1,64,,40240,1,,,1,26,,40257,1,,,1,26,,40268,1,,,1,66,,40239,1,,,1,26,,40244,1,,,1,66,,40233,1,,,1,26,,40258,1,,,1,66,,40269,1,,,1,26,,40232,1,,,1,26,,40246,1,,,1,66,,40236,1,,,1,26,,40262,1,,,1,66,,40270,1,,,1,26,,40231,1,,,1,66,,40249,1,,,1,26,,40237,1,,,1,26,,40260,1,,,1,66,,40272,1,,,1,26,,40229,1,,,1,66,,40247,1,,,1,26,,40235,1,,,1,65,,40259,1,,,1,25,,40271,1,,,1,24,,40228,1,,,1,64,,40250,1,,,1,24,,40234,1,,,1,64,,40261,1,,,1,22,,40273,1,,,1,22,,40230,1,,,1,60,,40248,1,,,1,20,,40238,1,,,1
10300,'CPSunday',530,,40304,1,,,1,25,,40300,1,,,1,65,,40299,1,,,1,25,,40292,1,,,1,65,,40302,1,,,1,25,,40289,1,,,1,65,,40288,1,,,1,25,,40298,1,,,1,25,,40309,1,,,1,70,,40287,1,,,1,30,,40286,1,,,1,70,,40297,1,,,1,30,,40308,1,,,1,70,,40285,1,,,1,30,,40284,1,,,1,70,,40291,1,,,1,30,,40301,1,,,1,70,,40278,1,,,1,30,,40277,1,,,1,70,,40290,1,,,1,30,,40306,1,,,1,70,,40282,1,,,1,30,,40281,1,,,1,70,,40294,1,,,1,30,,40305,1,,,1,70,,40280,1,,,1,30,,40276,1,,,1,70,,40293,1,,,1,30,,40303,1,,,1,70,,40279,1,,,1,30,,40274,1,,,1,70,,40296,1,,,1,28,,40307,1,,,1,66,,40283,1,,,1,26,,40275,1,,,1,65,,40295,1,,,1
10300,'CPWeekday',410,,40310,1,,,1,30,,40311,1,,,1,65,,40312,1,,,1,25,,40313,1,,,1,15,,40314,1,,,1,55,,40315,1,,,1,15,,40316,1,,,1,15,,40317,1,,,1,15,,40318,1,,,1,55,,40319,1,,,1,15,,40320,1,,,1,15,,40321,1,,,1,15,,40322,1,,,1,65,,40323,1,,,1,30,,40324,1,,,1,70,,40325,1,,,1,30,,40326,1,,,1,66,,40327,1,,,1,24,,40328,1,,,1,24,,40329,1,,,1,66,,40330,1,,,1,28,,40331,1,,,1,70,,40332,1,,,1,30,,40333,1,,,1,68,,40334,1,,,1,28,,40335,1,,,1,68,,40336,1,,,1,28,,40337,1,,,1,60,,40338,1,,,1,16,,40339,1,,,1,16,,40340,1,,,1,16,,40341,1,,,1,56,,40342,1,,,1,16,,40343,1,,,1,18,,40344,1,,,1,18,,40345,1,,,1,56,,40346,1,,,1,16,,40347,1,,,1,16,,40348,1,,,1,60,,40349,1,,,1,24,,40350,1,,,1,24,,40351,1,,,1,64,,40352,1,,,1,24,,40353,1,,,1,64,,40354,1,,,1,30,,40355,1,,,1,78,,40356,1,,,1,38,,40357,1,,,1,80,,40358,1,,,1,82,,40359,1,,,1,95,,40360,1,,,1,50,,40361,1,,,1
10301,'CPHoliday1',631,,40389,18,4,,1,25,,40391,18,4,,1,65,,40388,18,4,,1,27,,40379,18,4,,1,67,,40378,18,4,,1,26,,40390,18,4,,1,65,,40377,18,4,,1,25,,40376,18,4,,1,70,,40381,18,4,,1,30,,40392,18,4,,1,73,,40375,18,4,,1,33,,40374,18,4,,1,71,,40380,18,4,,1,31,,40397,18,4,,1,70,,40372,18,4,,1,32,,40373,18,4,,1,70,,40385,18,4,,1,29,,40396,18,4,,1,68,,40369,18,4,,1,32,,40367,18,4,,1,69,,40383,18,4,,1,28,,40393,18,4,,1,70,,40366,18,4,,1,30,,40365,18,4,,1,70,,40382,18,4,,1,29,,40394,18,4,,1,69,,40368,18,4,,1,30,,40364,18,4,,1,70,,40384,18,4,,1,29,,40395,18,4,,1,70,,40370,18,4,,1,29,,40362,18,4,,1,68,,40386,18,4,,1,25,,40398,18,4,,1,25,,40371,18,4,,1,65,,40363,18,4,,1,25,,40387,18,4,,1
10301,'CPSaturday',534,,40432,18,4,,1,25,,40439,18,4,,1,68,,40422,18,4,,1,27,,40421,18,4,,1,65,,40424,18,4,,1,30,,40436,18,4,,1,70,,40420,18,4,,1,28,,40419,18,4,,1,68,,40425,18,4,,1,30,,40438,18,4,,1,71,,40415,18,4,,1,28,,40411,18,4,,1,70,,40423,18,4,,1,26,,40437,18,4,,1,66,,40410,18,4,,1,30,,40413,18,4,,1,66,,40409,18,4,,1,26,,40427,18,4,,1,25,,40433,18,4,,1,66,,40405,18,4,,1,26,,40414,18,4,,1,68,,40403,18,4,,1,27,,40426,18,4,,1,64,,40434,18,4,,1,26,,40402,18,4,,1,26,,40412,18,4,,1,66,,40404,18,4,,1,21,,40428,18,4,,1,66,,40435,18,4,,1,27,,40399,18,4,,1,66,,40418,18,4,,1,25,,40406,18,4,,1,26,,40429,18,4,,1,65,,40440,18,4,,1,24,,40400,18,4,,1,63,,40417,18,4,,1,24,,40408,18,4,,1,23,,40430,18,4,,1,63,,40441,18,4,,1,24,,40401,18,4,,1,62,,40416,18,4,,1,24,,40407,18,4,,1,24,,40431,18,4,,1
10301,'CPSunday',631,,40469,18,4,,1,25,,40471,18,4,,1,65,,40468,18,4,,1,27,,40459,18,4,,1,67,,40458,18,4,,1,26,,40470,18,4,,1,65,,40457,18,4,,1,25,,40456,18,4,,1,70,,40461,18,4,,1,30,,40472,18,4,,1,73,,40455,18,4,,1,33,,40454,18,4,,1,71,,40460,18,4,,1,31,,40477,18,4,,1,70,,40452,18,4,,1,32,,40453,18,4,,1,70,,40465,18,4,,1,29,,40476,18,4,,1,68,,40449,18,4,,1,32,,40447,18,4,,1,69,,40463,18,4,,1,28,,40473,18,4,,1,70,,40446,18,4,,1,30,,40445,18,4,,1,70,,40462,18,4,,1,29,,40474,18,4,,1,69,,40448,18,4,,1,30,,40444,18,4,,1,70,,40464,18,4,,1,29,,40475,18,4,,1,70,,40450,18,4,,1,29,,40442,18,4,,1,68,,40466,18,4,,1,25,,40478,18,4,,1,25,,40451,18,4,,1,65,,40443,18,4,,1,25,,40467,18,4,,1
10301,'CPWeekday',516,,40479,18,4,,1,28,,40480,18,4,,1,66,,40481,18,4,,1,25,,40482,18,4,,1,24,,40483,18,4,,1,56,,40484,18,4,,1,15,,40485,18,4,,1,18,,40486,18,4,,1,60,,40487,18,4,,1,17,,40488,18,4,,1,18,,40489,18,4,,1,15,,40490,18,4,,1,57,,40491,18,4,,1,16,,40492,18,4,,1,18,,40493,18,4,,1,62,,40494,18,4,,1,30,,40495,18,4,,1,69,,40496,18,4,,1,29,,40497,18,4,,1,68,,40498,18,4,,1,26,,40499,18,4,,1,26,,40500,18,4,,1,68,,40501,18,4,,1,26,,40502,18,4,,1,68,,40503,18,4,,1,31,,40504,18,4,,1,70,,40505,18,4,,1,30,,40506,18,4,,1,70,,40507,18,4,,1,24,,40508,18,4,,1,56,,40509,18,4,,1,16,,40510,18,4,,1,17,,40511,18,4,,1,17,,40512,18,4,,1,55,,40513,18,4,,1,13,,40514,18,4,,1,12,,40515,18,4,,1,16,,40516,18,4,,1,57,,40517,18,4,,1,20,,40518,18,4,,1,26,,40519,18,4,,1,67,,40520,18,4,,1,26,,40521,18,4,,1,62,,40522,18,4,,1,22,,40523,18,4,,1,24,,40524,18,4,,1,68,,40525,18,4,,1,29,,40526,18,4,,1,72,,40527,18,4,,1,36,,40528,18,4,,1,82,,40529,18,4,,1,90,,40530,18,4,,1
