1300,'CPHoliday1',625,,31858,6,,,1,75,,31859,6,,,1,35,,31860,6,,,1,75,,31861,6,,,1,36,,31862,6,,,1,76,,31863,6,,,1,78,,31864,6,,,1,38,,31865,6,,,1,78,,31866,6,,,1,40,,31867,6,,,1,80,,31868,6,,,1,81,,31869,6,,,1,40,,31870,6,,,1,79,,31871,6,,,1,81,,31872,6,,,1,40,,31873,6,,,1,79,,31874,6,,,1,80,,31875,6,,,1,40,,31876,6,,,1,80,,31877,6,,,1,79,,31878,6,,,1,40,,31879,6,,,1,80,,31880,6,,,1,80,,31881,6,,,1,85,,31882,6,,,1,55,,31883,6,,,1,94,,31884,6,,,1,95,,31885,6,,,1,95,,31886,6,,,1
1300,'CPSaturday',434,,31887,6,,,1,72,,31888,6,,,1,32,,31889,6,,,1,74,,31890,6,,,1,34,,31891,6,,,1,75,,31892,6,,,1,36,,31893,6,,,1,76,,31894,6,,,1,77,,31895,6,,,1,26,,31896,6,,,1,66,,31897,6,,,1,31,,31898,6,,,1,69,,31899,6,,,1,33,,31900,6,,,1,72,,31901,6,,,1,32,,31902,6,,,1,72,,31903,6,,,1,32,,31904,6,,,1,72,,31905,6,,,1,32,,31906,6,,,1,70,,31907,6,,,1,30,,31908,6,,,1,70,,31909,6,,,1,32,,31910,6,,,1,72,,31911,6,,,1,32,,31912,6,,,1,71,,31913,6,,,1,32,,31914,6,,,1,70,,31915,6,,,1,30,,31916,6,,,1,70,,31917,6,,,1,30,,31918,6,,,1,78,,31919,6,,,1,90,,31920,6,,,1,90,,31921,6,,,1,90,,31922,6,,,1,50,,31923,6,,,1,90,,31924,6,,,1
1300,'CPSunday',625,,31925,6,,,1,75,,31926,6,,,1,35,,31927,6,,,1,75,,31928,6,,,1,36,,31929,6,,,1,76,,31930,6,,,1,78,,31931,6,,,1,38,,31932,6,,,1,78,,31933,6,,,1,40,,31934,6,,,1,80,,31935,6,,,1,81,,31936,6,,,1,40,,31937,6,,,1,79,,31938,6,,,1,81,,31939,6,,,1,40,,31940,6,,,1,79,,31941,6,,,1,80,,31942,6,,,1,40,,31943,6,,,1,80,,31944,6,,,1,79,,31945,6,,,1,40,,31946,6,,,1,80,,31947,6,,,1,80,,31948,6,,,1,85,,31949,6,,,1,55,,31950,6,,,1,94,,31951,6,,,1,95,,31952,6,,,1,95,,31953,6,,,1
1300,'CPWeekday',434,,31954,6,,,1,20,,31955,6,,,1,66,,31956,6,,,1,25,,31957,6,,,1,66,,31958,6,,,1,25,,31959,6,,,1,66,,31960,6,,,1,26,,31961,6,,,1,29,,31962,6,,,1,68,,31963,6,,,1,26,,31964,6,,,1,66,,31965,6,,,1,25,,31966,6,,,1,64,,31967,6,,,1,25,,31968,6,,,1,25,,31969,6,,,1,65,,31970,6,,,1,25,,31971,6,,,1,66,,31972,6,,,1,24,,31973,6,,,1,64,,31974,6,,,1,26,,31975,6,,,1,26,,31976,6,,,1,65,,31977,6,,,1,26,,31978,6,,,1,65,,31979,6,,,1,25,,31980,6,,,1,24,,31981,6,,,1,64,,31982,6,,,1,24,,31983,6,,,1,64,,31984,6,,,1,23,,31985,6,,,1,24,,31986,6,,,1,63,,31987,6,,,1,24,,31988,6,,,1,61,,31989,6,,,1,22,,31990,6,,,1,24,,31991,6,,,1,66,,31992,6,,,1,30,,31993,6,,,1,70,,31994,6,,,1,30,,31995,6,,,1,90,,31996,6,,,1,88,,31997,6,,,1,90,,31998,6,,,1,90,,31999,6,,,1,55,,32000,6,,,1,95,,32001,6,,,1
2900,'CPHoliday1',716,,34610,22,,,1,86,,34611,22,,,1,46,,34612,22,,,1,86,,34613,22,,,1,88,,34614,22,,,1,86,,34615,22,,,1,46,,34616,22,,,1,88,,34617,22,,,1,86,,34618,22,,,1,91,,34619,22,,,1,89,,34620,22,,,1,51,,34621,22,,,1,90,,34622,22,,,1,90,,34623,22,,,1,88,,34624,22,,,1,87,,34625,22,,,1,86,,34626,22,,,1,45,,34627,22,,,1,85,,34628,22,,,1,84,,34629,22,,,1,40,,34630,22,,,1,80,,34631,22,,,1,77,,34632,22,,,1,38,,34633,22,,,1,78,,34634,22,,,1
2900,'CPSaturday',433,,34635,22,,,1,70,,34636,22,,,1,31,,34637,22,,,1,71,,34638,22,,,1,30,,34639,22,,,1,70,,34640,22,,,1,31,,34641,22,,,1,70,,34642,22,,,1,31,,34643,22,,,1,70,,34644,22,,,1,30,,34645,22,,,1,70,,34646,22,,,1,32,,34647,22,,,1,73,,34648,22,,,1,34,,34649,22,,,1,74,,34650,22,,,1,34,,34651,22,,,1,74,,34652,22,,,1,74,,34653,22,,,1,34,,34654,22,,,1,74,,34655,22,,,1,34,,34656,22,,,1,74,,34657,22,,,1,34,,34658,22,,,1,74,,34659,22,,,1,74,,34660,22,,,1,33,,34661,22,,,1,74,,34662,22,,,1,34,,34663,22,,,1,73,,34664,22,,,1,32,,34665,22,,,1,72,,34666,22,,,1,40,,34667,22,,,1,85,,34668,22,,,1,84,,34669,22,,,1,83,,34670,22,,,1,44,,34671,22,,,1,80,,34672,22,,,1,75,,34673,22,,,1
2900,'CPSunday',716,,34674,22,,,1,86,,34675,22,,,1,46,,34676,22,,,1,86,,34677,22,,,1,88,,34678,22,,,1,86,,34679,22,,,1,46,,34680,22,,,1,88,,34681,22,,,1,86,,34682,22,,,1,91,,34683,22,,,1,89,,34684,22,,,1,51,,34685,22,,,1,90,,34686,22,,,1,90,,34687,22,,,1,88,,34688,22,,,1,87,,34689,22,,,1,86,,34690,22,,,1,45,,34691,22,,,1,85,,34692,22,,,1,84,,34693,22,,,1,40,,34694,22,,,1,80,,34695,22,,,1,77,,34696,22,,,1,38,,34697,22,,,1,78,,34698,22,,,1
2900,'CPWeekday',451,,34699,22,,,1,70,,34700,22,,,1,33,,34701,22,,,1,75,,34702,22,,,1,76,,34703,22,,,1,36,,34704,22,,,1,74,,34705,22,,,1,35,,34706,22,,,1,74,,34707,22,,,1,35,,34708,22,,,1,75,,34709,22,,,1,75,,34710,22,,,1,35,,34711,22,,,1,75,,34712,22,,,1,36,,34713,22,,,1,77,,34714,22,,,1,76,,34715,22,,,1,37,,34716,22,,,1,76,,34717,22,,,1,37,,34718,22,,,1,79,,34719,22,,,1,78,,34720,22,,,1,38,,34721,22,,,1,78,,34722,22,,,1,79,,34723,22,,,1,37,,34724,22,,,1,74,,34725,22,,,1,34,,34726,22,,,1,81,,34727,22,,,1,88,,34728,22,,,1,87,,34729,22,,,1,48,,34730,22,,,1,88,,34731,22,,,1,85,,34732,22,,,1
11000,'CPHoliday1',721,,41401,4,,,1,32,,41390,4,,,1,72,,41399,4,,,1,32,,41407,4,,,1,73,,41397,4,,,1,72,,41389,4,,,1,32,,41409,4,,,1,72,,41394,4,,,1,32,,41385,4,,,1,66,,41380,4,,,1,26,,41404,4,,,1,26,,41398,4,,,1,65,,41379,4,,,1,26,,41377,4,,,1,66,,41410,4,,,1,26,,41393,4,,,1,66,,41386,4,,,1,26,,41384,4,,,1,26,,41406,4,,,1,66,,41396,4,,,1,26,,41382,4,,,1,66,,41388,4,,,1,26,,41402,4,,,1,66,,41400,4,,,1,24,,41378,4,,,1,24,,41381,4,,,1,64,,41405,4,,,1,30,,41392,4,,,1,70,,41387,4,,,1,31,,41408,4,,,1,72,,41391,4,,,1,32,,41383,4,,,1,70,,41403,4,,,1,30,,41395,4,,,1
11000,'CPSaturday',721,,41443,4,,,1,32,,41433,4,,,1,72,,41434,4,,,1,32,,41444,4,,,1,73,,41432,4,,,1,72,,41431,4,,,1,32,,41435,4,,,1,72,,41425,4,,,1,32,,41424,4,,,1,66,,41422,4,,,1,26,,41440,4,,,1,26,,41421,4,,,1,65,,41423,4,,,1,26,,41420,4,,,1,66,,41438,4,,,1,26,,41419,4,,,1,66,,41426,4,,,1,26,,41418,4,,,1,26,,41437,4,,,1,66,,41414,4,,,1,26,,41429,4,,,1,66,,41412,4,,,1,26,,41439,4,,,1,66,,41415,4,,,1,24,,41428,4,,,1,24,,41411,4,,,1,64,,41436,4,,,1,30,,41416,4,,,1,70,,41427,4,,,1,31,,41441,4,,,1,72,,41417,4,,,1,32,,41430,4,,,1,70,,41442,4,,,1,30,,41413,4,,,1
11000,'CPSunday',721,,41469,4,,,1,32,,41458,4,,,1,72,,41467,4,,,1,32,,41475,4,,,1,73,,41465,4,,,1,72,,41457,4,,,1,32,,41477,4,,,1,72,,41462,4,,,1,32,,41453,4,,,1,66,,41448,4,,,1,26,,41472,4,,,1,26,,41466,4,,,1,65,,41447,4,,,1,26,,41445,4,,,1,66,,41478,4,,,1,26,,41461,4,,,1,66,,41454,4,,,1,26,,41452,4,,,1,26,,41474,4,,,1,66,,41464,4,,,1,26,,41450,4,,,1,66,,41456,4,,,1,26,,41470,4,,,1,66,,41468,4,,,1,24,,41446,4,,,1,24,,41449,4,,,1,64,,41473,4,,,1,30,,41460,4,,,1,70,,41455,4,,,1,31,,41476,4,,,1,72,,41459,4,,,1,32,,41451,4,,,1,70,,41471,4,,,1,30,,41463,4,,,1
11000,'CPWeekday',458,,41537,4,,,1,57,,41529,4,,,1,17,,41533,4,,,1,19,,41530,4,,,1,58,,41531,4,,,1,22,,41532,4,,,1,17,,41526,4,,,1,59,,41528,4,,,1,28,,41524,4,,,1,19,,41525,4,,,1,63,,41527,4,,,1,22,,41519,4,,,1,61,,41523,4,,,1,19,,41521,4,,,1,22,,41522,4,,,1,63,,41520,4,,,1,19,,41518,4,,,1,21,,41517,4,,,1,61,,41515,4,,,1,21,,41516,4,,,1,21,,41514,4,,,1,61,,41513,4,,,1,21,,41511,4,,,1,22,,41512,4,,,1,61,,41510,4,,,1,22,,41507,4,,,1,21,,41508,4,,,1,62,,41506,4,,,1,20,,41509,4,,,1,21,,41505,4,,,1,61,,41503,4,,,1,22,,41504,4,,,1,62,,41502,4,,,1,22,,41501,4,,,1,23,,41500,4,,,1,63,,41499,4,,,1,24,,41498,4,,,1,23,,41496,4,,,1,63,,41494,4,,,1,23,,41493,4,,,1,60,,41495,4,,,1,21,,41488,4,,,1,21,,41489,4,,,1,58,,41480,4,,,1,18,,41483,4,,,1,18,,41497,4,,,1,17,,41482,4,,,1,70,,41491,4,,,1,29,,41479,4,,,1,69,,41484,4,,,1,27,,41490,4,,,1
