600,'CPHoliday1',816,,29991,44,,,1,42,,29992,44,,,1,81,,29993,44,,,1,84,,29994,44,,,1,82,,29995,44,,,1,45,,29996,44,,,1,87,,29997,44,,,1,86,,29998,44,,,1,89,,29999,44,,,1,88,,30000,44,,,1,47,,30001,44,,,1,89,,30002,44,,,1,88,,30003,44,,,1,87,,30004,44,,,1,43,,30005,44,,,1,82,,30006,44,,,1,81,,30007,44,,,1,41,,30008,44,,,1,79,,30009,44,,,1
600,'CPSaturday',544,,30010,44,,,1,79,,30011,44,,,1,78,,30012,44,,,1,39,,30013,44,,,1,82,,30014,44,,,1,81,,30015,44,,,1,42,,30016,44,,,1,82,,30017,44,,,1,88,,30018,44,,,1,44,,30019,44,,,1,85,,30020,44,,,1,87,,30021,44,,,1,86,,30022,44,,,1,84,,30023,44,,,1,44,,30024,44,,,1,85,,30025,44,,,1,85,,30026,44,,,1,44,,30027,44,,,1,83,,30028,44,,,1,84,,30029,44,,,1,84,,30030,44,,,1,42,,30031,44,,,1,83,,30032,44,,,1,83,,30033,44,,,1,40,,30034,44,,,1,80,,30035,44,,,1,80,,30036,44,,,1
600,'CPSunday',816,,30037,44,,,1,42,,30038,44,,,1,81,,30039,44,,,1,84,,30040,44,,,1,82,,30041,44,,,1,45,,30042,44,,,1,87,,30043,44,,,1,86,,30044,44,,,1,89,,30045,44,,,1,88,,30046,44,,,1,47,,30047,44,,,1,89,,30048,44,,,1,88,,30049,44,,,1,87,,30050,44,,,1,43,,30051,44,,,1,82,,30052,44,,,1,81,,30053,44,,,1,41,,30054,44,,,1,79,,30055,44,,,1
600,'CPWeekday',530,,30101,44,,,1,27,,30092,44,,,1,72,,30090,44,,,1,28,,30095,44,,,1,64,,30089,44,,,1,36,,30088,44,,,1,71,,30093,44,,,1,73,,30087,44,,,1,29,,30086,44,,,1,29,,30094,44,,,1,70,,30075,44,,,1,30,,30073,44,,,1,70,,30097,44,,,1,30,,30077,44,,,1,71,,30072,44,,,1,70,,30096,44,,,1,31,,30076,44,,,1,70,,30071,44,,,1,31,,30091,44,,,1,26,,30070,44,,,1,65,,30078,44,,,1,24,,30064,44,,,1,64,,30098,44,,,1,25,,30063,44,,,1,66,,30074,44,,,1,26,,30065,44,,,1,26,,30099,44,,,1,65,,30062,44,,,1,25,,30079,44,,,1,62,,30067,44,,,1,22,,30100,44,,,1,21,,30061,44,,,1,65,,30081,44,,,1,27,,30068,44,,,1,67,,30060,44,,,1,28,,30083,44,,,1,67,,30066,44,,,1,28,,30059,44,,,1,28,,30080,44,,,1,66,,30069,44,,,1,26,,30058,44,,,1,75,,30084,44,,,1,75,,30057,44,,,1,32,,30082,44,,,1,75,,30056,44,,,1,36,,30085,44,,,1
800,'CPSaturday',709,,30649,42,,,1,42,,30639,42,,,1,85,,30650,42,,,1,85,,30645,42,,,1,86,,30651,42,,,1,48,,30640,42,,,1,90,,30652,42,,,1,90,,30641,42,,,1,91,,30653,42,,,1,94,,30646,42,,,1,93,,30654,42,,,1,93,,30647,42,,,1,53,,30658,42,,,1,92,,30638,42,,,1,93,,30656,42,,,1,91,,30648,42,,,1,88,,30659,42,,,1,86,,30642,42,,,1,46,,30660,42,,,1,86,,30643,42,,,1,84,,30655,42,,,1,81,,30644,42,,,1,43,,30657,42,,,1
800,'CPWeekday',528,,30689,42,,,1,72,,30691,42,,,1,31,,30688,42,,,1,73,,30690,42,,,1,35,,30685,42,,,1,78,,30686,42,,,1,39,,30687,42,,,1,76,,30682,42,,,1,75,,30683,42,,,1,36,,30684,42,,,1,76,,30681,42,,,1,35,,30680,42,,,1,75,,30679,42,,,1,76,,30678,42,,,1,37,,30677,42,,,1,80,,30676,42,,,1,85,,30675,42,,,1,43,,30674,42,,,1,76,,30673,42,,,1,80,,30672,42,,,1,40,,30666,42,,,1,78,,30671,42,,,1,32,,30665,42,,,1,74,,30661,42,,,1,72,,30670,42,,,1,41,,30663,42,,,1,82,,30668,42,,,1,82,,30664,42,,,1,42,,30669,42,,,1,80,,30662,42,,,1,82,,30667,42,,,1
2600,'CPHoliday1',639,,33833,10,,,1,65,,33834,10,,,1,26,,33836,19,,,1,25,,33837,19,,,1,66,,33838,19,,,1,26,,33839,19,,,1,67,,33840,19,,,1,28,,33841,19,,,1,69,,33842,19,,,1,28,,33843,19,,,1,68,,33844,19,,,1,29,,33845,19,,,1,67,,33846,19,,,1,21,,33847,19,,,1,20,,33848,19,,,1,63,,33849,19,,,1,24,,33850,19,,,1,24,,33851,19,,,1,65,,33852,19,,,1,22,,33853,19,,,1,62,,33854,19,,,1,22,,33855,19,,,1,22,,33856,19,,,1,64,,33857,19,,,1,25,,33858,19,,,1,63,,33859,19,,,1,23,,33860,19,,,1,24,,33861,19,,,1,62,,33862,19,,,1,22,,33863,19,,,1,22,,33864,19,,,1,61,,33865,19,,,1,21,,33866,19,,,1,66,,33867,19,,,1,28,,33868,19,,,1,26,,33869,19,,,1,68,,33870,19,,,1,27,,33871,19,,,1,65,,33872,19,,,1,26,,33873,19,,,1,66,,33874,19,,,1,26,,33875,19,,,1,26,,33876,19,,,1,64,,33877,19,,,1,23,,33878,19,,,1,64,,33879,19,,,1
2600,'CPSaturday',451,,33880,19,,,1,60,,33881,19,,,1,21,,33882,19,,,1,20,,33883,19,,,1,64,,33884,19,,,1,22,,33885,19,,,1,62,,33886,19,,,1,23,,33887,19,,,1,22,,33888,19,,,1,63,,33889,19,,,1,22,,33890,19,,,1,22,,33891,19,,,1,65,,33892,19,,,1,24,,33893,19,,,1,65,,33894,19,,,1,25,,33895,19,,,1,18,,33896,19,,,1,59,,33897,19,,,1,19,,33898,19,,,1,20,,33899,19,,,1,61,,33900,19,,,1,19,,33901,19,,,1,18,,33902,19,,,1,58,,33903,19,,,1,16,,33904,19,,,1,16,,33905,19,,,1,16,,33906,19,,,1,56,,33907,19,,,1,14,,33908,19,,,1,14,,33909,19,,,1,14,,33910,19,,,1,54,,33911,19,,,1,14,,33912,19,,,1,14,,33913,19,,,1,14,,33914,19,,,1,14,,33915,19,,,1,54,,33916,19,,,1,14,,33917,19,,,1,14,,33918,19,,,1,15,,33919,19,,,1,55,,33920,19,,,1,14,,33921,19,,,1,15,,33922,19,,,1,15,,33923,19,,,1,54,,33924,19,,,1,14,,33925,19,,,1,14,,33926,19,,,1,14,,33927,19,,,1,52,,33928,19,,,1,11,,33929,19,,,1,12,,33930,19,,,1,16,,33931,19,,,1,63,,33932,19,,,1,24,,33933,19,,,1,24,,33934,19,,,1,63,,33935,19,,,1,20,,33936,19,,,1,18,,33937,19,,,1,57,,33938,19,,,1,17,,33939,19,,,1,18,,33940,19,,,1,62,,33941,19,,,1,24,,33942,19,,,1,24,,33943,19,,,1,66,,33944,19,,,1,28,,33945,19,,,1,65,,33946,19,,,1,22,,33947,19,,,1,20,,33948,19,,,1,59,,33949,19,,,1,20,,33950,19,0,32 44 34 35 36 37,1
2600,'CPSunday',639,,33951,10,,,1,65,,33952,10,,,1,26,,33954,19,,,1,25,,33955,19,,,1,66,,33956,19,,,1,26,,33957,19,,,1,67,,33958,19,,,1,28,,33959,19,,,1,69,,33960,19,,,1,28,,33961,19,,,1,68,,33962,19,,,1,29,,33963,19,,,1,67,,33964,19,,,1,21,,33965,19,,,1,20,,33966,19,,,1,63,,33967,19,,,1,24,,33968,19,,,1,24,,33969,19,,,1,65,,33970,19,,,1,22,,33971,19,,,1,62,,33972,19,,,1,22,,33973,19,,,1,22,,33974,19,,,1,64,,33975,19,,,1,25,,33976,19,,,1,63,,33977,19,,,1,23,,33978,19,,,1,24,,33979,19,,,1,62,,33980,19,,,1,22,,33981,19,,,1,22,,33982,19,,,1,61,,33983,19,,,1,21,,33984,19,,,1,66,,33985,19,,,1,28,,33986,19,,,1,26,,33987,19,,,1,68,,33988,19,,,1,27,,33989,19,,,1,65,,33990,19,,,1,26,,33991,19,,,1,66,,33992,19,,,1,26,,33993,19,,,1,26,,33994,19,,,1,64,,33995,19,,,1,23,,33996,19,,,1,64,,33997,19,,,1
37101,'CPWeekday',1404,,41801,30,,,1
