'25DE22-CPBlock-Holiday1-14',900,65300,,'',1,8800,,'',1,8600,,'',1,9100,,'',1,8900,,'',1,3400,,'',1,7200,,'',1,3500,,'',1,8000,,'',1,7200,,'',1,3700,,'',1,7800,,'',1,3800,,'',1,7800,,'',1,7800,,'',1,3700,,'',1,7700,,'',1,7700,,'',1,3700,,'',1,7600,,'',1,3600,,'',1,8900,,'',1,9000,,'',1,8900,,'',1,8900,,'',1,4800,,'',1
'25DE22-CPBlock-Holiday1-14',901,64800,4,'',1,8700,4,'',1,8800,4,'',1,9100,4,'',1,8900,4,'',1,5000,4,'',1,8800,4,'',1,7900,4,'',1,3600,4,'',1,7600,4,'',1,7700,4,'',1,3700,4,'',1,7900,4,'',1,7800,4,'',1,3700,4,'',1,7700,4,'',1,3700,4,'',1,7600,4,'',1,7700,4,'',1,3700,4,'',1,8500,4,'',1,9200,4,'',1,9000,4,'',1,4800,4,'',1,8900,4,'',1
'25DE22-CPBlock-Holiday2-15',900,64300,,'',1,7200,,'',1,3400,,'',1,7200,,'',1,3400,,'',1,7300,,'',1,7500,,'',1,3500,,'',1,7500,,'',1,3500,,'',1,7700,,'',1,7700,,'',1,3800,,'',1,7900,,'',1,3900,,'',1,7900,,'',1,7900,,'',1,3900,,'',1,7600,,'',1,7900,,'',1,3600,,'',1,7600,,'',1,3700,,'',1,7400,,'',1,7400,,'',1,3400,,'',1,7400,,'',1,3400,,'',1,7400,,'',1,3200,,'',1,7100,,'',1,3100,,'',1
'25DE22-CPBlock-Holiday2-15',901,63800,4,'',1,7200,4,'',1,3300,4,'',1,7300,4,'',1,3300,4,'',1,7400,4,'',1,3400,4,'',1,7600,4,'',1,7300,4,'',1,3500,4,'',1,7700,4,'',1,3900,4,'',1,7800,4,'',1,7800,4,'',1,3700,4,'',1,8000,4,'',1,7900,4,'',1,3900,4,'',1,7800,4,'',1,7800,4,'',1,3500,4,'',1,7700,4,'',1,3500,4,'',1,7500,4,'',1,7500,4,'',1,3400,4,'',1,7300,4,'',1,3400,4,'',1,7300,4,'',1,3300,4,'',1,7200,4,'',1,3100,4,'',1,6900,4,'',1,2600,4,'',1,6700,4,'',1
'25DE22-CPBlock-Holiday3-16',900,65300,,'',1,8800,,'',1,8600,,'',1,9100,,'',1,8900,,'',1,3400,,'',1,7200,,'',1,3500,,'',1,8000,,'',1,7200,,'',1,3700,,'',1,7800,,'',1,3800,,'',1,7800,,'',1,7800,,'',1,3700,,'',1,7700,,'',1,7700,,'',1,3700,,'',1,7600,,'',1,3600,,'',1,8900,,'',1,9000,,'',1,8900,,'',1,8900,,'',1,4800,,'',1
'25DE22-CPBlock-Holiday3-16',901,64800,4,'',1,8700,4,'',1,8800,4,'',1,9100,4,'',1,8900,4,'',1,5000,4,'',1,8800,4,'',1,7900,4,'',1,3600,4,'',1,7600,4,'',1,7700,4,'',1,3700,4,'',1,7900,4,'',1,7800,4,'',1,3700,4,'',1,7700,4,'',1,3700,4,'',1,7600,4,'',1,7700,4,'',1,3700,4,'',1,8500,4,'',1,9200,4,'',1,9000,4,'',1,4800,4,'',1,8900,4,'',1
'25DE22-CPBlock-Saturday-12',900,64300,,'',1,7200,,'',1,3400,,'',1,7200,,'',1,3400,,'',1,7300,,'',1,7500,,'',1,3500,,'',1,7500,,'',1,3500,,'',1,7700,,'',1,7700,,'',1,3800,,'',1,7900,,'',1,3900,,'',1,7900,,'',1,7900,,'',1,3900,,'',1,7600,,'',1,7900,,'',1,3600,,'',1,7600,,'',1,3700,,'',1,7400,,'',1,7400,,'',1,3400,,'',1,7400,,'',1,3400,,'',1,7400,,'',1,3200,,'',1,7100,,'',1,3100,,'',1
'25DE22-CPBlock-Saturday-12',901,63800,4,'',1,7200,4,'',1,3300,4,'',1,7300,4,'',1,3300,4,'',1,7400,4,'',1,3400,4,'',1,7600,4,'',1,7300,4,'',1,3500,4,'',1,7700,4,'',1,3900,4,'',1,7800,4,'',1,7800,4,'',1,3700,4,'',1,8000,4,'',1,7900,4,'',1,3900,4,'',1,7800,4,'',1,7800,4,'',1,3500,4,'',1,7700,4,'',1,3500,4,'',1,7500,4,'',1,7500,4,'',1,3400,4,'',1,7300,4,'',1,3400,4,'',1,7300,4,'',1,3300,4,'',1,7200,4,'',1,3100,4,'',1,6900,4,'',1,2600,4,'',1,6700,4,'',1
'25DE22-CPBlock-Sunday-13',900,65300,,'',1,8800,,'',1,8600,,'',1,9100,,'',1,8900,,'',1,3400,,'',1,7200,,'',1,3500,,'',1,8000,,'',1,7200,,'',1,3700,,'',1,7800,,'',1,3800,,'',1,7800,,'',1,7800,,'',1,3700,,'',1,7700,,'',1,7700,,'',1,3700,,'',1,7600,,'',1,3600,,'',1,8900,,'',1,9000,,'',1,8900,,'',1,8900,,'',1,4800,,'',1
'25DE22-CPBlock-Sunday-13',901,64800,4,'',1,8700,4,'',1,8800,4,'',1,9100,4,'',1,8900,4,'',1,5000,4,'',1,8800,4,'',1,7900,4,'',1,3600,4,'',1,7600,4,'',1,7700,4,'',1,3700,4,'',1,7900,4,'',1,7800,4,'',1,3700,4,'',1,7700,4,'',1,3700,4,'',1,7600,4,'',1,7700,4,'',1,3700,4,'',1,8500,4,'',1,9200,4,'',1,9000,4,'',1,4800,4,'',1,8900,4,'',1
'25DE22-CPBlock-Weekday-11',900,41300,,'',1,2100,,'',1,2000,,'',1,6000,,'',1,2000,,'',1,2000,,'',1,6300,,'',1,2300,,'',1,6300,,'',1,2100,,'',1,2300,,'',1,6500,,'',1,2500,,'',1,6500,,'',1,2200,,'',1,2100,,'',1,6700,,'',1,2800,,'',1,7000,,'',1,3000,,'',1,7000,,'',1,3000,,'',1,7000,,'',1,3000,,'',1,7000,,'',1,3000,,'',1,6600,,'',1,2300,,'',1,2200,,'',1,7000,,'',1,2900,,'',1,7000,,'',1,1900,,'',1,6300,,'',1,3000,,'',1,6900,,'',1,2700,,'',1,2600,,'',1,6600,,'',1,2900,,'',1,6700,,'',1,2700,,'',1,6700,,'',1,2700,,'',1,6700,,'',1,2700,,'',1,7100,,'',1,4600,,'',1,8600,,'',1
'25DE22-CPBlock-Weekday-11',901,54600,4,'',1,6500,4,'',1,2300,4,'',1,2300,4,'',1,6200,4,'',1,2200,4,'',1,6200,4,'',1,2500,4,'',1,2700,4,'',1,6200,4,'',1,2500,4,'',1,6500,4,'',1,2600,4,'',1,2400,4,'',1,6000,4,'',1,1900,4,'',1,6900,4,'',1,3000,4,'',1,7000,4,'',1,3100,4,'',1,7000,4,'',1,2900,4,'',1,2000,4,'',1,6000,4,'',1,2700,4,'',1,6900,4,'',1,3000,4,'',1,7100,4,'',1,2200,4,'',1,2300,4,'',1,6700,4,'',1,2700,4,'',1,6800,4,'',1,2400,4,'',1,6300,4,'',1,2700,4,'',1,6800,4,'',1,2800,4,'',1,2900,4,'',1,6800,4,'',1,2700,4,'',1,6500,4,'',1,2700,4,'',1,6300,4,'',1,2600,4,'',1,2400,4,'',1,6600,4,'',1,8400,4,'',1,4400,4,'',1
'25DE22-CPBlock-Holiday1-14',3500,62200,,'',1,1900,,'',1,5900,,'',1,2000,,'',1,2000,,'',1,6000,,'',1,2000,,'',1,2100,,'',1,6200,,'',1,2300,,'',1,2300,,'',1,6200,,'',1,2200,,'',1,2300,,'',1,6300,,'',1,2300,,'',1,6300,,'',1,2400,,'',1,2400,,'',1,6400,,'',1,2200,,'',1,6400,,'',1,2400,,'',1,2400,,'',1,6400,,'',1,2400,,'',1,6300,,'',1,2400,,'',1,2400,,'',1,6400,,'',1,2400,,'',1,6400,,'',1,2300,,'',1,2300,,'',1,6300,,'',1,2300,,'',1,2400,,'',1,6300,,'',1,2300,,'',1,6100,,'',1,2200,,'',1,2100,,'',1,5700,,'',1,2300,,'',1,2100,,'',1,6100,,'',1,1900,,'',1
'25DE22-CPBlock-Holiday1-14',3501,62000,4,'',1,1900,4,'',1,1900,4,'',1,6000,4,'',1,1900,4,'',1,2000,4,'',1,6600,4,'',1,2500,4,'',1,6400,4,'',1,2300,4,'',1,2300,4,'',1,6100,4,'',1,2400,4,'',1,6300,4,'',1,2400,4,'',1,2300,4,'',1,6400,4,'',1,2500,4,'',1,6400,4,'',1,2200,4,'',1,2300,4,'',1,6400,4,'',1,2500,4,'',1,6400,4,'',1,2200,4,'',1,2200,4,'',1,6500,4,'',1,2300,4,'',1,6400,4,'',1,2400,4,'',1,2400,4,'',1,6300,4,'',1,2400,4,'',1,2400,4,'',1,6300,4,'',1,2500,4,'',1,6100,4,'',1,2300,4,'',1,2300,4,'',1,6200,4,'',1,1900,4,'',1,2000,4,'',1,6100,4,'',1,2200,4,'',1,2100,4,'',1,5700,4,'',1,1700,4,'',1,1900,4,'',1,5700,4,'',1,1700,4,'',1,1800,4,'',1,5900,4,'',1
'25DE22-CPBlock-Holiday2-15',3500,50700,,'',1,2000,,'',1,2000,,'',1,6000,,'',1,2000,,'',1,2000,,'',1,6000,,'',1,2300,,'',1,2300,,'',1,6300,,'',1,2300,,'',1,6300,,'',1,2400,,'',1,2400,,'',1,6600,,'',1,2400,,'',1,6400,,'',1,2400,,'',1,2400,,'',1,6400,,'',1,2600,,'',1,6400,,'',1,1800,,'',1,1800,,'',1,5800,,'',1,1800,,'',1,1600,,'',1,1600,,'',1,5700,,'',1,1700,,'',1,1600,,'',1,1600,,'',1,5600,,'',1,1600,,'',1,1600,,'',1,5600,,'',1,1600,,'',1,1600,,'',1,1600,,'',1,5600,,'',1,1600,,'',1,1800,,'',1,6200,,'',1,2500,,'',1,2500,,'',1,6500,,'',1,2200,,'',1,2200,,'',1,6200,,'',1,2400,,'',1,6400,,'',1,2200,,'',1,2200,,'',1,8100,,'',1,8100,,'',1,3800,,'',1
'25DE22-CPBlock-Holiday2-15',3501,50500,4,'',1,2000,4,'',1,2000,4,'',1,6000,4,'',1,2000,4,'',1,2000,4,'',1,6000,4,'',1,1000,4,'',1,2400,4,'',1,6600,4,'',1,2400,4,'',1,2200,4,'',1,6300,4,'',1,2500,4,'',1,6500,4,'',1,2300,4,'',1,2400,4,'',1,6400,4,'',1,2500,4,'',1,6400,4,'',1,2600,4,'',1,2600,4,'',1,6600,4,'',1,200,4,'',1,2500,4,'',1,6700,4,'',1,200,4,'',1,2200,4,'',1,1700,4,'',1,5400,4,'',1,1500,4,'',1,1500,4,'',1,1600,4,'',1,5600,4,'',1,1700,4,'',1,1700,4,'',1,5700,4,'',1,1600,4,'',1,1600,4,'',1,1700,4,'',1,5700,4,'',1,1600,4,'',1,1500,4,'',1,1500,4,'',1,5400,4,'',1,1400,4,'',1,1600,4,'',1,1600,4,'',1,5600,4,'',1,1400,4,'',1,2300,4,'',1,6200,4,'',1,2200,4,'',1,2100,4,'',1,6400,4,'',1,2000,4,'',1,2000,4,'',1,6100,4,'',1,2100,4,'',1,6200,4,'',1,2000,4,'',1,1600,4,'',1,1800,4,'',1,7500,4,'',1
'25DE22-CPBlock-Holiday3-16',3500,62200,,'',1,1900,,'',1,5900,,'',1,2000,,'',1,2000,,'',1,6000,,'',1,2000,,'',1,2100,,'',1,6200,,'',1,2300,,'',1,2300,,'',1,6200,,'',1,2200,,'',1,2300,,'',1,6300,,'',1,2300,,'',1,6300,,'',1,2400,,'',1,2400,,'',1,6400,,'',1,2200,,'',1,6400,,'',1,2400,,'',1,2400,,'',1,6400,,'',1,2400,,'',1,6300,,'',1,2400,,'',1,2400,,'',1,6400,,'',1,2400,,'',1,6400,,'',1,2300,,'',1,2300,,'',1,6300,,'',1,2300,,'',1,2400,,'',1,6300,,'',1,2300,,'',1,6100,,'',1,2200,,'',1,2100,,'',1,5700,,'',1,2300,,'',1,2100,,'',1,6100,,'',1,1900,,'',1
'25DE22-CPBlock-Holiday3-16',3501,62000,4,'',1,1900,4,'',1,1900,4,'',1,6000,4,'',1,1900,4,'',1,2000,4,'',1,6600,4,'',1,2500,4,'',1,6400,4,'',1,2300,4,'',1,2300,4,'',1,6100,4,'',1,2400,4,'',1,6300,4,'',1,2400,4,'',1,2300,4,'',1,6400,4,'',1,2500,4,'',1,6400,4,'',1,2200,4,'',1,2300,4,'',1,6400,4,'',1,2500,4,'',1,6400,4,'',1,2200,4,'',1,2200,4,'',1,6500,4,'',1,2300,4,'',1,6400,4,'',1,2400,4,'',1,2400,4,'',1,6300,4,'',1,2400,4,'',1,2400,4,'',1,6300,4,'',1,2500,4,'',1,6100,4,'',1,2300,4,'',1,2300,4,'',1,6200,4,'',1,1900,4,'',1,2000,4,'',1,6100,4,'',1,2200,4,'',1,2100,4,'',1,5700,4,'',1,1700,4,'',1,1900,4,'',1,5700,4,'',1,1700,4,'',1,1800,4,'',1,5900,4,'',1
'25DE22-CPBlock-Saturday-12',3500,50700,,'',1,2000,,'',1,2000,,'',1,6000,,'',1,2000,,'',1,2000,,'',1,6000,,'',1,2300,,'',1,2300,,'',1,6300,,'',1,2300,,'',1,6300,,'',1,2400,,'',1,2400,,'',1,6600,,'',1,2400,,'',1,6400,,'',1,2400,,'',1,2400,,'',1,6400,,'',1,2600,,'',1,6400,,'',1,1800,,'',1,1800,,'',1,5800,,'',1,1800,,'',1,1600,,'',1,1600,,'',1,5700,,'',1,1700,,'',1,1600,,'',1,1600,,'',1,5600,,'',1,1600,,'',1,1600,,'',1,5600,,'',1,1600,,'',1,1600,,'',1,1600,,'',1,5600,,'',1,1600,,'',1,1800,,'',1,6200,,'',1,2500,,'',1,2500,,'',1,6500,,'',1,2200,,'',1,2200,,'',1,6200,,'',1,2400,,'',1,6400,,'',1,2200,,'',1,2200,,'',1,8100,,'',1,8100,,'',1,3800,,'',1
'25DE22-CPBlock-Saturday-12',3501,50500,4,'',1,2000,4,'',1,2000,4,'',1,6000,4,'',1,2000,4,'',1,2000,4,'',1,6000,4,'',1,1000,4,'',1,2400,4,'',1,6600,4,'',1,2400,4,'',1,2200,4,'',1,6300,4,'',1,2500,4,'',1,6500,4,'',1,2300,4,'',1,2400,4,'',1,6400,4,'',1,2500,4,'',1,6400,4,'',1,2600,4,'',1,2600,4,'',1,6600,4,'',1,200,4,'',1,2500,4,'',1,6700,4,'',1,200,4,'',1,2200,4,'',1,1700,4,'',1,5400,4,'',1,1500,4,'',1,1500,4,'',1,1600,4,'',1,5600,4,'',1,1700,4,'',1,1700,4,'',1,5700,4,'',1,1600,4,'',1,1600,4,'',1,1700,4,'',1,5700,4,'',1,1600,4,'',1,1500,4,'',1,1500,4,'',1,5400,4,'',1,1400,4,'',1,1600,4,'',1,1600,4,'',1,5600,4,'',1,1400,4,'',1,2300,4,'',1,6200,4,'',1,2200,4,'',1,2100,4,'',1,6400,4,'',1,2000,4,'',1,2000,4,'',1,6100,4,'',1,2100,4,'',1,6200,4,'',1,2000,4,'',1,1600,4,'',1,1800,4,'',1,7500,4,'',1
'25DE22-CPBlock-Sunday-13',3500,62200,,'',1,1900,,'',1,5900,,'',1,2000,,'',1,2000,,'',1,6000,,'',1,2000,,'',1,2100,,'',1,6200,,'',1,2300,,'',1,2300,,'',1,6200,,'',1,2200,,'',1,2300,,'',1,6300,,'',1,2300,,'',1,6300,,'',1,2400,,'',1,2400,,'',1,6400,,'',1,2200,,'',1,6400,,'',1,2400,,'',1,2400,,'',1,6400,,'',1,2400,,'',1,6300,,'',1,2400,,'',1,2400,,'',1,6400,,'',1,2400,,'',1,6400,,'',1,2300,,'',1,2300,,'',1,6300,,'',1,2300,,'',1,2400,,'',1,6300,,'',1,2300,,'',1,6100,,'',1,2200,,'',1,2100,,'',1,5700,,'',1,2300,,'',1,2100,,'',1,6100,,'',1,1900,,'',1
'25DE22-CPBlock-Sunday-13',3501,62000,4,'',1,1900,4,'',1,1900,4,'',1,6000,4,'',1,1900,4,'',1,2000,4,'',1,6600,4,'',1,2500,4,'',1,6400,4,'',1,2300,4,'',1,2300,4,'',1,6100,4,'',1,2400,4,'',1,6300,4,'',1,2400,4,'',1,2300,4,'',1,6400,4,'',1,2500,4,'',1,6400,4,'',1,2200,4,'',1,2300,4,'',1,6400,4,'',1,2500,4,'',1,6400,4,'',1,2200,4,'',1,2200,4,'',1,6500,4,'',1,2300,4,'',1,6400,4,'',1,2400,4,'',1,2400,4,'',1,6300,4,'',1,2400,4,'',1,2400,4,'',1,6300,4,'',1,2500,4,'',1,6100,4,'',1,2300,4,'',1,2300,4,'',1,6200,4,'',1,1900,4,'',1,2000,4,'',1,6100,4,'',1,2200,4,'',1,2100,4,'',1,5700,4,'',1,1700,4,'',1,1900,4,'',1,5700,4,'',1,1700,4,'',1,1800,4,'',1,5900,4,'',1
'25DE22-CPBlock-Weekday-11',3500,35500,,'',1,6000,,'',1,2000,,'',1,2000,,'',1,6000,,'',1,1400,,'',1,1400,,'',1,1200,,'',1,5200,,'',1,1200,,'',1,1200,,'',1,1200,,'',1,1200,,'',1,5200,,'',1,1200,,'',1,1200,,'',1,1200,,'',1,1200,,'',1,5200,,'',1,1200,,'',1,1200,,'',1,1400,,'',1,5500,,'',1,1500,,'',1,1500,,'',1,1500,,'',1,5500,,'',1,1500,,'',1,1500,,'',1,1500,,'',1,5500,,'',1,1500,,'',1,1500,,'',1,1500,,'',1,5500,,'',1,1500,,'',1,1500,,'',1,1500,,'',1,5500,,'',1,1500,,'',1,1500,,'',1,1500,,'',1,5500,,'',1,1500,,'',1,1500,,'',1,1500,,'',1,5500,,'',1,1300,,'',1,1200,,'',1,1200,,'',1,1200,,'',1,5200,,'',1,1200,,'',1,1200,,'',1,1200,,'',1,1200,,'',1,5200,,'',1,1200,,'',1,1200,,'',1,1200,,'',1,1200,,'',1,5200,,'',1,1200,,'',1,1200,,'',1,1400,,'',1,1600,,'',1,5600,,'',1,1600,,'',1,1600,,'',1,1600,,'',1,5600,,'',1,1800,,'',1,2000,,'',1,7000,,'',1,3000,,'',1,7000,,'',1,3000,,'',1,6800,,'',1,2800,,'',1,6800,,'',1,2800,,'',1,6500,,'',1
'25DE22-CPBlock-Weekday-11',3501,35500,4,'',1,6000,4,'',1,2000,4,'',1,2000,4,'',1,5200,4,'',1,800,4,'',1,1300,4,'',1,2000,4,'',1,700,4,'',1,5200,4,'',1,1500,4,'',1,900,4,'',1,600,4,'',1,1200,4,'',1,5300,4,'',1,1600,4,'',1,1200,4,'',1,1200,4,'',1,1400,4,'',1,5300,4,'',1,1300,4,'',1,1300,4,'',1,1100,4,'',1,1200,4,'',1,5200,4,'',1,1200,4,'',1,1100,4,'',1,1100,4,'',1,1200,4,'',1,5100,4,'',1,1100,4,'',1,1200,4,'',1,1100,4,'',1,1200,4,'',1,5200,4,'',1,1500,4,'',1,1400,4,'',1,1500,4,'',1,5500,4,'',1,1600,4,'',1,1500,4,'',1,1500,4,'',1,5500,4,'',1,1600,4,'',1,1500,4,'',1,1500,4,'',1,5600,4,'',1,1500,4,'',1,1600,4,'',1,700,4,'',1,900,4,'',1,5700,4,'',1,1500,4,'',1,1100,4,'',1,400,4,'',1,1600,4,'',1,5700,4,'',1,1100,4,'',1,400,4,'',1,1200,4,'',1,1200,4,'',1,5300,4,'',1,1200,4,'',1,1200,4,'',1,1200,4,'',1,1300,4,'',1,5100,4,'',1,1100,4,'',1,1200,4,'',1,1200,4,'',1,1100,4,'',1,5200,4,'',1,1200,4,'',1,1100,4,'',1,800,4,'',1,1100,4,'',1,1300,4,'',1,5300,4,'',1,1400,4,'',1,1300,4,'',1,1600,4,'',1,5500,4,'',1,1500,4,'',1,1400,4,'',1,1500,4,'',1,6000,4,'',1,2800,4,'',1,6700,4,'',1,2800,4,'',1,6700,4,'',1,3100,4,'',1,6800,4,'',1,2800,4,'',1,2700,4,'',1,6700,4,'',1,2400,4,'',1,6400,4,'',1
