701,'CPWeekday',236,,30425,32,,,1,77,,30426,32,,,1,46,,30427,32,,,1,82,,30428,32,,,1,66,,30438,32,,,1,24,,30435,32,,,1,175,,30429,32,,,1,42,,30437,32,,,1,63,,30436,32,,,1,132,,30430,32,,,1,278,,30431,32,,,1,284,,30432,32,,,1,299,,30433,32,,,1,240,,30434,32,,,1
701,'MAHoliday1',435,,30439,32,,,1,80,,30440,32,,,1,23,,30441,32,,,1,62,,30442,32,,,1,21,,30443,32,,,1,23,,30444,32,,,1,62,,30445,32,,,1,23,,30446,32,,,1,22,,30447,32,,,1,62,,30448,32,,,1,23,,30449,32,,,1,21,,30450,32,,,1,62,,30451,32,,,1,23,,30452,32,,,1,63,,30453,32,,,1,22,,30454,32,,,1,21,,30455,32,,,1,62,,30456,32,,,1,21,,30457,32,,,1,24,,30458,32,,,1,65,,30459,32,,,1,24,,30460,32,,,1,64,,30461,32,,,1,24,,30462,32,,,1,24,,30463,32,,,1,65,,30464,32,,,1,24,,30465,32,,,1,64,,30466,32,,,1,24,,30467,32,,,1,23,,30468,32,,,1,64,,30469,32,,,1,24,,30470,32,,,1,64,,30471,32,,,1,24,,30472,32,,,1,24,,30473,32,,,1,63,,30474,32,,,1,24,,30475,32,,,1,64,,30476,32,,,1,23,,30477,32,,,1,24,,30478,32,,,1,61,,30479,32,,,1,22,,30480,32,,,1,22,,30481,32,,,1,63,,30482,32,,,1,23,,30483,32,,,1,62,,30484,32,,,1,22,,30485,32,,,1,21,,30486,32,,,1,61,,30487,32,,,1,22,,30488,32,,,1,20,,30489,32,,,1,59,,30490,32,,,1
701,'MASaturday',428,,30491,32,,,1,20,,30492,32,,,1,61,,30493,32,,,1,22,,30494,32,,,1,21,,30495,32,,,1,62,,30496,32,,,1,23,,30497,32,,,1,63,,30498,32,,,1,23,,30499,32,,,1,22,,30500,32,,,1,62,,30501,32,,,1,21,,30502,32,,,1,23,,30503,32,,,1,65,,30504,32,,,1,24,,30505,32,,,1,65,,30506,32,,,1,27,,30507,32,,,1,25,,30508,32,,,1,63,,30509,32,,,1,25,,30510,32,,,1,65,,30511,32,,,1,24,,30512,32,,,1,25,,30513,32,,,1,67,,30514,32,,,1,25,,30515,32,,,1,64,,30516,32,,,1,24,,30517,32,,,1,66,,30518,32,,,1,26,,30519,32,,,1,25,,30520,32,,,1,65,,30521,32,,,1,25,,30522,32,,,1,64,,30523,32,,,1,24,,30524,32,,,1,23,,30525,32,,,1,64,,30526,32,,,1,25,,30527,32,,,1,66,,30528,32,,,1,24,,30529,32,,,1,22,,30530,32,,,1,62,,30531,32,,,1,22,,30532,32,,,1,59,,30533,32,,,1,21,,30534,32,,,1,23,,30535,32,,,1,64,,30536,32,,,1,23,,30537,32,,,1,22,,30538,32,,,1,61,,30539,32,,,1,19,,30540,32,,,1,20,,30541,32,,,1,60,,30542,32,,,1,22,,30543,32,,,1,21,,30544,32,,,1,59,,30545,32,,,1
701,'MASunday',435,,30546,32,,,1,80,,30547,32,,,1,23,,30548,32,,,1,62,,30549,32,,,1,21,,30550,32,,,1,23,,30551,32,,,1,62,,30552,32,,,1,23,,30553,32,,,1,22,,30554,32,,,1,62,,30555,32,,,1,23,,30556,32,,,1,21,,30557,32,,,1,62,,30558,32,,,1,23,,30559,32,,,1,63,,30560,32,,,1,22,,30561,32,,,1,21,,30562,32,,,1,62,,30563,32,,,1,21,,30564,32,,,1,24,,30565,32,,,1,65,,30566,32,,,1,24,,30567,32,,,1,64,,30568,32,,,1,24,,30569,32,,,1,24,,30570,32,,,1,65,,30571,32,,,1,24,,30572,32,,,1,64,,30573,32,,,1,24,,30574,32,,,1,23,,30575,32,,,1,64,,30576,32,,,1,24,,30577,32,,,1,64,,30578,32,,,1,24,,30579,32,,,1,24,,30580,32,,,1,63,,30581,32,,,1,24,,30582,32,,,1,64,,30583,32,,,1,23,,30584,32,,,1,24,,30585,32,,,1,61,,30586,32,,,1,22,,30587,32,,,1,22,,30588,32,,,1,63,,30589,32,,,1,23,,30590,32,,,1,62,,30591,32,,,1,22,,30592,32,,,1,21,,30593,32,,,1,61,,30594,32,,,1,22,,30595,32,,,1,20,,30596,32,,,1,59,,30597,32,,,1
701,'MAWeekday',553,,30598,32,,,1,64,,30599,32,,,1,27,,30635,32,,,1,83,,30600,32,,,1,106,,30601,32,,,1,24,,30602,32,,,1,63,,30634,32,,,1,92,,30603,32,,,1,28,,30636,32,,,1,65,,30604,32,,,1,26,,30605,32,,,1,25,,30606,32,,,1,91,,30607,32,,,1,64,,30608,32,,,1,19,,30637,32,,,1,20,,30609,32,,,1,64,,30610,32,,,1,25,,30611,32,,,1,91,,30612,32,,,1,28,,30613,32,,,1,67,,30614,32,,,1,25,,30615,32,,,1,65,,30616,32,,,1,26,,30617,32,,,1,88,,30618,32,,,1,23,,30619,32,,,1,64,,30620,32,,,1,23,,30621,32,,,1,62,,30622,32,,,1,20,,30623,32,,,1,86,,30624,32,,,1,22,,30625,32,,,1,22,,30626,32,,,1,75,,30627,32,,,1,74,,30628,32,,,1,32,,30629,32,,,1,76,,30630,32,,,1,37,,30631,32,,,1,73,,30632,32,,,1,37,,30633,32,,,1
3901,'CPHoliday1',709,,36282,6,,,1,40,,36277,6,,,1,80,,36271,6,,,1,80,,36268,6,,,1,42,,36283,6,,,1,82,,36280,6,,,1,84,,36272,6,,,1,85,,36267,6,,,1,45,,36284,6,,,1,85,,36278,6,,,1,85,,36273,6,,,1,85,,36266,6,,,1,45,,36285,6,,,1,86,,36279,6,,,1,85,,36274,6,,,1,85,,36265,6,,,1,45,,36286,6,,,1,83,,36275,6,,,1,82,,36270,6,,,1,42,,36264,6,,,1,80,,36281,6,,,1,80,,36276,6,,,1,36,,36269,6,,,1,70,,36263,6,,,1
3901,'CPSaturday',920,,36291,6,,,1,288,,36290,6,,,1,229,,36292,6,,,1,70,,36289,6,,,1,230,,36293,6,,,1,70,,36288,6,,,1,227,,36294,6,,,1,66,,36287,6,,,1
3901,'CPSunday',709,,36314,6,,,1,40,,36309,6,,,1,80,,36303,6,,,1,80,,36300,6,,,1,42,,36315,6,,,1,82,,36312,6,,,1,84,,36304,6,,,1,85,,36299,6,,,1,45,,36316,6,,,1,85,,36310,6,,,1,85,,36305,6,,,1,85,,36298,6,,,1,45,,36317,6,,,1,86,,36311,6,,,1,85,,36306,6,,,1,85,,36297,6,,,1,45,,36318,6,,,1,83,,36307,6,,,1,82,,36302,6,,,1,42,,36296,6,,,1,80,,36313,6,,,1,80,,36308,6,,,1,36,,36301,6,,,1,70,,36295,6,,,1
3901,'MASaturday',706,,36339,6,,,1,26,,36335,6,,,1,26,,36334,6,,,1,66,,36328,6,,,1,28,,36343,6,,,1,96,,36336,6,,,1,68,,36331,6,,,1,28,,36327,6,,,1,68,,36325,6,,,1,28,,36342,6,,,1,96,,36337,6,,,1,70,,36332,6,,,1,31,,36323,6,,,1,70,,36319,6,,,1,130,,36338,6,,,1,70,,36329,6,,,1,30,,36324,6,,,1,70,,36320,6,,,1,130,,36340,6,,,1,70,,36330,6,,,1,29,,36322,6,,,1,70,,36321,6,,,1,120,,36341,6,,,1,24,,36333,6,,,1,60,,36326,6,,,1
3901,'MAWeekday',439,,36344,6,,,1,15,,36345,6,,,1,55,,36346,6,,,1,15,,36347,6,,,1,16,,36348,6,,,1,18,,36349,6,,,1,60,,36350,6,,,1,21,,36351,6,,,1,64,,36352,6,,,1,24,,36353,6,,,1,23,,36354,6,,,1,60,,36355,6,,,1,19,,36356,6,,,1,19,,36357,6,,,1,62,,36358,6,,,1,24,,36359,6,,,1,76,,36360,6,,,1,36,,36361,6,,,1,75,,36362,6,,,1,36,,36363,6,,,1,76,,36364,6,,,1,75,,36365,6,,,1,36,,36366,6,,,1,61,,36367,6,,,1,22,,36368,6,,,1,20,,36369,6,,,1,61,,36370,6,,,1,21,,36371,6,,,1,21,,36372,6,,,1,62,,36373,6,,,1,22,,36374,6,,,1,22,,36375,6,,,1,59,,36376,6,,,1,17,,36377,6,,,1,18,,36378,6,,,1,59,,36379,6,,,1,20,,36380,6,,,1,19,,36381,6,,,1,62,,36382,6,,,1,22,,36383,6,,,1,23,,36384,6,,,1,72,,36385,6,,,1,79,,36386,6,,,1,39,,36387,6,,,1,78,,36388,6,,,1,78,,36389,6,,,1,38,,36390,6,,,1,78,,36391,6,,,1,38,,36392,6,,,1
4300,'CPWeekday',454,,36936,7,,,1,80,,36943,7,,,1,80,,36939,7,,,1,40,,36941,7,,,1,80,,36937,7,,,1,80,,36944,7,,,1,40,,36940,7,,,1,80,,36942,7,,,1,80,,36938,7,,,1
