700,'CPHoliday1',2246,,16239,55,,,1
700,'CPSunday',2246,,16240,55,,,1
700,'CPWeekday',317,,16241,55,,,1,42,,16242,55,,,1,84,,16243,55,,,1,83,,16244,55,,,1
700,'MAHoliday1',515,,16281,55,,,1,21,,16294,55,,,1,23,,16277,55,,,1,62,,16272,55,,,1,21,,16271,55,,,1,62,,16287,55,,,1,25,,16270,55,,,1,23,,16296,55,,,1,63,,16278,55,,,1,23,,16269,55,,,1,63,,16266,55,,,1,23,,16288,55,,,1,23,,16267,55,,,1,64,,16295,55,,,1,25,,16279,55,,,1,65,,16261,55,,,1,25,,16260,55,,,1,24,,16289,55,,,1,65,,16268,55,,,1,24,,16293,55,,,1,64,,16280,55,,,1,25,,16259,55,,,1,25,,16254,55,,,1,65,,16286,55,,,1,22,,16253,55,,,1,61,,16265,55,,,1,21,,16292,55,,,1,22,,16273,55,,,1,61,,16256,55,,,1,20,,16250,55,,,1,22,,16283,55,,,1,62,,16248,55,,,1,22,,16262,55,,,1,22,,16290,55,,,1,62,,16275,55,,,1,20,,16257,55,,,1,20,,16249,55,,,1,61,,16282,55,,,1,21,,16245,55,,,1,21,,16264,55,,,1,62,,16291,55,,,1,21,,16274,55,,,1,63,,16258,55,,,1,22,,16251,55,,,1,20,,16284,55,,,1,61,,16246,55,,,1,19,,16263,55,,,1,78,,16276,55,,,1,17,,16255,55,,,1,20,,16252,55,,,1,59,,16285,55,,,1,19,,16247,55,,,1,20,,16297,55,,,1
700,'MASaturday',442,,16355,55,,,1,65,,16354,55,,,1,24,,16353,55,,,1,27,,16352,55,,,1,62,,16351,55,,,1,23,,16350,55,,,1,62,,16349,55,,,1,23,,16348,55,,,1,23,,16347,55,,,1,65,,16346,55,,,1,27,,16345,55,,,1,67,,16344,55,,,1,26,,16338,55,,,1,65,,16337,55,,,1,25,,16335,55,,,1,25,,16332,55,,,1,65,,16333,55,,,1,25,,16334,55,,,1,67,,16339,55,,,1,28,,16331,55,,,1,69,,16330,55,,,1,29,,16324,55,,,1,67,,16329,55,,,1,27,,16323,55,,,1,21,,16322,55,,,1,62,,16341,55,,,1,21,,16328,55,,,1,23,,16321,55,,,1,62,,16318,55,,,1,18,,16316,55,,,1,20,,16319,55,,,1,60,,16314,55,,,1,21,,16313,55,,,1,22,,16340,55,,,1,61,,16325,55,,,1,22,,16312,55,,,1,62,,16310,55,,,1,22,,16311,55,,,1,19,,16317,55,,,1,59,,16308,55,,,1,19,,16306,55,,,1,19,,16342,55,,,1,18,,16326,55,,,1,58,,16309,55,,,1,20,,16303,55,,,1,18,,16302,55,,,1,59,,16320,55,,,1,20,,16307,55,,,1,20,,16301,55,,,1,60,,16343,55,,,1,18,,16327,55,,,1,20,,16304,55,,,1,57,,16299,55,,,1,17,,16300,55,,,1,19,,16315,55,,,1,58,,16305,55,,,1,19,,16298,55,,,1,17,,16336,55,,,1,18,,16356,55,,,1
700,'MASunday',515,,16393,55,,,1,21,,16406,55,,,1,23,,16389,55,,,1,62,,16384,55,,,1,21,,16383,55,,,1,62,,16399,55,,,1,25,,16382,55,,,1,23,,16408,55,,,1,63,,16390,55,,,1,23,,16381,55,,,1,63,,16378,55,,,1,23,,16400,55,,,1,23,,16379,55,,,1,64,,16407,55,,,1,25,,16391,55,,,1,65,,16373,55,,,1,25,,16372,55,,,1,24,,16401,55,,,1,65,,16380,55,,,1,24,,16405,55,,,1,64,,16392,55,,,1,25,,16371,55,,,1,25,,16366,55,,,1,65,,16398,55,,,1,22,,16365,55,,,1,61,,16377,55,,,1,21,,16404,55,,,1,22,,16385,55,,,1,61,,16368,55,,,1,20,,16362,55,,,1,22,,16395,55,,,1,62,,16360,55,,,1,22,,16374,55,,,1,22,,16402,55,,,1,62,,16387,55,,,1,20,,16369,55,,,1,20,,16361,55,,,1,61,,16394,55,,,1,21,,16357,55,,,1,21,,16376,55,,,1,62,,16403,55,,,1,21,,16386,55,,,1,63,,16370,55,,,1,22,,16363,55,,,1,20,,16396,55,,,1,61,,16358,55,,,1,19,,16375,55,,,1,78,,16388,55,,,1,17,,16367,55,,,1,20,,16364,55,,,1,59,,16397,55,,,1,19,,16359,55,,,1,20,,16409,55,,,1
700,'MAWeekday',552,,16410,55,,,1,64,,16411,55,,,1,26,,16412,55,,,1,65,,16413,55,,,1,22,,16414,55,,,1,22,,16415,55,,,1,60,,16416,55,,,1,24,,16417,55,,,1,24,,16418,55,,,1,66,,16419,55,,,1,24,,16420,55,,,1,68,,16421,55,,,1,28,,16422,55,,,1,70,,16423,55,,,1,25,,16424,55,,,1,65,,16425,55,,,1,25,,16426,55,,,1,26,,16427,55,,,1,66,,16428,55,,,1,20,,16429,55,,,1,61,,16430,55,,,1,23,,16431,55,,,1,26,,16432,55,,,1,65,,16433,55,,,1,26,,16434,55,,,1,66,,16435,55,,,1,26,,16436,55,,,1,65,,16437,55,,,1,25,,16438,55,,,1,24,,16439,55,,,1,65,,16440,55,,,1,23,,16441,55,,,1,65,,16442,55,,,1,25,,16443,55,,,1,24,,16444,55,,,1,63,,16445,55,,,1,24,,16446,55,,,1,64,,16447,55,,,1,21,,16448,55,,,1,22,,16449,55,,,1,64,,16450,55,,,1,33,,16451,55,,,1,67,,16452,55,,,1,25,,16453,55,,,1,68,,16454,55,,,1,34,,16455,55,,,1,73,,16456,55,,,1,31,,16457,55,,,1,68,,16458,55,,,1,29,,16459,55,,,1
1500,'MAWeekday',515,,18280,12,,,1,20,,18281,12,,,1,20,,18282,12,,,1,73,,18250,39,,,1,77,,18251,39,,,1,35,,18252,39,,,1,73,,18253,39,,,1,32,,18254,39,,,1,75,,18255,39,,,1,31,,18256,39,,,1,70,,18257,39,,,1,393,,18258,39,,,1,32,,18259,39,,,1,74,,18260,39,,,1,33,,18261,39,,,1,73,,18262,39,,,1,32,,18263,39,,,1,74,,18264,39,,,1,73,,18265,39,,,1,29,,18266,39,,,1,66,,18267,39,,,1,25,,18268,39,,,1,25,,18269,39,,,1,66,,18270,39,,,1,25,,18271,39,,,1,65,,18272,39,,,1,28,,18273,39,,,1,80,,18274,39,,,1,40,,18275,39,,,1,77,,18276,39,,,1,75,,18277,39,,,1,30,,18278,39,,,1,68,,18279,39,,,1
3001,'MASaturday',722,,20940,40,,,1,90,,20941,40,,,1,90,,20942,40,,,1,50,,20943,40,,,1,92,,20944,40,,,1,94,,20945,40,,,1,95,,20946,40,,,1,94,,20947,40,,,1,95,,20948,40,,,1,96,,20949,40,,,1,96,,20950,40,,,1,94,,20951,40,,,1,95,,20952,40,,,1,55,,20953,40,,,1,93,,20954,40,,,1,94,,20955,40,,,1,91,,20956,40,,,1,91,,20957,40,,,1,90,,20958,40,,,1
3001,'MAWeekday',558,,20959,40,,,1,97,,20960,40,,,1,96,,20961,40,,,1,94,,20962,40,,,1,94,,20963,40,,,1,96,,20964,40,,,1,94,,20965,40,,,1,97,,20966,40,,,1,94,,20967,40,,,1,95,,20968,40,,,1,95,,20969,40,,,1,99,,20970,40,,,1,100,,20971,40,,,1,97,,20972,40,,,1,99,,20973,40,,,1,97,,20974,40,,,1,54,,20975,40,,,1,89,,20976,40,,,1,89,,20977,40,,,1,89,,20978,40,,,1,87,,20979,40,,,1,47,,20980,40,,,1
