'25JA06-MABlock-Holiday1-24',500,61600,,'',1,2600,,'',1,6700,,'',1,2600,,'',1,6700,,'',1,2600,,'',1,2800,,'',1,6800,,'',1,2900,,'',1,6900,,'',1,3000,,'',1,7000,,'',1,3200,,'',1,7200,,'',1,3200,,'',1,7200,,'',1,7300,,'',1,3300,,'',1,7200,,'',1,3200,,'',1,7200,,'',1,3300,,'',1,7300,,'',1,3200,,'',1,7200,,'',1,3200,,'',1,7200,,'',1,3200,,'',1,7100,,'',1,2500,,'',1
'25JA06-MABlock-Holiday1-24',501,75200,4,'',1,6600,4,'',1,2800,4,'',1,6900,4,'',1,2800,4,'',1,7000,4,'',1,3000,4,'',1,7100,4,'',1,3200,4,'',1,7300,4,'',1,3200,4,'',1,7200,4,'',1,3200,4,'',1,7200,4,'',1,3200,4,'',1,7300,4,'',1,7300,4,'',1,3300,4,'',1,7300,4,'',1,3300,4,'',1,7100,4,'',1,3100,4,'',1,7200,4,'',1,3000,4,'',1,7100,4,'',1,2700,4,'',1,6600,4,'',1,2600,4,'',1,6800,4,'',1,2700,4,'',1
'25JA06-MABlock-Saturday-22',500,43800,,'',1,6300,,'',1,2500,,'',1,2600,,'',1,6500,,'',1,2500,,'',1,6600,,'',1,2700,,'',1,6700,,'',1,2600,,'',1,2500,,'',1,6400,,'',1,2400,,'',1,6400,,'',1,2600,,'',1,2600,,'',1,6600,,'',1,2600,,'',1,6600,,'',1,2700,,'',1,6700,,'',1,2700,,'',1,6700,,'',1,2800,,'',1,2800,,'',1,6800,,'',1,2700,,'',1,6800,,'',1,2700,,'',1,6700,,'',1,2500,,'',1,6500,,'',1,2600,,'',1,2600,,'',1,6600,,'',1,2300,,'',1,6300,,'',1,2200,,'',1,7200,,'',1,3700,,'',1,7700,,'',1,3400,,'',1,7300,,'',1,3300,,'',1,7300,,'',1
'25JA06-MABlock-Saturday-22',501,60800,4,'',1,2500,4,'',1,2500,4,'',1,6700,4,'',1,2500,4,'',1,6600,4,'',1,2500,4,'',1,6300,4,'',1,2300,4,'',1,2400,4,'',1,6900,4,'',1,2500,4,'',1,6600,4,'',1,2600,4,'',1,6600,4,'',1,2800,4,'',1,2700,4,'',1,6700,4,'',1,2700,4,'',1,6700,4,'',1,2800,4,'',1,6800,4,'',1,2800,4,'',1,6700,4,'',1,2600,4,'',1,6700,4,'',1,2700,4,'',1,2400,4,'',1,6700,4,'',1,2700,4,'',1,6500,4,'',1,2400,4,'',1,2200,4,'',1,6400,4,'',1,2400,4,'',1,6400,4,'',1,2200,4,'',1,2100,4,'',1,6000,4,'',1,3200,4,'',1,7400,4,'',1,3400,4,'',1,6900,4,'',1,3200,4,'',1,7200,4,'',1
'25JA06-MABlock-Sunday-23',500,61600,,'',1,2600,,'',1,6700,,'',1,2600,,'',1,6700,,'',1,2600,,'',1,2800,,'',1,6800,,'',1,2900,,'',1,6900,,'',1,3000,,'',1,7000,,'',1,3200,,'',1,7200,,'',1,3200,,'',1,7200,,'',1,7300,,'',1,3300,,'',1,7200,,'',1,3200,,'',1,7200,,'',1,3300,,'',1,7300,,'',1,3200,,'',1,7200,,'',1,3200,,'',1,7200,,'',1,3200,,'',1,7100,,'',1,2500,,'',1
'25JA06-MABlock-Sunday-23',501,75200,4,'',1,6600,4,'',1,2800,4,'',1,6900,4,'',1,2800,4,'',1,7000,4,'',1,3000,4,'',1,7100,4,'',1,3200,4,'',1,7300,4,'',1,3200,4,'',1,7200,4,'',1,3200,4,'',1,7200,4,'',1,3200,4,'',1,7300,4,'',1,7300,4,'',1,3300,4,'',1,7300,4,'',1,3300,4,'',1,7100,4,'',1,3100,4,'',1,7200,4,'',1,3000,4,'',1,7100,4,'',1,2700,4,'',1,6600,4,'',1,2600,4,'',1,6800,4,'',1,2700,4,'',1
'25JA06-MABlock-Weekday-21',500,40200,,'',1,3000,,'',1,1700,,'',1,5700,,'',1,1400,,'',1,1200,,'',1,1300,,'',1,1300,,'',1,5400,,'',1,1500,,'',1,1500,,'',1,1500,,'',1,5400,,'',1,1500,,'',1,1500,,'',1,1500,,'',1,5600,,'',1,1600,,'',1,1500,,'',1,1500,,'',1,5600,,'',1,2800,,'',1,6800,,'',1,2800,,'',1,6800,,'',1,2800,,'',1,6800,,'',1,2800,,'',1,2800,,'',1,6800,,'',1,2800,,'',1,6900,,'',1,2900,,'',1,6900,,'',1,1200,,'',1,1200,,'',1,1200,,'',1,5300,,'',1,1300,,'',1,1400,,'',1,1400,,'',1,5400,,'',1,1400,,'',1,1400,,'',1,1300,,'',1,1300,,'',1,5300,,'',1,1300,,'',1,1300,,'',1,1300,,'',1,5300,,'',1,1700,,'',1,1600,,'',1,1600,,'',1,5600,,'',1,1500,,'',1,1600,,'',1,1800,,'',1,5900,,'',1,3700,,'',1,7900,,'',1,7400,,'',1,3400,,'',1,7600,,'',1,3500,,'',1,7500,,'',1,3200,,'',1
'25JA06-MABlock-Weekday-21',501,43800,4,'',1,7100,4,'',1,3500,4,'',1,6900,4,'',1,1400,4,'',1,1600,4,'',1,1600,4,'',1,5400,4,'',1,1500,4,'',1,1600,4,'',1,1500,4,'',1,5500,4,'',1,1500,4,'',1,1500,4,'',1,5600,4,'',1,1400,4,'',1,1500,4,'',1,1500,4,'',1,1400,4,'',1,5300,4,'',1,1500,4,'',1,2700,4,'',1,6800,4,'',1,2700,4,'',1,6800,4,'',1,2800,4,'',1,6800,4,'',1,2900,4,'',1,7000,4,'',1,2800,4,'',1,7200,4,'',1,3200,4,'',1,6800,4,'',1,1300,4,'',1,1400,4,'',1,1400,4,'',1,5500,4,'',1,1400,4,'',1,1300,4,'',1,1400,4,'',1,5300,4,'',1,1200,4,'',1,1100,4,'',1,1000,4,'',1,1300,4,'',1,1200,4,'',1,5200,4,'',1,1300,4,'',1,1000,4,'',1,1100,4,'',1,1300,4,'',1,5400,4,'',1,1800,4,'',1,1600,4,'',1,5600,4,'',1,1700,4,'',1,1900,4,'',1,6400,4,'',1,2700,4,'',1,7200,4,'',1,3600,4,'',1,7600,4,'',1,3400,4,'',1,7200,4,'',1,3100,4,'',1
'25JA06-CPBlock-Holiday1-14',2300,81800,4,'',1,2600,4,'',1,6900,4,'',1,2700,4,'',1,6800,4,'',1,2600,4,'',1,1800,4,'',1,5900,4,'',1,2300,4,'',1,2400,4,'',1,6200,4,'',1,2100,4,'',1,6200,4,'',1,2300,4,'',1,2400,4,'',1,6200,4,'',1,2400,4,'',1,6400,4,'',1,2400,4,'',1,2300,4,'',1,6300,4,'',1,2300,4,'',1,2400,4,'',1,6200,4,'',1,2400,4,'',1,6400,4,'',1,2300,4,'',1,2100,4,'',1,6100,4,'',1,2200,4,'',1,2300,4,'',1,6700,4,'',1,3100,4,'',1,6400,4,'',1,2500,4,'',1,6600,4,'',1,2300,4,'',1,2500,4,'',1
'25JA06-CPBlock-Holiday1-14',2301,73500,,'',1,6500,,'',1,2500,,'',1,2500,,'',1,6700,,'',1,2700,,'',1,6700,,'',1,2600,,'',1,2100,,'',1,6100,,'',1,2100,,'',1,6200,,'',1,2200,,'',1,2100,,'',1,6300,,'',1,2300,,'',1,2300,,'',1,6300,,'',1,2300,,'',1,6400,,'',1,2400,,'',1,2300,,'',1,6300,,'',1,2400,,'',1,6300,,'',1,2400,,'',1,2300,,'',1,6300,,'',1,2400,,'',1,7100,,'',1,3100,,'',1,6700,,'',1,2700,,'',1,2700,,'',1,6500,,'',1,2500,,'',1,6500,,'',1
'25JA06-CPBlock-Saturday-12',2300,54500,4,'',1,6900,4,'',1,2500,4,'',1,6700,4,'',1,2500,4,'',1,2700,4,'',1,6800,4,'',1,2800,4,'',1,6700,4,'',1,3100,4,'',1,6700,4,'',1,2800,4,'',1,6400,4,'',1,2000,4,'',1,2400,4,'',1,6500,4,'',1,2500,4,'',1,6400,4,'',1,2400,4,'',1,2500,4,'',1,6400,4,'',1,2600,4,'',1,6500,4,'',1,2500,4,'',1,6500,4,'',1,2500,4,'',1,2300,4,'',1,6400,4,'',1,2600,4,'',1,6500,4,'',1,2300,4,'',1,2400,4,'',1,6100,4,'',1,2200,4,'',1,6600,4,'',1,2100,4,'',1,2200,4,'',1,6500,4,'',1,2800,4,'',1,6900,4,'',1,2500,4,'',1,2600,4,'',1,6400,4,'',1,2600,4,'',1,6400,4,'',1,2500,4,'',1,2200,4,'',1
'25JA06-CPBlock-Saturday-12',2301,53000,,'',1,2500,,'',1,6500,,'',1,2500,,'',1,6600,,'',1,2600,,'',1,6600,,'',1,2900,,'',1,2700,,'',1,6700,,'',1,2000,,'',1,6000,,'',1,2200,,'',1,2400,,'',1,6400,,'',1,2300,,'',1,6300,,'',1,2300,,'',1,2400,,'',1,6500,,'',1,2500,,'',1,6400,,'',1,2500,,'',1,2500,,'',1,6500,,'',1,2500,,'',1,6500,,'',1,2500,,'',1,2400,,'',1,6400,,'',1,2400,,'',1,6500,,'',1,2400,,'',1,2400,,'',1,6500,,'',1,2800,,'',1,6900,,'',1,2900,,'',1,6800,,'',1,2700,,'',1,6700,,'',1,2700,,'',1,6500,,'',1,2500,,'',1,2400,,'',1,6500,,'',1,2400,,'',1,6200,,'',1
'25JA06-CPBlock-Sunday-13',2300,81800,4,'',1,2600,4,'',1,6900,4,'',1,2700,4,'',1,6800,4,'',1,2600,4,'',1,1800,4,'',1,5900,4,'',1,2300,4,'',1,2400,4,'',1,6200,4,'',1,2100,4,'',1,6200,4,'',1,2300,4,'',1,2400,4,'',1,6200,4,'',1,2400,4,'',1,6400,4,'',1,2400,4,'',1,2300,4,'',1,6300,4,'',1,2300,4,'',1,2400,4,'',1,6200,4,'',1,2400,4,'',1,6400,4,'',1,2300,4,'',1,2100,4,'',1,6100,4,'',1,2200,4,'',1,2300,4,'',1,6700,4,'',1,3100,4,'',1,6400,4,'',1,2500,4,'',1,6600,4,'',1,2300,4,'',1,2500,4,'',1
'25JA06-CPBlock-Sunday-13',2301,73500,,'',1,6500,,'',1,2500,,'',1,2500,,'',1,6700,,'',1,2700,,'',1,6700,,'',1,2600,,'',1,2100,,'',1,6100,,'',1,2100,,'',1,6200,,'',1,2200,,'',1,2100,,'',1,6300,,'',1,2300,,'',1,2300,,'',1,6300,,'',1,2300,,'',1,6400,,'',1,2400,,'',1,2300,,'',1,6300,,'',1,2400,,'',1,6300,,'',1,2400,,'',1,2300,,'',1,6300,,'',1,2400,,'',1,7100,,'',1,3100,,'',1,6700,,'',1,2700,,'',1,2700,,'',1,6500,,'',1,2500,,'',1,6500,,'',1
'25JA06-CPBlock-Weekday-11',2300,44700,4,'',1,6100,4,'',1,1900,4,'',1,2100,4,'',1,6200,4,'',1,2100,4,'',1,2300,4,'',1,6400,4,'',1,2400,4,'',1,6300,4,'',1,2400,4,'',1,2400,4,'',1,6500,4,'',1,2400,4,'',1,6500,4,'',1,2300,4,'',1,2300,4,'',1,6300,4,'',1,2300,4,'',1,6400,4,'',1,2400,4,'',1,2500,4,'',1,6400,4,'',1,2600,4,'',1,6500,4,'',1,2600,4,'',1,2600,4,'',1,6500,4,'',1,2700,4,'',1,6700,4,'',1,2700,4,'',1,6800,4,'',1,2700,4,'',1,6500,4,'',1,2600,4,'',1,2600,4,'',1,6400,4,'',1,2600,4,'',1,7400,4,'',1,3200,4,'',1,6700,4,'',1,2900,4,'',1,7400,4,'',1,7900,4,'',1,3900,4,'',1,8000,4,'',1,3500,4,'',1,7500,4,'',1,7300,4,'',1,3300,4,'',1
'25JA06-CPBlock-Weekday-11',2301,45400,,'',1,6000,,'',1,2000,,'',1,2000,,'',1,6200,,'',1,2200,,'',1,6300,,'',1,2300,,'',1,2300,,'',1,6400,,'',1,2400,,'',1,2400,,'',1,6400,,'',1,2400,,'',1,6400,,'',1,2400,,'',1,2300,,'',1,6400,,'',1,2400,,'',1,6400,,'',1,2400,,'',1,2400,,'',1,6500,,'',1,2500,,'',1,6500,,'',1,2500,,'',1,1600,,'',1,5000,,'',1,2600,,'',1,2700,,'',1,6700,,'',1,2700,,'',1,6700,,'',1,2700,,'',1,6700,,'',1,2600,,'',1,6300,,'',1,2800,,'',1,3000,,'',1,7000,,'',1,3000,,'',1,6700,,'',1,2700,,'',1,7800,,'',1,8000,,'',1,4000,,'',1,7600,,'',1,7400,,'',1,3400,,'',1,7300,,'',1
