401,'CPHoliday1',900,,15371,,,1,42,,15372,,,1,83,,15373,,,1,84,,15374,,,1,43,,15375,,,1,85,,15376,,,1,85,,15377,,,1,86,,15378,,,1,46,,15379,,,1,86,,15380,,,1,87,,15381,,,1,84,,15382,,,1,45,,15383,,,1,83,,15384,,,1,84,,15385,,,1,84,,15386,,,1,40,,15387,,,1
401,'CPSaturday',719,,15389,,,1,82,,15390,,,1,43,,15391,,,1,84,,15392,,,1,84,,15393,,,1,44,,15394,,,1,84,,15395,,,1,84,,15396,,,1,86,,15397,,,1,46,,15398,,,1,86,,15399,,,1,86,,15400,,,1,86,,15401,,,1,86,,15402,,,1,46,,15403,,,1,85,,15404,,,1,85,,15405,,,1,84,,15406,,,1,44,,15407,,,1,82,,15408,,,1,83,,15409,,,1,44,,15410,,,1
401,'CPSunday',900,,15413,,,1,42,,15414,,,1,83,,15415,,,1,84,,15416,,,1,43,,15417,,,1,85,,15418,,,1,85,,15419,,,1,86,,15420,,,1,46,,15421,,,1,86,,15422,,,1,87,,15423,,,1,84,,15424,,,1,45,,15425,,,1,83,,15426,,,1,84,,15427,,,1,84,,15428,,,1,40,,15429,,,1
401,'CPWeekday',526,,15433,,,1,77,,15434,,,1,40,,15435,,,1,84,,15436,,,1,85,,15437,,,1,44,,15438,,,1,84,,15439,,,1,86,,15440,,,1,86,,15441,,,1,46,,15442,,,1,86,,15443,,,1,87,,15444,,,1,84,,15445,,,1,44,,15446,,,1,75,,15447,,,1,75,,15448,,,1,35,,15449,,,1,75,,15450,,,1,35,,15451,,,1,75,,15452,,,1,75,,15453,,,1,35,,15454,,,1,101,,15455,,,1,101,,15456,,,1,100,,15457,,,1,100,,15458,,,1
501,'MAHoliday1',746,,15624,,,1,68,,15625,,,1,29,,15626,,,1,69,,15627,,,1,33,,15628,,,1,70,,15629,,,1,32,,15630,,,1,72,,15631,,,1,32,,15632,,,1,73,,15633,,,1,34,,15634,,,1,73,,15635,,,1,73,,15636,,,1,34,,15637,,,1,74,,15638,,,1,35,,15639,,,1,73,,15640,,,1,34,,15641,,,1,72,,15642,,,1,31,,15643,,,1,72,,15644,,,1,72,,15645,,,1,32,,15646,,,1,71,,15647,,,1,32,,15648,,,1,69,,15649,,,1,29,,15650,,,1,70,,15651,,,1,26,,15652,,,1,28,,15653,,,1
501,'MASaturday',604,,15654,,,1,28,,15655,,,1,27,,15656,,,1,68,,15657,,,1,29,,15658,,,1,68,,15659,,,1,28,,15660,,,1,70,,15661,,,1,22,,15662,,,1,60,,15663,,,1,24,,15664,,,1,27,,15665,,,1,67,,15666,,,1,28,,15667,,,1,70,,15668,,,1,28,,15669,,,1,68,,15670,,,1,28,,15671,,,1,68,,15672,,,1,28,,15673,,,1,68,,15674,,,1,28,,15675,,,1,68,,15676,,,1,28,,15677,,,1,68,,15678,,,1,26,,15679,,,1,28,,15680,,,1,68,,15681,,,1,28,,15682,,,1,65,,15683,,,1,26,,15684,,,1,66,,15685,,,1,25,,15686,,,1,24,,15687,,,1,63,,15688,,,1,22,,15689,,,1,64,,15690,,,1,22,,15691,,,1,74,,15692,,,1,36,,15693,,,1,77,,15694,,,1,36,,15695,,,1,76,,15696,,,1
501,'MASunday',746,,15697,,,1,68,,15698,,,1,29,,15699,,,1,69,,15700,,,1,33,,15701,,,1,70,,15702,,,1,32,,15703,,,1,72,,15704,,,1,32,,15705,,,1,73,,15706,,,1,34,,15707,,,1,73,,15708,,,1,73,,15709,,,1,34,,15710,,,1,74,,15711,,,1,35,,15712,,,1,73,,15713,,,1,34,,15714,,,1,72,,15715,,,1,31,,15716,,,1,72,,15717,,,1,72,,15718,,,1,32,,15719,,,1,71,,15720,,,1,32,,15721,,,1,69,,15722,,,1,29,,15723,,,1,70,,15724,,,1,26,,15725,,,1,28,,15726,,,1
501,'MAWeekday',434,,15728,,,1,68,,15731,,,1,35,,15727,,,1,13,,15739,,,1,54,,15743,,,1,16,,15729,,,1,14,,15756,,,1,15,,15730,,,1,55,,15738,,,1,15,,15735,,,1,17,,15748,,,1,15,,15754,,,1,55,,15733,,,1,16,,15745,,,1,14,,15737,,,1,14,,15734,,,1,55,,15755,,,1,15,,15732,,,1,14,,15744,,,1,14,,15740,,,1,69,,15757,,,1,30,,15746,,,1,70,,15742,,,1,29,,15741,,,1,71,,15736,,,1,30,,15758,,,1,68,,15747,,,1,28,,15749,,,1,72,,15752,,,1,32,,15750,,,1,70,,15763,,,1,30,,15753,,,1,73,,15751,,,1,27,,15759,,,1,55,,15765,,,1,15,,15762,,,1,15,,15771,,,1,15,,15760,,,1,55,,15777,,,1,15,,15769,,,1,15,,15761,,,1,15,,15772,,,1,55,,15766,,,1,14,,15781,,,1,13,,15767,,,1,13,,15770,,,1,13,,15764,,,1,57,,15775,,,1,18,,15778,,,1,20,,15768,,,1,59,,15773,,,1,18,,15783,,,1,19,,15776,,,1,60,,15774,,,1,19,,15780,,,1,20,,15779,,,1,82,,15784,,,1,81,,15782,,,1,39,,15785,,,1,79,,15786,,,1,79,,15787,,,1
3101,'CPHoliday1',657,,20868,,,1,100,,20869,,,1,70,,20870,,,1,30,,20871,,,1,70,,20872,,,1,30,,20873,,,1,70,,20874,,,1,30,,20875,,,1,70,,20876,,,1,30,,20877,,,1,70,,20878,,,1,30,,20879,,,1,68,,20880,,,1,32,,20881,,,1,70,,20882,,,1,30,,20883,,,1,73,,20884,,,1,70,,20885,,,1,30,,20886,,,1,70,,20887,,,1,30,,20888,,,1,70,,20889,,,1,30,,20890,,,1,70,,20891,,,1,30,,20892,,,1,70,,20893,,,1,30,,20894,,,1,70,,20895,,,1,30,,20896,,,1,70,,20897,,,1
3101,'CPSaturday',548,,20898,,,1,100,,20899,,,1,107,,20900,,,1,74,,20901,,,1,28,,20902,,,1,70,,20903,,,1,31,,20904,,,1,66,,20905,,,1,28,,20906,,,1,75,,20907,,,1,30,,20908,,,1,70,,20909,,,1,30,,20910,,,1,70,,20911,,,1,30,,20912,,,1,70,,20913,,,1,31,,20914,,,1,72,,20915,,,1,70,,20916,,,1,30,,20917,,,1,70,,20918,,,1,30,,20919,,,1,70,,20920,,,1,30,,20921,,,1,70,,20922,,,1,30,,20923,,,1,70,,20924,,,1,30,,20925,,,1,70,,20926,,,1,30,,20927,,,1,70,,20928,,,1,32,,20929,,,1,20,,20930,,,1
3101,'CPSunday',657,,20931,,,1,100,,20932,,,1,70,,20933,,,1,30,,20934,,,1,70,,20935,,,1,30,,20936,,,1,70,,20937,,,1,30,,20938,,,1,70,,20939,,,1,30,,20940,,,1,70,,20941,,,1,30,,20942,,,1,68,,20943,,,1,32,,20944,,,1,70,,20945,,,1,30,,20946,,,1,73,,20947,,,1,70,,20948,,,1,30,,20949,,,1,70,,20950,,,1,30,,20951,,,1,70,,20952,,,1,30,,20953,,,1,70,,20954,,,1,30,,20955,,,1,70,,20956,,,1,30,,20957,,,1,70,,20958,,,1,30,,20959,,,1,70,,20960,,,1
3101,'CPWeekday',412,,20961,,,1,30,,20962,,,1,70,,20963,,,1,30,,20964,,,1,70,,20965,,,1,32,,20966,,,1,66,,20967,,,1,18,,20968,,,1,18,,20969,,,1,68,,20970,,,1,16,,20971,,,1,23,,20972,,,1,63,,20973,,,1,34,,20974,,,1,70,,20975,,,1,30,,20976,,,1,70,,20977,,,1,30,,20978,,,1,70,,20979,,,1,30,,20980,,,1,70,,20981,,,1,30,,20982,,,1,70,,20983,,,1,30,,20984,,,1,60,,20985,,,1,20,,20986,,,1,20,,20987,,,1,63,,20988,,,1,19,,20989,,,1,18,,20990,,,1,63,,20991,,,1,17,,20992,,,1,20,,20993,,,1,59,,20994,,,1,23,,20995,,,1,18,,20996,,,1,72,,20997,,,1,32,,20998,,,1,70,,20999,,,1,30,,21000,,,1,70,,21001,,,1,30,,21002,,,1,70,,21003,,,1,30,,21004,,,1,70,,21005,,,1,30,,21006,,,1,70,,21007,,,1,30,,21008,,,1,70,,21009,,,1,30,,21010,,,1
