'25DE22-CPBlock-Holiday1-14',301,81100,4,'',1,2700,4,'',1,6500,4,'',1,2500,4,'',1,2500,4,'',1,6800,4,'',1,2500,4,'',1,6500,4,'',1,2500,4,'',1,6500,4,'',1,2700,4,'',1,2700,4,'',1,6600,4,'',1,2800,4,'',1,6800,4,'',1,2800,4,'',1,6900,4,'',1,2800,4,'',1,6700,4,'',1,2800,4,'',1,6800,4,'',1,2800,4,'',1,6800,4,'',1,2800,4,'',1,2700,4,'',1,6700,4,'',1,2700,4,'',1,6700,4,'',1,2500,4,'',1,6500,4,'',1,2600,4,'',1,2400,4,'',1,6400,4,'',1,2300,4,'',1,6200,4,'',1,2300,4,'',1,2400,4,'',1,6400,4,'',1
'25DE22-CPBlock-Holiday2-15',301,60100,4,'',1,3100,4,'',1,7300,4,'',1,3400,4,'',1,7200,4,'',1,3200,4,'',1,7300,4,'',1,3500,4,'',1,6500,4,'',1,2600,4,'',1,6900,4,'',1,2800,4,'',1,6800,4,'',1,2800,4,'',1,6800,4,'',1,2800,4,'',1,7000,4,'',1,2800,4,'',1,3000,4,'',1,6800,4,'',1,2800,4,'',1,6900,4,'',1,3000,4,'',1,7000,4,'',1,2900,4,'',1,6900,4,'',1,2800,4,'',1,7000,4,'',1,2800,4,'',1,6500,4,'',1,2600,4,'',1,6500,4,'',1,2600,4,'',1,2500,4,'',1,6500,4,'',1,2400,4,'',1,6700,4,'',1,2900,4,'',1,7000,4,'',1,3200,4,'',1,6900,4,'',1,3000,4,'',1,7000,4,'',1,3000,4,'',1
'25DE22-CPBlock-Holiday3-16',301,31800,4,'',1,3000,4,'',1,7000,4,'',1,3000,4,'',1,7000,4,'',1,3000,4,'',1,7000,4,'',1,3000,4,'',1,7000,4,'',1,2700,4,'',1,6600,4,'',1,2700,4,'',1,6500,4,'',1,2500,4,'',1,2500,4,'',1,6800,4,'',1,2500,4,'',1,6500,4,'',1,2500,4,'',1,6500,4,'',1,2700,4,'',1,2700,4,'',1,6600,4,'',1,2800,4,'',1,6800,4,'',1,2800,4,'',1,6900,4,'',1,2800,4,'',1,6700,4,'',1,2800,4,'',1,6800,4,'',1,2800,4,'',1,6800,4,'',1,2800,4,'',1,2700,4,'',1,6700,4,'',1,2700,4,'',1,6700,4,'',1,2500,4,'',1,6500,4,'',1,2600,4,'',1,2400,4,'',1,6400,4,'',1,2300,4,'',1,6200,4,'',1,2300,4,'',1,2400,4,'',1,6400,4,'',1
'25DE22-CPBlock-Saturday-12',301,60100,4,'',1,3100,4,'',1,7300,4,'',1,3400,4,'',1,7200,4,'',1,3200,4,'',1,7300,4,'',1,3500,4,'',1,6500,4,'',1,2600,4,'',1,6900,4,'',1,2800,4,'',1,6800,4,'',1,2800,4,'',1,6800,4,'',1,2800,4,'',1,7000,4,'',1,2800,4,'',1,3000,4,'',1,6800,4,'',1,2800,4,'',1,6900,4,'',1,3000,4,'',1,7000,4,'',1,2900,4,'',1,6900,4,'',1,2800,4,'',1,7000,4,'',1,2800,4,'',1,6500,4,'',1,2600,4,'',1,6500,4,'',1,2600,4,'',1,2500,4,'',1,6500,4,'',1,2400,4,'',1,6700,4,'',1,2900,4,'',1,7000,4,'',1,3200,4,'',1,6900,4,'',1,3000,4,'',1,7000,4,'',1,3000,4,'',1
'25DE22-CPBlock-Sunday-13',301,81100,4,'',1,2700,4,'',1,6500,4,'',1,2500,4,'',1,2500,4,'',1,6800,4,'',1,2500,4,'',1,6500,4,'',1,2500,4,'',1,6500,4,'',1,2700,4,'',1,2700,4,'',1,6600,4,'',1,2800,4,'',1,6800,4,'',1,2800,4,'',1,6900,4,'',1,2800,4,'',1,6700,4,'',1,2800,4,'',1,6800,4,'',1,2800,4,'',1,6800,4,'',1,2800,4,'',1,2700,4,'',1,6700,4,'',1,2700,4,'',1,6700,4,'',1,2500,4,'',1,6500,4,'',1,2600,4,'',1,2400,4,'',1,6400,4,'',1,2300,4,'',1,6200,4,'',1,2300,4,'',1,2400,4,'',1,6400,4,'',1
'25DE22-CPBlock-Weekday-11',301,31500,4,'',1,3100,4,'',1,7000,4,'',1,3000,4,'',1,7100,4,'',1,3200,4,'',1,5600,4,'',1,1700,4,'',1,1800,4,'',1,1700,4,'',1,5600,4,'',1,1400,4,'',1,1500,4,'',1,1600,4,'',1,6000,4,'',1,2000,4,'',1,1900,4,'',1,5700,4,'',1,1800,4,'',1,1800,4,'',1,5700,4,'',1,1800,4,'',1,1900,4,'',1,5800,4,'',1,1800,4,'',1,1800,4,'',1,1900,4,'',1,5900,4,'',1,2000,4,'',1,2000,4,'',1,5900,4,'',1,1900,4,'',1,2000,4,'',1,5900,4,'',1,2100,4,'',1,2100,4,'',1,5000,4,'',1,1100,4,'',1,1000,4,'',1,1000,4,'',1,1000,4,'',1,800,4,'',1,4900,4,'',1,1000,4,'',1,1200,4,'',1,1000,4,'',1,1000,4,'',1,1000,4,'',1,5000,4,'',1,800,4,'',1,800,4,'',1,800,4,'',1,900,4,'',1,1000,4,'',1,700,4,'',1,4800,4,'',1,900,4,'',1,900,4,'',1,800,4,'',1,700,4,'',1,800,4,'',1,600,4,'',1,5000,4,'',1,900,4,'',1,1000,4,'',1,700,4,'',1,800,4,'',1,800,4,'',1,700,4,'',1,800,4,'',1,5000,4,'',1,1100,4,'',1,1100,4,'',1,1000,4,'',1,1100,4,'',1,5500,4,'',1,1500,4,'',1,1300,4,'',1,2200,4,'',1,7200,4,'',1,3100,4,'',1,7000,4,'',1,3000,4,'',1,6700,4,'',1,3000,4,'',1,7000,4,'',1,2700,4,'',1,6600,4,'',1,2600,4,'',1
'25DE22-CPBlock-Holiday1-14',600,81800,4,'',1,8200,4,'',1,4100,4,'',1,8500,4,'',1,8200,4,'',1,4500,4,'',1,8700,4,'',1,8600,4,'',1,8900,4,'',1,8800,4,'',1,4700,4,'',1,8900,4,'',1,8800,4,'',1,8700,4,'',1,4300,4,'',1,8100,4,'',1,8100,4,'',1,8100,4,'',1,3900,4,'',1
'25DE22-CPBlock-Holiday2-15',600,54600,4,'',1,7900,4,'',1,7800,4,'',1,3900,4,'',1,8200,4,'',1,8100,4,'',1,4200,4,'',1,8300,4,'',1,8800,4,'',1,8400,4,'',1,4500,4,'',1,8700,4,'',1,8600,4,'',1,8400,4,'',1,4400,4,'',1,8500,4,'',1,8500,4,'',1,8400,4,'',1,4300,4,'',1,8400,4,'',1,8400,4,'',1,4200,4,'',1,8300,4,'',1,8200,4,'',1,8000,4,'',1,4000,4,'',1,8000,4,'',1
'25DE22-CPBlock-Holiday3-16',600,81800,4,'',1,8200,4,'',1,4100,4,'',1,8500,4,'',1,8200,4,'',1,4500,4,'',1,8700,4,'',1,8600,4,'',1,8900,4,'',1,8800,4,'',1,4700,4,'',1,8900,4,'',1,8800,4,'',1,8700,4,'',1,4300,4,'',1,8100,4,'',1,8100,4,'',1,8100,4,'',1,3900,4,'',1
'25DE22-CPBlock-Saturday-12',600,54600,4,'',1,7900,4,'',1,7800,4,'',1,3900,4,'',1,8200,4,'',1,8100,4,'',1,4200,4,'',1,8300,4,'',1,8800,4,'',1,8400,4,'',1,4500,4,'',1,8700,4,'',1,8600,4,'',1,8400,4,'',1,4400,4,'',1,8500,4,'',1,8500,4,'',1,8400,4,'',1,4300,4,'',1,8400,4,'',1,8400,4,'',1,4200,4,'',1,8300,4,'',1,8200,4,'',1,8000,4,'',1,4000,4,'',1,8000,4,'',1
'25DE22-CPBlock-Sunday-13',600,81800,4,'',1,8200,4,'',1,4100,4,'',1,8500,4,'',1,8200,4,'',1,4500,4,'',1,8700,4,'',1,8600,4,'',1,8900,4,'',1,8800,4,'',1,4700,4,'',1,8900,4,'',1,8800,4,'',1,8700,4,'',1,4300,4,'',1,8100,4,'',1,8100,4,'',1,8100,4,'',1,3900,4,'',1
'25DE22-CPBlock-Weekday-11',600,53200,4,'',1,2700,4,'',1,7200,4,'',1,2800,4,'',1,6900,4,'',1,7200,4,'',1,3100,4,'',1,7300,4,'',1,2900,4,'',1,6900,4,'',1,3000,4,'',1,7000,4,'',1,3000,4,'',1,7000,4,'',1,3100,4,'',1,7000,4,'',1,3100,4,'',1,7000,4,'',1,3100,4,'',1,6600,4,'',1,2500,4,'',1,2400,4,'',1,6400,4,'',1,2500,4,'',1,6600,4,'',1,2600,4,'',1,2600,4,'',1,6500,4,'',1,2500,4,'',1,6200,4,'',1,2200,4,'',1,2100,4,'',1,6500,4,'',1,2700,4,'',1,6700,4,'',1,2700,4,'',1,6700,4,'',1,2800,4,'',1,6800,4,'',1,2600,4,'',1,2600,4,'',1,7500,4,'',1,7500,4,'',1,3200,4,'',1,7500,4,'',1,3600,4,'',1
'25DE22-CPBlock-Weekday-11',701,25400,4,'',1,8100,4,'',1,8100,4,'',1,8500,4,'',1
'25DE22-MABlock-Holiday1-24',701,45300,4,'',1,8000,4,'',1,2200,4,'',1,6400,4,'',1,2200,4,'',1,6300,4,'',1,2400,4,'',1,2300,4,'',1,6400,4,'',1,2300,4,'',1,6300,4,'',1,2500,4,'',1,2400,4,'',1,6500,4,'',1,2300,4,'',1,6300,4,'',1,2400,4,'',1,2400,4,'',1,6400,4,'',1,2600,4,'',1,6500,4,'',1,2200,4,'',1,1900,4,'',1,5900,4,'',1,2200,4,'',1,2000,4,'',1,6300,4,'',1,2200,4,'',1,2300,4,'',1,6300,4,'',1,2000,4,'',1,1900,4,'',1,6000,4,'',1,2200,4,'',1,6200,4,'',1,2300,4,'',1,2300,4,'',1,6300,4,'',1,2200,4,'',1,2100,4,'',1,6000,4,'',1,2100,4,'',1,2100,4,'',1,6000,4,'',1,2000,4,'',1,2200,4,'',1,6000,4,'',1,1900,4,'',1,2000,4,'',1,5900,4,'',1,1900,4,'',1,2000,4,'',1,6000,4,'',1,1900,4,'',1
'25DE22-MABlock-Holiday2-25',701,51100,4,'',1,2200,4,'',1,2300,4,'',1,6200,4,'',1,2500,4,'',1,6500,4,'',1,2500,4,'',1,2500,4,'',1,6500,4,'',1,2300,4,'',1,6300,4,'',1,2400,4,'',1,2600,4,'',1,6800,4,'',1,2700,4,'',1,6700,4,'',1,2700,4,'',1,6600,4,'',1,2700,4,'',1,6600,4,'',1,2100,4,'',1,2000,4,'',1,6000,4,'',1,2100,4,'',1,2100,4,'',1,6000,4,'',1,2000,4,'',1,2200,4,'',1,6200,4,'',1,2300,4,'',1,6300,4,'',1,2200,4,'',1,2200,4,'',1,6000,4,'',1,1900,4,'',1,1800,4,'',1,5900,4,'',1,2000,4,'',1,1900,4,'',1,6200,4,'',1,1900,4,'',1,2100,4,'',1,6100,4,'',1,1900,4,'',1,1900,4,'',1,1900,4,'',1,5900,4,'',1,1800,4,'',1,1800,4,'',1,5800,4,'',1,1900,4,'',1,1900,4,'',1,5900,4,'',1,1800,4,'',1,1900,4,'',1,5900,4,'',1,1700,4,'',1
'25DE22-MABlock-Holiday3-26',701,24600,4,'',1,7200,4,'',1,3200,4,'',1,7200,4,'',1,3200,4,'',1,7900,4,'',1,2200,4,'',1,6400,4,'',1,2200,4,'',1,6300,4,'',1,2400,4,'',1,2300,4,'',1,6400,4,'',1,2300,4,'',1,6300,4,'',1,2500,4,'',1,2400,4,'',1,6500,4,'',1,2300,4,'',1,6300,4,'',1,2400,4,'',1,2400,4,'',1,6400,4,'',1,2600,4,'',1,6500,4,'',1,2200,4,'',1,1900,4,'',1,5900,4,'',1,2200,4,'',1,2000,4,'',1,6300,4,'',1,2200,4,'',1,2300,4,'',1,6300,4,'',1,2000,4,'',1,1900,4,'',1,6000,4,'',1,2200,4,'',1,6200,4,'',1,2300,4,'',1,2300,4,'',1,6300,4,'',1,2200,4,'',1,2100,4,'',1,6000,4,'',1,2100,4,'',1,2100,4,'',1,6000,4,'',1,2000,4,'',1,2200,4,'',1,6000,4,'',1,1900,4,'',1,2000,4,'',1,5900,4,'',1,1900,4,'',1,2000,4,'',1,6000,4,'',1,1900,4,'',1
'25DE22-MABlock-Saturday-22',701,51100,4,'',1,2200,4,'',1,2300,4,'',1,6200,4,'',1,2500,4,'',1,6500,4,'',1,2500,4,'',1,2500,4,'',1,6500,4,'',1,2300,4,'',1,6300,4,'',1,2400,4,'',1,2600,4,'',1,6800,4,'',1,2700,4,'',1,6700,4,'',1,2700,4,'',1,6600,4,'',1,2700,4,'',1,6600,4,'',1,2100,4,'',1,2000,4,'',1,6000,4,'',1,2100,4,'',1,2100,4,'',1,6000,4,'',1,2000,4,'',1,2200,4,'',1,6200,4,'',1,2300,4,'',1,6300,4,'',1,2200,4,'',1,2200,4,'',1,6000,4,'',1,1900,4,'',1,1800,4,'',1,5900,4,'',1,2000,4,'',1,1900,4,'',1,6200,4,'',1,1900,4,'',1,2100,4,'',1,6100,4,'',1,1900,4,'',1,1900,4,'',1,1900,4,'',1,5900,4,'',1,1800,4,'',1,1800,4,'',1,5800,4,'',1,1900,4,'',1,1900,4,'',1,5900,4,'',1,1800,4,'',1,1900,4,'',1,5900,4,'',1,1700,4,'',1
'25DE22-MABlock-Sunday-23',701,45300,4,'',1,8000,4,'',1,2200,4,'',1,6400,4,'',1,2200,4,'',1,6300,4,'',1,2400,4,'',1,2300,4,'',1,6400,4,'',1,2300,4,'',1,6300,4,'',1,2500,4,'',1,2400,4,'',1,6500,4,'',1,2300,4,'',1,6300,4,'',1,2400,4,'',1,2400,4,'',1,6400,4,'',1,2600,4,'',1,6500,4,'',1,2200,4,'',1,1900,4,'',1,5900,4,'',1,2200,4,'',1,2000,4,'',1,6300,4,'',1,2200,4,'',1,2300,4,'',1,6300,4,'',1,2000,4,'',1,1900,4,'',1,6000,4,'',1,2200,4,'',1,6200,4,'',1,2300,4,'',1,2300,4,'',1,6300,4,'',1,2200,4,'',1,2100,4,'',1,6000,4,'',1,2100,4,'',1,2100,4,'',1,6000,4,'',1,2000,4,'',1,2200,4,'',1,6000,4,'',1,1900,4,'',1,2000,4,'',1,5900,4,'',1,1900,4,'',1,2000,4,'',1,6000,4,'',1,1900,4,'',1
'25DE22-MABlock-Weekday-21',701,52800,4,'',1,2100,4,'',1,6000,4,'',1,2000,4,'',1,2000,4,'',1,6400,4,'',1,2600,4,'',1,6400,4,'',1,2600,4,'',1,2700,4,'',1,6600,4,'',1,1900,4,'',1,6000,4,'',1,2200,4,'',1,2200,4,'',1,6400,4,'',1,2600,4,'',1,7000,4,'',1,3100,4,'',1,6500,4,'',1,2700,4,'',1,2600,4,'',1,6500,4,'',1,2600,4,'',1,6200,4,'',1,2600,4,'',1,2500,4,'',1,6400,4,'',1,2700,4,'',1,6600,4,'',1,2600,4,'',1,6600,4,'',1,2200,4,'',1,2400,4,'',1,6300,4,'',1,2200,4,'',1,6300,4,'',1,2300,4,'',1,2100,4,'',1,6500,4,'',1,2400,4,'',1,2400,4,'',1,6300,4,'',1,3300,4,'',1,7300,4,'',1,3100,4,'',1,7600,4,'',1,7200,4,'',1,3300,4,'',1,7100,4,'',1
'25DE22-CPBlock-Holiday2-15',800,71100,4,'',1,4200,4,'',1,8500,4,'',1,8500,4,'',1,8600,4,'',1,4800,4,'',1,9000,4,'',1,9000,4,'',1,9100,4,'',1,9500,4,'',1,9300,4,'',1,9300,4,'',1,9300,4,'',1,5200,4,'',1,9300,4,'',1,9000,4,'',1,8800,4,'',1,8600,4,'',1,4600,4,'',1,8600,4,'',1,8400,4,'',1,8100,4,'',1,4300,4,'',1
'25DE22-CPBlock-Saturday-12',800,71100,4,'',1,4200,4,'',1,8500,4,'',1,8500,4,'',1,8600,4,'',1,4800,4,'',1,9000,4,'',1,9000,4,'',1,9100,4,'',1,9500,4,'',1,9300,4,'',1,9300,4,'',1,9300,4,'',1,5200,4,'',1,9300,4,'',1,9000,4,'',1,8800,4,'',1,8600,4,'',1,4600,4,'',1,8600,4,'',1,8400,4,'',1,8100,4,'',1,4300,4,'',1
'25DE22-CPBlock-Weekday-11',800,53000,4,'',1,7200,4,'',1,3100,4,'',1,7300,4,'',1,3600,4,'',1,7800,4,'',1,3900,4,'',1,7600,4,'',1,7400,4,'',1,3600,4,'',1,7600,4,'',1,3500,4,'',1,7500,4,'',1,7700,4,'',1,3700,4,'',1,8000,4,'',1,8500,4,'',1,4300,4,'',1,7600,4,'',1,8000,4,'',1,4000,4,'',1,7800,4,'',1,3200,4,'',1,7300,4,'',1,7300,4,'',1,4000,4,'',1,8200,4,'',1,8200,4,'',1,4200,4,'',1,8000,4,'',1,8200,4,'',1
'25DE22-CPBlock-Holiday1-14',900,64700,4,'',1,8200,4,'',1,8800,4,'',1,8800,4,'',1,5200,4,'',1,9100,4,'',1,7700,4,'',1,3200,4,'',1,7500,4,'',1,8000,4,'',1,3400,4,'',1,7700,4,'',1,7800,4,'',1,3800,4,'',1,7800,4,'',1,3800,4,'',1,7700,4,'',1,7600,4,'',1,3400,4,'',1,7600,4,'',1,3600,4,'',1,7600,4,'',1,8900,4,'',1,8900,4,'',1,4500,4,'',1,8800,4,'',1,8600,4,'',1
'25DE22-CPBlock-Holiday2-15',900,60000,4,'',1,2500,4,'',1,3200,4,'',1,6400,4,'',1,3300,4,'',1,7400,4,'',1,7200,4,'',1,3700,4,'',1,7300,4,'',1,3500,4,'',1,7800,4,'',1,3600,4,'',1,7500,4,'',1,7800,4,'',1,4000,4,'',1,7800,4,'',1,7900,4,'',1,3900,4,'',1,7700,4,'',1,7900,4,'',1,3800,4,'',1,7500,4,'',1,3900,4,'',1,7200,4,'',1,7600,4,'',1,3700,4,'',1,7300,4,'',1,3300,4,'',1,7300,4,'',1,3400,4,'',1,7400,4,'',1,7200,4,'',1,3100,4,'',1,7000,4,'',1,3100,4,'',1
'25DE22-CPBlock-Holiday3-16',900,64700,4,'',1,8200,4,'',1,8800,4,'',1,8800,4,'',1,5200,4,'',1,9100,4,'',1,7700,4,'',1,3200,4,'',1,7500,4,'',1,8000,4,'',1,3400,4,'',1,7700,4,'',1,7800,4,'',1,3800,4,'',1,7800,4,'',1,3800,4,'',1,7700,4,'',1,7600,4,'',1,3400,4,'',1,7600,4,'',1,3600,4,'',1,7600,4,'',1,8900,4,'',1,8900,4,'',1,4500,4,'',1,8800,4,'',1,8600,4,'',1
'25DE22-CPBlock-Saturday-12',900,60000,4,'',1,2500,4,'',1,3200,4,'',1,6400,4,'',1,3300,4,'',1,7400,4,'',1,7200,4,'',1,3700,4,'',1,7300,4,'',1,3500,4,'',1,7800,4,'',1,3600,4,'',1,7500,4,'',1,7800,4,'',1,4000,4,'',1,7800,4,'',1,7900,4,'',1,3900,4,'',1,7700,4,'',1,7900,4,'',1,3800,4,'',1,7500,4,'',1,3900,4,'',1,7200,4,'',1,7600,4,'',1,3700,4,'',1,7300,4,'',1,3300,4,'',1,7300,4,'',1,3400,4,'',1,7400,4,'',1,7200,4,'',1,3100,4,'',1,7000,4,'',1,3100,4,'',1
'25DE22-CPBlock-Sunday-13',900,64700,4,'',1,8200,4,'',1,8800,4,'',1,8800,4,'',1,5200,4,'',1,9100,4,'',1,7700,4,'',1,3200,4,'',1,7500,4,'',1,8000,4,'',1,3400,4,'',1,7700,4,'',1,7800,4,'',1,3800,4,'',1,7800,4,'',1,3800,4,'',1,7700,4,'',1,7600,4,'',1,3400,4,'',1,7600,4,'',1,3600,4,'',1,7600,4,'',1,8900,4,'',1,8900,4,'',1,4500,4,'',1,8800,4,'',1,8600,4,'',1
'25DE22-CPBlock-Weekday-11',900,45000,4,'',1,6500,4,'',1,2100,4,'',1,2100,4,'',1,6100,4,'',1,2100,4,'',1,6300,4,'',1,2400,4,'',1,2700,4,'',1,6200,4,'',1,2500,4,'',1,6600,4,'',1,2500,4,'',1,2300,4,'',1,6200,4,'',1,2100,4,'',1,6700,4,'',1,2800,4,'',1,7000,4,'',1,3000,4,'',1,7000,4,'',1,3000,4,'',1,7000,4,'',1,3100,4,'',1,7100,4,'',1,3100,4,'',1,6700,4,'',1,2300,4,'',1,2200,4,'',1,6900,4,'',1,2900,4,'',1,6900,4,'',1,1800,4,'',1,2300,4,'',1,6900,4,'',1,2600,4,'',1,6700,4,'',1,2500,4,'',1,6500,4,'',1,2700,4,'',1,6700,4,'',1,2500,4,'',1,2700,4,'',1,6500,4,'',1,2500,4,'',1,6600,4,'',1,3000,4,'',1,8600,4,'',1,8500,4,'',1
'25DE22-CPBlock-Holiday1-14',2001,84000,4,'',1,6500,4,'',1,2900,4,'',1,6800,4,'',1,2800,4,'',1,2800,4,'',1,7200,4,'',1,7000,4,'',1,3300,4,'',1,7100,4,'',1,3200,4,'',1,7200,4,'',1,3100,4,'',1,7200,4,'',1,3200,4,'',1,7200,4,'',1,3200,4,'',1,7300,4,'',1,3100,4,'',1,7200,4,'',1,3200,4,'',1,6700,4,'',1,2900,4,'',1,6600,4,'',1,2500,4,'',1,6400,4,'',1,2200,4,'',1
'25DE22-CPBlock-Holiday2-15',2001,72300,4,'',1,2800,4,'',1,7100,4,'',1,2900,4,'',1,6900,4,'',1,3100,4,'',1,7300,4,'',1,3200,4,'',1,7200,4,'',1,7200,4,'',1,3200,4,'',1,7300,4,'',1,3300,4,'',1,7100,4,'',1,3200,4,'',1,7200,4,'',1,3200,4,'',1,7200,4,'',1,3200,4,'',1,7200,4,'',1,3200,4,'',1,7200,4,'',1,3000,4,'',1,7200,4,'',1,3100,4,'',1,7200,4,'',1,7200,4,'',1,3000,4,'',1,7100,4,'',1,2900,4,'',1,7000,4,'',1,3000,4,'',1,2700,4,'',1
'25DE22-CPBlock-Holiday3-16',2001,84000,4,'',1,6500,4,'',1,2900,4,'',1,6800,4,'',1,2800,4,'',1,2800,4,'',1,7200,4,'',1,7000,4,'',1,3300,4,'',1,7100,4,'',1,3200,4,'',1,7200,4,'',1,3100,4,'',1,7200,4,'',1,3200,4,'',1,7200,4,'',1,3200,4,'',1,7300,4,'',1,3100,4,'',1,7200,4,'',1,3200,4,'',1,6700,4,'',1,2900,4,'',1,6600,4,'',1,2500,4,'',1,6400,4,'',1,2200,4,'',1
'25DE22-CPBlock-Saturday-12',2001,72300,4,'',1,2800,4,'',1,7100,4,'',1,2900,4,'',1,6900,4,'',1,3100,4,'',1,7300,4,'',1,3200,4,'',1,7200,4,'',1,7200,4,'',1,3200,4,'',1,7300,4,'',1,3300,4,'',1,7100,4,'',1,3200,4,'',1,7200,4,'',1,3200,4,'',1,7200,4,'',1,3200,4,'',1,7200,4,'',1,3200,4,'',1,7200,4,'',1,3000,4,'',1,7200,4,'',1,3100,4,'',1,7200,4,'',1,7200,4,'',1,3000,4,'',1,7100,4,'',1,2900,4,'',1,7000,4,'',1,3000,4,'',1,2700,4,'',1
'25DE22-CPBlock-Sunday-13',2001,84000,4,'',1,6500,4,'',1,2900,4,'',1,6800,4,'',1,2800,4,'',1,2800,4,'',1,7200,4,'',1,7000,4,'',1,3300,4,'',1,7100,4,'',1,3200,4,'',1,7200,4,'',1,3100,4,'',1,7200,4,'',1,3200,4,'',1,7200,4,'',1,3200,4,'',1,7300,4,'',1,3100,4,'',1,7200,4,'',1,3200,4,'',1,6700,4,'',1,2900,4,'',1,6600,4,'',1,2500,4,'',1,6400,4,'',1,2200,4,'',1
'25DE22-CPBlock-Weekday-11',2001,51400,4,'',1,2000,4,'',1,2000,4,'',1,6100,4,'',1,2000,4,'',1,6600,4,'',1,2600,4,'',1,2400,4,'',1,6400,4,'',1,2400,4,'',1,6400,4,'',1,2400,4,'',1,2400,4,'',1,6400,4,'',1,2400,4,'',1,6400,4,'',1,2600,4,'',1,2300,4,'',1,6300,4,'',1,2500,4,'',1,6400,4,'',1,2600,4,'',1,2500,4,'',1,6400,4,'',1,2200,4,'',1,1800,4,'',1,6000,4,'',1,2400,4,'',1,6300,4,'',1,2200,4,'',1,2200,4,'',1,6200,4,'',1,2200,4,'',1,2000,4,'',1,6000,4,'',1,2200,4,'',1,1800,4,'',1,5800,4,'',1,1800,4,'',1,2000,4,'',1,5800,4,'',1,1800,4,'',1,1700,4,'',1,5700,4,'',1,2800,4,'',1,8000,4,'',1,4000,4,'',1,8000,4,'',1,7500,4,'',1,3800,4,'',1,7400,4,'',1,3400,4,'',1
'25DE22-CPBlock-Holiday1-14',2800,81800,4,'',1,2600,4,'',1,6700,4,'',1,2600,4,'',1,6700,4,'',1,2800,4,'',1,2700,4,'',1,7000,4,'',1,2800,4,'',1,6900,4,'',1,2900,4,'',1,6900,4,'',1,2900,4,'',1,6900,4,'',1,3000,4,'',1,7000,4,'',1,3000,4,'',1,7000,4,'',1,3000,4,'',1,7100,4,'',1,3100,4,'',1,6800,4,'',1,3100,4,'',1,7100,4,'',1,2800,4,'',1
'25DE22-CPBlock-Holiday2-15',2800,75300,4,'',1,6500,4,'',1,2500,4,'',1,6500,4,'',1,2600,4,'',1,7100,4,'',1,2800,4,'',1,7000,4,'',1,3000,4,'',1,7000,4,'',1,3200,4,'',1,7200,4,'',1,3100,4,'',1,7000,4,'',1,3000,4,'',1,7000,4,'',1,2900,4,'',1,7000,4,'',1,3000,4,'',1,7000,4,'',1,3000,4,'',1,7000,4,'',1,2900,4,'',1,7000,4,'',1,2800,4,'',1,6800,4,'',1,2800,4,'',1,2800,4,'',1,6800,4,'',1,2800,4,'',1,6800,4,'',1,2400,4,'',1,6500,4,'',1
'25DE22-CPBlock-Holiday3-16',2800,81800,4,'',1,2600,4,'',1,6700,4,'',1,2600,4,'',1,6700,4,'',1,2800,4,'',1,2700,4,'',1,7000,4,'',1,2800,4,'',1,6900,4,'',1,2900,4,'',1,6900,4,'',1,2900,4,'',1,6900,4,'',1,3000,4,'',1,7000,4,'',1,3000,4,'',1,7000,4,'',1,3000,4,'',1,7100,4,'',1,3100,4,'',1,6800,4,'',1,3100,4,'',1,7100,4,'',1,2800,4,'',1
'25DE22-CPBlock-Saturday-12',2800,75300,4,'',1,6500,4,'',1,2500,4,'',1,6500,4,'',1,2600,4,'',1,7100,4,'',1,2800,4,'',1,7000,4,'',1,3000,4,'',1,7000,4,'',1,3200,4,'',1,7200,4,'',1,3100,4,'',1,7000,4,'',1,3000,4,'',1,7000,4,'',1,2900,4,'',1,7000,4,'',1,3000,4,'',1,7000,4,'',1,3000,4,'',1,7000,4,'',1,2900,4,'',1,7000,4,'',1,2800,4,'',1,6800,4,'',1,2800,4,'',1,2800,4,'',1,6800,4,'',1,2800,4,'',1,6800,4,'',1,2400,4,'',1,6500,4,'',1
'25DE22-CPBlock-Sunday-13',2800,81800,4,'',1,2600,4,'',1,6700,4,'',1,2600,4,'',1,6700,4,'',1,2800,4,'',1,2700,4,'',1,7000,4,'',1,2800,4,'',1,6900,4,'',1,2900,4,'',1,6900,4,'',1,2900,4,'',1,6900,4,'',1,3000,4,'',1,7000,4,'',1,3000,4,'',1,7000,4,'',1,3000,4,'',1,7100,4,'',1,3100,4,'',1,6800,4,'',1,3100,4,'',1,7100,4,'',1,2800,4,'',1
'25DE22-CPBlock-Weekday-11',2800,51800,4,'',1,1500,4,'',1,1600,4,'',1,5800,4,'',1,1800,4,'',1,1900,4,'',1,6000,4,'',1,1900,4,'',1,1900,4,'',1,6700,4,'',1,1800,4,'',1,2300,4,'',1,6200,4,'',1,2000,4,'',1,1900,4,'',1,6100,4,'',1,2100,4,'',1,2000,4,'',1,5900,4,'',1,2800,4,'',1,6800,4,'',1,3000,4,'',1,6900,4,'',1,2900,4,'',1,7000,4,'',1,2000,4,'',1,2100,4,'',1,6200,4,'',1,2200,4,'',1,2200,4,'',1,6200,4,'',1,2300,4,'',1,6500,4,'',1,2400,4,'',1,1600,4,'',1,700,4,'',1,6400,4,'',1,2200,4,'',1,2200,4,'',1,6000,4,'',1,2200,4,'',1,6300,4,'',1,1300,4,'',1,1900,4,'',1,2300,4,'',1,6900,4,'',1,2200,4,'',1,6300,4,'',1,2400,4,'',1,6400,4,'',1,2200,4,'',1,2500,4,'',1,6600,4,'',1
'25DE22-CPBlock-Holiday1-14',6601,55200,4,'',1,6300,4,'',1,2300,4,'',1,6400,4,'',1,2300,4,'',1,2200,4,'',1,5700,4,'',1,1800,4,'',1,1800,4,'',1,1700,4,'',1,6000,4,'',1,1900,4,'',1,1800,4,'',1,6000,4,'',1,1800,4,'',1,1800,4,'',1,5800,4,'',1,2000,4,'',1,2000,4,'',1,6100,4,'',1,2000,4,'',1,1800,4,'',1,5500,4,'',1,1500,4,'',1,1400,4,'',1,1400,4,'',1,1300,4,'',1,5300,4,'',1,1300,4,'',1,1400,4,'',1,1400,4,'',1,5400,4,'',1,1300,4,'',1,1400,4,'',1,1400,4,'',1,5400,4,'',1,1400,4,'',1,1400,4,'',1,1400,4,'',1,1400,4,'',1,5400,4,'',1,1300,4,'',1,1400,4,'',1,1400,4,'',1,5200,4,'',1,1400,4,'',1,1300,4,'',1,1300,4,'',1,1500,4,'',1,5400,4,'',1,1400,4,'',1,1500,4,'',1,1600,4,'',1,5500,4,'',1,1500,4,'',1,1400,4,'',1,1400,4,'',1,5500,4,'',1,1500,4,'',1,1400,4,'',1,1200,4,'',1,5200,4,'',1,2800,4,'',1,7400,4,'',1,3400,4,'',1,7300,4,'',1,3300,4,'',1,7300,4,'',1
'25DE22-CPBlock-Holiday2-15',6601,54100,4,'',1,6300,4,'',1,2300,4,'',1,2400,4,'',1,6600,4,'',1,2600,4,'',1,6600,4,'',1,1800,4,'',1,1600,4,'',1,1600,4,'',1,5600,4,'',1,1700,4,'',1,1500,4,'',1,5500,4,'',1,1600,4,'',1,1500,4,'',1,1200,4,'',1,1200,4,'',1,5200,4,'',1,1300,4,'',1,1500,4,'',1,1400,4,'',1,5300,4,'',1,1400,4,'',1,1400,4,'',1,1400,4,'',1,5400,4,'',1,1500,4,'',1,1400,4,'',1,1400,4,'',1,1400,4,'',1,5400,4,'',1,1500,4,'',1,1400,4,'',1,1500,4,'',1,5600,4,'',1,1500,4,'',1,1500,4,'',1,1500,4,'',1,5500,4,'',1,1500,4,'',1,1500,4,'',1,1400,4,'',1,5300,4,'',1,1500,4,'',1,1500,4,'',1,1500,4,'',1,5500,4,'',1,1500,4,'',1,1500,4,'',1,1500,4,'',1,5400,4,'',1,1400,4,'',1,1300,4,'',1,1400,4,'',1,5400,4,'',1,1300,4,'',1,1300,4,'',1,1400,4,'',1,1300,4,'',1,5200,4,'',1,1300,4,'',1,1300,4,'',1,1300,4,'',1,1300,4,'',1,5700,4,'',1,1700,4,'',1,1600,4,'',1,5800,4,'',1,1800,4,'',1,1700,4,'',1,1700,4,'',1,5500,4,'',1,1600,4,'',1,1600,4,'',1,5500,4,'',1
'25DE22-CPBlock-Holiday3-16',6601,15600,4,'',1,6400,4,'',1,2400,4,'',1,6400,4,'',1,2400,4,'',1,2400,4,'',1,6400,4,'',1,2400,4,'',1,6200,4,'',1,2200,4,'',1,2200,4,'',1,6400,4,'',1,2400,4,'',1,6400,4,'',1,2300,4,'',1,2200,4,'',1,5700,4,'',1,1800,4,'',1,1800,4,'',1,1700,4,'',1,6000,4,'',1,1900,4,'',1,1800,4,'',1,6000,4,'',1,1800,4,'',1,1800,4,'',1,5800,4,'',1,2000,4,'',1,2000,4,'',1,6100,4,'',1,2000,4,'',1,1800,4,'',1,5500,4,'',1,1500,4,'',1,1400,4,'',1,1400,4,'',1,1300,4,'',1,5300,4,'',1,1300,4,'',1,1400,4,'',1,1400,4,'',1,5400,4,'',1,1300,4,'',1,1400,4,'',1,1400,4,'',1,5400,4,'',1,1400,4,'',1,1400,4,'',1,1400,4,'',1,1400,4,'',1,5400,4,'',1,1300,4,'',1,1400,4,'',1,1400,4,'',1,5200,4,'',1,1400,4,'',1,1300,4,'',1,1300,4,'',1,1500,4,'',1,5400,4,'',1,1400,4,'',1,1500,4,'',1,1600,4,'',1,5500,4,'',1,1500,4,'',1,1400,4,'',1,1400,4,'',1,5500,4,'',1,1500,4,'',1,1400,4,'',1,1200,4,'',1,5200,4,'',1,2800,4,'',1,7400,4,'',1,3400,4,'',1,7300,4,'',1,3300,4,'',1,7300,4,'',1
'25DE22-CPBlock-Saturday-12',6601,54100,4,'',1,6300,4,'',1,2300,4,'',1,2400,4,'',1,6600,4,'',1,2600,4,'',1,6600,4,'',1,1800,4,'',1,1600,4,'',1,1600,4,'',1,5600,4,'',1,1700,4,'',1,1500,4,'',1,5500,4,'',1,1600,4,'',1,1500,4,'',1,1200,4,'',1,1200,4,'',1,5200,4,'',1,1300,4,'',1,1500,4,'',1,1400,4,'',1,5300,4,'',1,1400,4,'',1,1400,4,'',1,1400,4,'',1,5400,4,'',1,1500,4,'',1,1400,4,'',1,1400,4,'',1,1400,4,'',1,5400,4,'',1,1500,4,'',1,1400,4,'',1,1500,4,'',1,5600,4,'',1,1500,4,'',1,1500,4,'',1,1500,4,'',1,5500,4,'',1,1500,4,'',1,1500,4,'',1,1400,4,'',1,5300,4,'',1,1500,4,'',1,1500,4,'',1,1500,4,'',1,5500,4,'',1,1500,4,'',1,1500,4,'',1,1500,4,'',1,5400,4,'',1,1400,4,'',1,1300,4,'',1,1400,4,'',1,5400,4,'',1,1300,4,'',1,1300,4,'',1,1400,4,'',1,1300,4,'',1,5200,4,'',1,1300,4,'',1,1300,4,'',1,1300,4,'',1,1300,4,'',1,5700,4,'',1,1700,4,'',1,1600,4,'',1,5800,4,'',1,1800,4,'',1,1700,4,'',1,1700,4,'',1,5500,4,'',1,1600,4,'',1,1600,4,'',1,5500,4,'',1
'25DE22-CPBlock-Sunday-13',6601,55200,4,'',1,6300,4,'',1,2300,4,'',1,6400,4,'',1,2300,4,'',1,2200,4,'',1,5700,4,'',1,1800,4,'',1,1800,4,'',1,1700,4,'',1,6000,4,'',1,1900,4,'',1,1800,4,'',1,6000,4,'',1,1800,4,'',1,1800,4,'',1,5800,4,'',1,2000,4,'',1,2000,4,'',1,6100,4,'',1,2000,4,'',1,1800,4,'',1,5500,4,'',1,1500,4,'',1,1400,4,'',1,1400,4,'',1,1300,4,'',1,5300,4,'',1,1300,4,'',1,1400,4,'',1,1400,4,'',1,5400,4,'',1,1300,4,'',1,1400,4,'',1,1400,4,'',1,5400,4,'',1,1400,4,'',1,1400,4,'',1,1400,4,'',1,1400,4,'',1,5400,4,'',1,1300,4,'',1,1400,4,'',1,1400,4,'',1,5200,4,'',1,1400,4,'',1,1300,4,'',1,1300,4,'',1,1500,4,'',1,5400,4,'',1,1400,4,'',1,1500,4,'',1,1600,4,'',1,5500,4,'',1,1500,4,'',1,1400,4,'',1,1400,4,'',1,5500,4,'',1,1500,4,'',1,1400,4,'',1,1200,4,'',1,5200,4,'',1,2800,4,'',1,7400,4,'',1,3400,4,'',1,7300,4,'',1,3300,4,'',1,7300,4,'',1
'25DE22-CPBlock-Weekday-11',6601,45900,4,'',1,5500,4,'',1,1400,4,'',1,1500,4,'',1,1400,4,'',1,5100,4,'',1,1100,4,'',1,1000,4,'',1,900,4,'',1,1000,4,'',1,900,4,'',1,5100,4,'',1,900,4,'',1,900,4,'',1,900,4,'',1,900,4,'',1,900,4,'',1,5000,4,'',1,900,4,'',1,900,4,'',1,900,4,'',1,900,4,'',1,900,4,'',1,900,4,'',1,4900,4,'',1,900,4,'',1,900,4,'',1,1100,4,'',1,1200,4,'',1,1200,4,'',1,5200,4,'',1,1200,4,'',1,1100,4,'',1,1200,4,'',1,1200,4,'',1,5200,4,'',1,1200,4,'',1,1200,4,'',1,1200,4,'',1,1200,4,'',1,5200,4,'',1,1200,4,'',1,1200,4,'',1,1200,4,'',1,1200,4,'',1,5200,4,'',1,1200,4,'',1,1200,4,'',1,1200,4,'',1,1200,4,'',1,5200,4,'',1,1300,4,'',1,1400,4,'',1,1000,4,'',1,1000,4,'',1,4800,4,'',1,800,4,'',1,900,4,'',1,800,4,'',1,800,4,'',1,800,4,'',1,800,4,'',1,4900,4,'',1,800,4,'',1,800,4,'',1,800,4,'',1,900,4,'',1,1000,4,'',1,1000,4,'',1,4900,4,'',1,900,4,'',1,900,4,'',1,900,4,'',1,800,4,'',1,700,4,'',1,800,4,'',1,4800,4,'',1,700,4,'',1,800,4,'',1,700,4,'',1,700,4,'',1,700,4,'',1,700,4,'',1,800,4,'',1,4800,4,'',1,800,4,'',1,800,4,'',1,800,4,'',1,800,4,'',1,600,4,'',1,600,4,'',1,600,4,'',1,5400,4,'',1,1400,4,'',1,1400,4,'',1,1400,4,'',1,5400,4,'',1,1300,4,'',1,1400,4,'',1,1400,4,'',1,5900,4,'',1,1700,4,'',1,1700,4,'',1,1700,4,'',1,5500,4,'',1,1600,4,'',1,1800,4,'',1,5800,4,'',1,1700,4,'',1,1800,4,'',1,1700,4,'',1,5700,4,'',1,1700,4,'',1,1700,4,'',1
'25DE22-CPBlock-Holiday1-14',6801,104000,4,'',1,10500,4,'',1,10600,4,'',1,15000,4,'',1,11200,4,'',1,11200,4,'',1,11000,4,'',1,10900,4,'',1,10500,4,'',1
'25DE22-CPBlock-Holiday2-15',6801,80700,4,'',1,10600,4,'',1,10700,4,'',1,11000,4,'',1,11000,4,'',1,11000,4,'',1,15100,4,'',1,11200,4,'',1,11400,4,'',1,11400,4,'',1,11300,4,'',1,15100,4,'',1,10500,4,'',1,10300,4,'',1,10000,4,'',1
'25DE22-CPBlock-Holiday3-16',6801,104000,4,'',1,10500,4,'',1,10600,4,'',1,15000,4,'',1,11200,4,'',1,11200,4,'',1,11000,4,'',1,10900,4,'',1,10500,4,'',1
'25DE22-CPBlock-Saturday-12',6801,80700,4,'',1,10600,4,'',1,10700,4,'',1,11000,4,'',1,11000,4,'',1,11000,4,'',1,15100,4,'',1,11200,4,'',1,11400,4,'',1,11400,4,'',1,11300,4,'',1,15100,4,'',1,10500,4,'',1,10300,4,'',1,10000,4,'',1
'25DE22-CPBlock-Sunday-13',6801,104000,4,'',1,10500,4,'',1,10600,4,'',1,15000,4,'',1,11200,4,'',1,11200,4,'',1,11000,4,'',1,10900,4,'',1,10500,4,'',1
'25DE22-CPBlock-Weekday-11',6801,60900,4,'',1,11300,4,'',1,11600,4,'',1,11700,4,'',1,15700,4,'',1,11700,4,'',1,11600,4,'',1,15800,4,'',1,12000,4,'',1,11900,4,'',1,15800,4,'',1,11600,4,'',1,11100,4,'',1,10800,4,'',1,10700,4,'',1,10200,4,'',1,10000,4,'',1
'25DE22-MABlock-Holiday1-24',10701,84900,4,'',1,7000,4,'',1,2900,4,'',1,7000,4,'',1,1900,4,'',1,1800,4,'',1,5900,4,'',1,1800,4,'',1,2000,4,'',1,5900,4,'',1,1800,4,'',1,1800,4,'',1,5800,4,'',1,2000,4,'',1,1900,4,'',1,6000,4,'',1,2100,4,'',1,2000,4,'',1,6000,4,'',1,2000,4,'',1,1900,4,'',1,6000,4,'',1,2000,4,'',1,2000,4,'',1,6000,4,'',1,2000,4,'',1,2100,4,'',1,6000,4,'',1,1900,4,'',1,1800,4,'',1,5800,4,'',1,1900,4,'',1,1900,4,'',1,2000,4,'',1,7400,4,'',1,7500,4,'',1,2600,4,'',1
'25DE22-MABlock-Holiday2-25',10701,84900,4,'',1,7000,4,'',1,2900,4,'',1,7000,4,'',1,1900,4,'',1,1800,4,'',1,5900,4,'',1,1800,4,'',1,2000,4,'',1,5900,4,'',1,1800,4,'',1,1800,4,'',1,5800,4,'',1,2000,4,'',1,1900,4,'',1,6000,4,'',1,2100,4,'',1,2000,4,'',1,6000,4,'',1,2000,4,'',1,1900,4,'',1,6000,4,'',1,2000,4,'',1,2000,4,'',1,6000,4,'',1,2000,4,'',1,2100,4,'',1,6000,4,'',1,1900,4,'',1,1800,4,'',1,5800,4,'',1,1900,4,'',1,1900,4,'',1,2000,4,'',1,7400,4,'',1,7500,4,'',1,2600,4,'',1
'25DE22-MABlock-Holiday3-26',10701,84900,4,'',1,7000,4,'',1,2900,4,'',1,7000,4,'',1,1900,4,'',1,1800,4,'',1,5900,4,'',1,1800,4,'',1,2000,4,'',1,5900,4,'',1,1800,4,'',1,1800,4,'',1,5800,4,'',1,2000,4,'',1,1900,4,'',1,6000,4,'',1,2100,4,'',1,2000,4,'',1,6000,4,'',1,2000,4,'',1,1900,4,'',1,6000,4,'',1,2000,4,'',1,2000,4,'',1,6000,4,'',1,2000,4,'',1,2100,4,'',1,6000,4,'',1,1900,4,'',1,1800,4,'',1,5800,4,'',1,1900,4,'',1,1900,4,'',1,2000,4,'',1,7400,4,'',1,7500,4,'',1,2600,4,'',1
'25DE22-MABlock-Saturday-22',10701,84900,4,'',1,7000,4,'',1,2900,4,'',1,7000,4,'',1,1900,4,'',1,1800,4,'',1,5900,4,'',1,1800,4,'',1,2000,4,'',1,5900,4,'',1,1800,4,'',1,1800,4,'',1,5800,4,'',1,2000,4,'',1,1900,4,'',1,6000,4,'',1,2100,4,'',1,2000,4,'',1,6000,4,'',1,2000,4,'',1,1900,4,'',1,6000,4,'',1,2000,4,'',1,2000,4,'',1,6000,4,'',1,2000,4,'',1,2100,4,'',1,6000,4,'',1,1900,4,'',1,1800,4,'',1,5800,4,'',1,1900,4,'',1,1900,4,'',1,2000,4,'',1,7400,4,'',1,7500,4,'',1,2600,4,'',1
'25DE22-MABlock-Sunday-23',10701,84900,4,'',1,7000,4,'',1,2900,4,'',1,7000,4,'',1,1900,4,'',1,1800,4,'',1,5900,4,'',1,1800,4,'',1,2000,4,'',1,5900,4,'',1,1800,4,'',1,1800,4,'',1,5800,4,'',1,2000,4,'',1,1900,4,'',1,6000,4,'',1,2100,4,'',1,2000,4,'',1,6000,4,'',1,2000,4,'',1,1900,4,'',1,6000,4,'',1,2000,4,'',1,2000,4,'',1,6000,4,'',1,2000,4,'',1,2100,4,'',1,6000,4,'',1,1900,4,'',1,1800,4,'',1,5800,4,'',1,1900,4,'',1,1900,4,'',1,2000,4,'',1,7400,4,'',1,7500,4,'',1,2600,4,'',1
'25DE22-MABlock-Weekday-21',10701,53900,4,'',1,7000,4,'',1,1600,4,'',1,1500,4,'',1,1600,4,'',1,5700,4,'',1,1700,4,'',1,1600,4,'',1,5600,4,'',1,1400,4,'',1,1300,4,'',1,1200,4,'',1,1400,4,'',1,5500,4,'',1,1400,4,'',1,1400,4,'',1,1400,4,'',1,5500,4,'',1,1400,4,'',1,1500,4,'',1,1500,4,'',1,5500,4,'',1,1400,4,'',1,1500,4,'',1,1500,4,'',1,5500,4,'',1,1500,4,'',1,1500,4,'',1,1500,4,'',1,5500,4,'',1,1500,4,'',1,1500,4,'',1,1600,4,'',1,5600,4,'',1,1700,4,'',1,1500,4,'',1,1600,4,'',1,5700,4,'',1,1700,4,'',1,1500,4,'',1,1500,4,'',1,5200,4,'',1,1300,4,'',1,1200,4,'',1,1200,4,'',1,1100,4,'',1,5300,4,'',1,1200,4,'',1,1200,4,'',1,900,4,'',1,1200,4,'',1,5100,4,'',1,1200,4,'',1,1000,4,'',1,1000,4,'',1,1000,4,'',1,5000,4,'',1,1100,4,'',1,1200,4,'',1,1100,4,'',1,1100,4,'',1,1000,4,'',1,5900,4,'',1,1900,4,'',1,2000,4,'',1,6000,4,'',1,2000,4,'',1,2000,4,'',1,5900,4,'',1,2000,4,'',1,1900,4,'',1,6500,4,'',1,2400,4,'',1,6300,4,'',1
