1000,'CPHoliday1',828,,31045,52,,,1,72,,31044,52,,,1,32,,31043,52,,,1,73,,31042,52,,,1,33,,31041,52,,,1,73,,31040,52,,,1,36,,31039,52,,,1,76,,31038,52,,,1,35,,31037,52,,,1,75,,31036,52,,,1,76,,31035,52,,,1,36,,31034,52,,,1,77,,31033,52,,,1,35,,31032,52,,,1,75,,31031,52,,,1,75,,31030,52,,,1,36,,31026,52,,,1,73,,31028,52,,,1,35,,31025,52,,,1,75,,31024,52,,,1,33,,31023,52,,,1,74,,31029,52,,,1,74,,31022,52,,,1,34,,31020,52,,,1,73,,31019,52,,,1,31,,31027,52,,,1,72,,31021,52,,,1,30,,31018,52,,,1,68,,31046,52,,,1,28,,31047,52,,,1,68,,31048,52,,,1
1000,'CPSaturday',640,,31089,52,,,1,65,,31086,52,,,1,25,,31084,52,,,1,25,,31088,52,,,1,65,,31087,52,,,1,26,,31085,52,,,1,67,,31082,52,,,1,27,,31083,52,,,1,67,,31080,52,,,1,27,,31081,52,,,1,68,,31079,52,,,1,28,,31078,52,,,1,28,,31077,52,,,1,68,,31076,52,,,1,29,,31075,52,,,1,69,,31074,52,,,1,28,,31073,52,,,1,69,,31072,52,,,1,29,,31071,52,,,1,69,,31070,52,,,1,30,,31069,52,,,1,69,,31068,52,,,1,29,,31063,52,,,1,69,,31062,52,,,1,29,,31058,52,,,1,68,,31066,52,,,1,28,,31057,52,,,1,67,,31056,52,,,1,28,,31059,52,,,1,68,,31053,52,,,1,25,,31067,52,,,1,26,,31054,52,,,1,66,,31050,52,,,1,26,,31060,52,,,1,67,,31052,52,,,1,26,,31065,52,,,1,65,,31055,52,,,1,25,,31049,52,,,1,23,,31061,52,,,1,64,,31051,52,,,1,23,,31064,52,,,1
1000,'CPSunday',828,,31117,52,,,1,72,,31116,52,,,1,32,,31115,52,,,1,73,,31114,52,,,1,33,,31113,52,,,1,73,,31112,52,,,1,36,,31111,52,,,1,76,,31110,52,,,1,35,,31109,52,,,1,75,,31108,52,,,1,76,,31107,52,,,1,36,,31106,52,,,1,77,,31105,52,,,1,35,,31104,52,,,1,75,,31103,52,,,1,75,,31102,52,,,1,36,,31098,52,,,1,73,,31100,52,,,1,35,,31097,52,,,1,75,,31096,52,,,1,33,,31095,52,,,1,74,,31101,52,,,1,74,,31094,52,,,1,34,,31092,52,,,1,73,,31091,52,,,1,31,,31099,52,,,1,72,,31093,52,,,1,30,,31090,52,,,1
1000,'CPWeekday',539,,31164,52,,,1,61,,31163,52,,,1,22,,31165,52,,,1,27,,31166,52,,,1,63,,31162,52,,,1,25,,31161,52,,,1,66,,31160,52,,,1,26,,31158,52,,,1,25,,31159,52,,,1,66,,31157,52,,,1,26,,31156,52,,,1,66,,31154,52,,,1,25,,31155,52,,,1,64,,31153,52,,,1,24,,31152,52,,,1,25,,31151,52,,,1,65,,31150,52,,,1,25,,31149,52,,,1,65,,31148,52,,,1,26,,31147,52,,,1,25,,31146,52,,,1,66,,31145,52,,,1,27,,31143,52,,,1,66,,31144,52,,,1,27,,31137,52,,,1,65,,31134,52,,,1,21,,31133,52,,,1,21,,31141,52,,,1,62,,31132,52,,,1,23,,31130,52,,,1,24,,31128,52,,,1,63,,31129,52,,,1,25,,31127,52,,,1,60,,31125,52,,,1,19,,31140,52,,,1,21,,31136,52,,,1,60,,31124,52,,,1,20,,31123,52,,,1,22,,31126,52,,,1,63,,31122,52,,,1,34,,31138,52,,,1,70,,31135,52,,,1,32,,31119,52,,,1,73,,31120,52,,,1,29,,31139,52,,,1,70,,31131,52,,,1,29,,31118,52,,,1,69,,31121,52,,,1,25,,31142,52,,,1
3901,'CPHoliday1',746,,36282,46,,,1,80,,36277,46,,,1,80,,36271,46,,,1,42,,36268,46,,,1,83,,36283,46,,,1,83,,36280,46,,,1,44,,36272,46,,,1,86,,36267,46,,,1,85,,36284,46,,,1,85,,36278,46,,,1,44,,36273,46,,,1,86,,36266,46,,,1,85,,36285,46,,,1,86,,36279,46,,,1,85,,36274,46,,,1,43,,36265,46,,,1,84,,36286,46,,,1,81,,36275,46,,,1,41,,36270,46,,,1,82,,36264,46,,,1,78,,36281,46,,,1,40,,36276,46,,,1,76,,36269,46,,,1,30,,36263,46,,,1
3901,'CPSaturday',959,,36291,46,,,1,292,,36290,46,,,1,273,,36292,46,,,1,28,,36289,46,,,1,266,,36293,46,,,1,30,,36288,46,,,1,261,,36294,46,,,1,26,,36287,46,,,1
3901,'CPSunday',746,,36314,46,,,1,80,,36309,46,,,1,80,,36303,46,,,1,42,,36300,46,,,1,83,,36315,46,,,1,83,,36312,46,,,1,44,,36304,46,,,1,86,,36299,46,,,1,85,,36316,46,,,1,85,,36310,46,,,1,44,,36305,46,,,1,86,,36298,46,,,1,85,,36317,46,,,1,86,,36311,46,,,1,85,,36306,46,,,1,43,,36297,46,,,1,84,,36318,46,,,1,81,,36307,46,,,1,41,,36302,46,,,1,82,,36296,46,,,1,78,,36313,46,,,1,40,,36308,46,,,1,76,,36301,46,,,1,30,,36295,46,,,1
3901,'MASaturday',740,,36339,46,,,1,66,,36335,46,,,1,27,,36334,46,,,1,67,,36328,46,,,1,31,,36343,46,,,1,96,,36336,46,,,1,28,,36331,46,,,1,68,,36327,46,,,1,29,,36325,46,,,1,69,,36342,46,,,1,98,,36337,46,,,1,32,,36332,46,,,1,72,,36323,46,,,1,31,,36319,46,,,1,167,,36338,46,,,1,30,,36329,46,,,1,69,,36324,46,,,1,28,,36320,46,,,1,168,,36340,46,,,1,28,,36330,46,,,1,69,,36322,46,,,1,28,,36321,46,,,1,118,,36341,46,,,1,62,,36333,46,,,1,20,,36326,46,,,1
3901,'MAWeekday',511,,36344,47,,,1,17,,36345,47,,,1,16,,36346,47,,,1,58,,36347,47,,,1,17,,36348,47,,,1,19,,36349,47,,,1,21,,36350,47,,,1,65,,36351,47,,,1,24,,36352,47,,,1,66,,36353,47,,,1,22,,36354,47,,,1,21,,36355,47,,,1,58,,36356,47,,,1,19,,36357,47,,,1,18,,36358,47,,,1,63,,36359,46,,,1,33,,36360,46,,,1,76,,36361,46,,,1,35,,36362,46,,,1,74,,36363,46,,,1,75,,36364,46,,,1,36,,36365,46,,,1,80,,36366,46,,,1,26,,36367,47,,,1,65,,36368,47,,,1,20,,36369,47,,,1,22,,36370,47,,,1,64,,36371,47,,,1,20,,36372,47,,,1,64,,36373,47,,,1,22,,36374,47,,,1,22,,36375,47,,,1,57,,36376,47,,,1,15,,36377,47,,,1,16,,36378,47,,,1,18,,36379,47,,,1,59,,36380,47,,,1,18,,36381,47,,,1,21,,36382,47,,,1,59,,36383,46,,,1,21,,36384,46,,,1,72,,36385,46,,,1,39,,36386,46,,,1,76,,36387,46,,,1,38,,36388,46,,,1,77,,36389,46,,,1,76,,36390,46,,,1,36,,36391,46,,,1,78,,36392,46,,,1
37600,'CPWeekday',1411,,41808,23,,,1
