900,'CPHoliday1',646,,16593,,,1,82,,16592,,,1,88,,16591,,,1,88,,16590,,,1,52,,16589,,,1,91,,16586,,,1,76,,16582,,,1,32,,16581,,,1,75,,16587,,,1,80,,16577,,,1,34,,16580,,,1,77,,16585,,,1,38,,16578,,,1,78,,16573,,,1,78,,16583,,,1,38,,16571,,,1,77,,16575,,,1,77,,16588,,,1,34,,16570,,,1,76,,16574,,,1,36,,16584,,,1,76,,16569,,,1,89,,16579,,,1,89,,16568,,,1,45,,16576,,,1,88,,16567,,,1,86,,16572,,,1
900,'CPSaturday',559,,16628,,,1,65,,16627,,,1,32,,16626,,,1,64,,16625,,,1,33,,16623,,,1,74,,16624,,,1,32,,16622,,,1,77,,16611,,,1,73,,16612,,,1,35,,16614,,,1,77,,16602,,,1,36,,16601,,,1,75,,16616,,,1,78,,16608,,,1,40,,16600,,,1,78,,16619,,,1,79,,16605,,,1,39,,16599,,,1,77,,16618,,,1,79,,16607,,,1,38,,16598,,,1,75,,16615,,,1,39,,16604,,,1,73,,16597,,,1,76,,16613,,,1,37,,16609,,,1,73,,16595,,,1,33,,16617,,,1,73,,16603,,,1,34,,16596,,,1,74,,16620,,,1,32,,16606,,,1,71,,16594,,,1,70,,16621,,,1,31,,16610,,,1
900,'CPSunday',646,,16655,,,1,82,,16654,,,1,88,,16653,,,1,88,,16652,,,1,52,,16651,,,1,91,,16648,,,1,76,,16644,,,1,32,,16643,,,1,75,,16649,,,1,80,,16639,,,1,34,,16642,,,1,77,,16647,,,1,38,,16640,,,1,78,,16635,,,1,78,,16645,,,1,38,,16633,,,1,77,,16637,,,1,77,,16650,,,1,34,,16632,,,1,76,,16636,,,1,36,,16646,,,1,76,,16631,,,1,89,,16641,,,1,89,,16630,,,1,45,,16638,,,1,88,,16629,,,1,86,,16634,,,1
900,'CPWeekday',449,,16698,,,1,65,,16702,,,1,21,,16700,,,1,21,,16703,,,1,60,,16704,,,1,21,,16699,,,1,63,,16701,,,1,24,,16692,,,1,27,,16694,,,1,62,,16697,,,1,25,,16691,,,1,66,,16693,,,1,25,,16695,,,1,23,,16696,,,1,62,,16689,,,1,21,,16686,,,1,67,,16687,,,1,28,,16688,,,1,70,,16690,,,1,30,,16682,,,1,70,,16683,,,1,30,,16684,,,1,70,,16685,,,1,31,,16680,,,1,71,,16681,,,1,31,,16679,,,1,67,,16678,,,1,23,,16677,,,1,22,,16676,,,1,69,,16675,,,1,29,,16674,,,1,69,,16673,,,1,18,,16672,,,1,23,,16671,,,1,69,,16670,,,1,26,,16665,,,1,67,,16664,,,1,25,,16663,,,1,65,,16666,,,1,28,,16662,,,1,67,,16660,,,1,25,,16657,,,1,27,,16667,,,1,65,,16661,,,1,25,,16659,,,1,66,,16656,,,1,30,,16668,,,1,86,,16658,,,1,85,,16669,,,1
2800,'CPHoliday1',817,,20136,,,1,26,,20137,,,1,67,,20138,,,1,26,,20139,,,1,66,,20140,,,1,28,,20141,,,1,72,,20142,,,1,31,,20143,,,1,70,,20144,,,1,30,,20145,,,1,70,,20146,,,1,30,,20147,,,1,71,,20148,,,1,30,,20149,,,1,70,,20150,,,1,30,,20151,,,1,70,,20152,,,1,30,,20153,,,1,71,,20154,,,1,29,,20155,,,1,69,,20156,,,1,27,,20157,,,1,29,,20158,,,1,65,,20159,,,1,22,,20160,,,1
2800,'CPSaturday',748,,20177,,,1,63,,20176,,,1,26,,20183,,,1,68,,20170,,,1,28,,20190,,,1,71,,20169,,,1,30,,20189,,,1,70,,20163,,,1,30,,20182,,,1,70,,20165,,,1,31,,20184,,,1,71,,20164,,,1,31,,20188,,,1,70,,20171,,,1,30,,20185,,,1,70,,20167,,,1,28,,20180,,,1,70,,20168,,,1,30,,20191,,,1,70,,20166,,,1,30,,20186,,,1,69,,20161,,,1,29,,20178,,,1,70,,20172,,,1,30,,20179,,,1,70,,20173,,,1,30,,20187,,,1,70,,20174,,,1,29,,20181,,,1,72,,20162,,,1,31,,20192,,,1,74,,20175,,,1
2800,'CPSunday',817,,20193,,,1,26,,20194,,,1,67,,20195,,,1,26,,20196,,,1,66,,20197,,,1,28,,20198,,,1,72,,20199,,,1,31,,20200,,,1,70,,20201,,,1,30,,20202,,,1,70,,20203,,,1,30,,20204,,,1,71,,20205,,,1,30,,20206,,,1,70,,20207,,,1,30,,20208,,,1,70,,20209,,,1,30,,20210,,,1,71,,20211,,,1,29,,20212,,,1,69,,20213,,,1,27,,20214,,,1,29,,20215,,,1,65,,20216,,,1,22,,20217,,,1
2800,'CPWeekday',516,,20220,,,1,16,,20221,,,1,18,,20222,,,1,59,,20223,,,1,20,,20224,,,1,22,,20225,,,1,62,,20226,,,1,23,,20227,,,1,65,,20228,,,1,24,,20229,,,1,22,,20230,,,1,63,,20231,,,1,20,,20232,,,1,19,,20233,,,1,59,,20234,,,1,22,,20235,,,1,24,,20236,,,1,62,,20237,,,1,22,,20238,,,1,20,,20239,,,1,62,,20240,,,1,22,,20241,,,1,62,,20242,,,1,22,,20243,,,1,22,,20244,,,1,64,,20245,,,1,21,,20219,,,1,3,,20246,,,1,23,,20247,,,1,62,,20248,,,1,22,,20249,,,1,62,,20250,,,1,26,,20251,,,1,71,,20252,,,1,21,,20253,,,1,21,,20218,,,1,7,,20254,,,1,62,,20255,,,1,32,,20256,,,1,71,,20257,,,1,23,,20258,,,1,61,,20259,,,1,14,,20260,,,1,21,,20261,,,1,24,,20262,,,1,64,,20263,,,1,28,,20264,,,1,67,,20265,,,1,26,,20266,,,1,65,,20267,,,1,26,,20268,,,1,66,,20269,,,1,25,,20270,,,1
6101,'CPHoliday1',651,,24487,,,1,85,,24426,,,1,83,,24427,,,1,24,,24428,,,1,63,,24429,,,1,23,,24430,,,1,23,,24431,,,1,63,,24432,,,1,18,,24433,,,1,19,,24434,,,1,63,,24435,,,1,22,,24436,,,1,22,,24437,,,1,62,,24438,,,1,25,,24439,,,1,62,,24440,,,1,23,,24441,,,1,22,,24442,,,1,65,,24443,,,1,25,,24444,,,1,64,,24445,,,1,15,,24446,,,1,15,,24447,,,1,15,,24448,,,1,55,,24449,,,1,17,,24450,,,1,16,,24451,,,1,60,,24452,,,1,20,,24453,,,1,17,,24454,,,1,14,,24455,,,1,55,,24456,,,1,16,,24457,,,1,7,,24458,,,1,8,,24459,,,1,16,,24460,,,1,49,,24461,,,1,8,,24462,,,1,6,,24463,,,1,11,,24464,,,1,17,,24465,,,1,58,,24466,,,1,15,,24467,,,1,16,,24468,,,1,14,,24469,,,1,55,,24470,,,1,14,,24471,,,1,15,,24472,,,1,14,,24473,,,1,55,,24474,,,1,14,,24475,,,1,15,,24476,,,1,13,,24477,,,1,14,,24478,,,1,54,,24479,,,1,17,,24480,,,1,20,,24481,,,1,63,,24482,,,1,25,,24483,,,1,69,,24484,,,1,43,,24485,,,1,84,,24486,,,1
6101,'CPSaturday',608,,24555,,,1,30,,24549,,,1,72,,24550,,,1,21,,24551,,,1,20,,24554,,,1,59,,24544,,,1,18,,24538,,,1,21,,24537,,,1,62,,24536,,,1,20,,24557,,,1,22,,24546,,,1,59,,24534,,,1,18,,24535,,,1,20,,24530,,,1,60,,24525,,,1,18,,24556,,,1,18,,24545,,,1,60,,24524,,,1,21,,24523,,,1,22,,24533,,,1,60,,24522,,,1,20,,24559,,,1,22,,24547,,,1,54,,24521,,,1,14,,24520,,,1,17,,24515,,,1,18,,24526,,,1,58,,24514,,,1,18,,24519,,,1,16,,24558,,,1,56,,24548,,,1,17,,24511,,,1,17,,24513,,,1,17,,24512,,,1,57,,24532,,,1,15,,24505,,,1,13,,24516,,,1,15,,24552,,,1,53,,24504,,,1,13,,24539,,,1,14,,24503,,,1,13,,24502,,,1,13,,24507,,,1,54,,24529,,,1,13,,24499,,,1,13,,24518,,,1,13,,24553,,,1,53,,24500,,,1,13,,24541,,,1,14,,24495,,,1,10,,24501,,,1,11,,24508,,,1,52,,24527,,,1,12,,24494,,,1,17,,24517,,,1,16,,24493,,,1,56,,24540,,,1,16,,24496,,,1,13,,24506,,,1,14,,24528,,,1,56,,24491,,,1,18,,24492,,,1,17,,24542,,,1,15,,24497,,,1,55,,24510,,,1,14,,24531,,,1,15,,24490,,,1,15,,24488,,,1,54,,24543,,,1,13,,24498,,,1,13,,24509,,,1,66,,24489,,,1
6101,'CPSunday',651,,24621,,,1,85,,24560,,,1,83,,24561,,,1,24,,24562,,,1,63,,24563,,,1,23,,24564,,,1,23,,24565,,,1,63,,24566,,,1,18,,24567,,,1,19,,24568,,,1,63,,24569,,,1,22,,24570,,,1,22,,24571,,,1,62,,24572,,,1,25,,24573,,,1,62,,24574,,,1,23,,24575,,,1,22,,24576,,,1,65,,24577,,,1,25,,24578,,,1,64,,24579,,,1,15,,24580,,,1,15,,24581,,,1,15,,24582,,,1,55,,24583,,,1,17,,24584,,,1,16,,24585,,,1,60,,24586,,,1,20,,24587,,,1,17,,24588,,,1,14,,24589,,,1,55,,24590,,,1,16,,24591,,,1,7,,24592,,,1,8,,24593,,,1,16,,24594,,,1,49,,24595,,,1,8,,24596,,,1,6,,24597,,,1,11,,24598,,,1,17,,24599,,,1,58,,24600,,,1,15,,24601,,,1,16,,24602,,,1,14,,24603,,,1,55,,24604,,,1,14,,24605,,,1,15,,24606,,,1,14,,24607,,,1,55,,24608,,,1,14,,24609,,,1,15,,24610,,,1,13,,24611,,,1,14,,24612,,,1,54,,24613,,,1,17,,24614,,,1,20,,24615,,,1,63,,24616,,,1,25,,24617,,,1,69,,24618,,,1,43,,24619,,,1,84,,24620,,,1
6101,'CPWeekday',410,,24622,,,1,20,,24623,,,1,26,,24624,,,1,66,,24625,,,1,20,,24626,,,1,17,,24627,,,1,57,,24628,,,1,12,,24629,,,1,14,,24630,,,1,13,,24631,,,1,53,,24632,,,1,15,,24633,,,1,14,,24634,,,1,14,,24635,,,1,54,,24636,,,1,14,,24637,,,1,15,,24638,,,1,16,,24639,,,1,55,,24640,,,1,15,,24641,,,1,13,,24642,,,1,13,,24643,,,1,13,,24644,,,1,52,,24645,,,1,14,,24646,,,1,14,,24647,,,1,15,,24648,,,1,55,,24649,,,1,15,,24650,,,1,14,,24651,,,1,13,,24652,,,1,53,,24653,,,1,13,,24654,,,1,13,,24655,,,1,14,,24656,,,1,14,,24657,,,1,55,,24658,,,1,15,,24659,,,1,15,,24660,,,1,14,,24661,,,1,54,,24662,,,1,14,,24663,,,1,15,,24664,,,1,15,,24665,,,1,56,,24666,,,1,14,,24667,,,1,13,,24668,,,1,14,,24669,,,1,54,,24670,,,1,14,,24671,,,1,13,,24672,,,1,14,,24673,,,1,53,,24674,,,1,13,,24675,,,1,13,,24676,,,1,13,,24677,,,1,14,,24678,,,1,54,,24679,,,1,13,,24680,,,1,13,,24681,,,1,12,,24682,,,1,12,,24683,,,1,53,,24684,,,1,12,,24685,,,1,12,,24686,,,1,14,,24687,,,1,52,,24688,,,1,11,,24689,,,1,12,,24690,,,1,13,,24691,,,1,14,,24692,,,1,52,,24693,,,1,12,,24694,,,1,13,,24695,,,1,13,,24696,,,1,14,,24697,,,1,54,,24698,,,1,11,,24699,,,1,12,,24700,,,1,10,,24701,,,1,13,,24702,,,1,52,,24703,,,1,13,,24704,,,1,14,,24705,,,1,14,,24706,,,1,55,,24707,,,1,15,,24708,,,1,14,,24709,,,1,12,,24710,,,1,59,,24711,,,1,20,,24712,,,1,19,,24713,,,1,59,,24714,,,1,20,,24715,,,1,19,,24716,,,1,20,,24717,,,1
6601,'CPHoliday1',551,,25098,,,1,63,,25031,,,1,23,,25032,,,1,64,,25033,,,1,23,,25034,,,1,22,,25035,,,1,57,,25036,,,1,18,,25037,,,1,18,,25038,,,1,17,,25039,,,1,59,,25040,,,1,19,,25041,,,1,18,,25042,,,1,60,,25043,,,1,18,,25044,,,1,18,,25045,,,1,58,,25046,,,1,20,,25047,,,1,20,,25048,,,1,61,,25049,,,1,20,,25050,,,1,18,,25051,,,1,55,,25052,,,1,15,,25053,,,1,14,,25054,,,1,14,,25055,,,1,13,,25056,,,1,53,,25057,,,1,13,,25058,,,1,14,,25059,,,1,14,,25060,,,1,54,,25061,,,1,13,,25062,,,1,14,,25063,,,1,14,,25064,,,1,14,,25065,,,1,54,,25066,,,1,14,,25067,,,1,14,,25068,,,1,14,,25069,,,1,54,,25070,,,1,13,,25071,,,1,14,,25072,,,1,14,,25073,,,1,52,,25074,,,1,14,,25075,,,1,13,,25076,,,1,13,,25077,,,1,15,,25078,,,1,54,,25079,,,1,14,,25080,,,1,15,,25081,,,1,16,,25082,,,1,55,,25083,,,1,15,,25084,,,1,14,,25085,,,1,14,,25086,,,1,55,,25087,,,1,15,,25088,,,1,14,,25089,,,1,12,,25090,,,1,52,,25091,,,1,29,,25092,,,1,74,,25093,,,1,34,,25094,,,1,73,,25095,,,1,33,,25096,,,1,73,,25097,,,1
6601,'CPSaturday',540,,25099,,,1,63,,25115,,,1,23,,25126,,,1,24,,25100,,,1,66,,25116,,,1,26,,25127,,,1,65,,25101,,,1,18,,25170,,,1,16,,25114,,,1,16,,25129,,,1,56,,25172,,,1,17,,25102,,,1,15,,25171,,,1,55,,25119,,,1,16,,25128,,,1,15,,25173,,,1,12,,25174,,,1,12,,25103,,,1,52,,25164,,,1,13,,25118,,,1,15,,25138,,,1,14,,25167,,,1,53,,25169,,,1,14,,25104,,,1,14,,25165,,,1,14,,25117,,,1,14,,25139,,,1,55,,25166,,,1,14,,25168,,,1,14,,25105,,,1,14,,25163,,,1,54,,25122,,,1,15,,25130,,,1,14,,25158,,,1,15,,25161,,,1,56,,25106,,,1,15,,25159,,,1,15,,25123,,,1,15,,25133,,,1,55,,25160,,,1,15,,25162,,,1,15,,25107,,,1,14,,25157,,,1,53,,25121,,,1,15,,25131,,,1,15,,25156,,,1,15,,25155,,,1,55,,25108,,,1,15,,25154,,,1,15,,25120,,,1,15,,25132,,,1,54,,25152,,,1,14,,25153,,,1,13,,25109,,,1,14,,25149,,,1,54,,25124,,,1,13,,25134,,,1,13,,25146,,,1,14,,25145,,,1,13,,25110,,,1,52,,25148,,,1,13,,25125,,,1,13,,25136,,,1,13,,25144,,,1,13,,25143,,,1,57,,25111,,,1,17,,25147,,,1,17,,25137,,,1,58,,25142,,,1,18,,25112,,,1,17,,25150,,,1,17,,25135,,,1,55,,25141,,,1,16,,25113,,,1,16,,25151,,,1,55,,25140,,,1
6601,'CPSunday',551,,25242,,,1,63,,25175,,,1,23,,25176,,,1,64,,25177,,,1,23,,25178,,,1,22,,25179,,,1,57,,25180,,,1,18,,25181,,,1,18,,25182,,,1,17,,25183,,,1,59,,25184,,,1,19,,25185,,,1,18,,25186,,,1,60,,25187,,,1,18,,25188,,,1,18,,25189,,,1,58,,25190,,,1,20,,25191,,,1,20,,25192,,,1,61,,25193,,,1,20,,25194,,,1,18,,25195,,,1,55,,25196,,,1,15,,25197,,,1,14,,25198,,,1,14,,25199,,,1,13,,25200,,,1,53,,25201,,,1,13,,25202,,,1,14,,25203,,,1,14,,25204,,,1,54,,25205,,,1,13,,25206,,,1,14,,25207,,,1,14,,25208,,,1,14,,25209,,,1,54,,25210,,,1,14,,25211,,,1,14,,25212,,,1,14,,25213,,,1,54,,25214,,,1,13,,25215,,,1,14,,25216,,,1,14,,25217,,,1,52,,25218,,,1,14,,25219,,,1,13,,25220,,,1,13,,25221,,,1,15,,25222,,,1,54,,25223,,,1,14,,25224,,,1,15,,25225,,,1,16,,25226,,,1,55,,25227,,,1,15,,25228,,,1,14,,25229,,,1,14,,25230,,,1,55,,25231,,,1,15,,25232,,,1,14,,25233,,,1,12,,25234,,,1,52,,25235,,,1,29,,25236,,,1,74,,25237,,,1,34,,25238,,,1,73,,25239,,,1,33,,25240,,,1,73,,25241,,,1
6601,'CPWeekday',458,,25243,,,1,55,,25244,,,1,13,,25245,,,1,11,,25246,,,1,12,,25247,,,1,51,,25248,,,1,11,,25249,,,1,13,,25250,,,1,11,,25251,,,1,12,,25252,,,1,12,,25253,,,1,53,,25254,,,1,12,,25255,,,1,12,,25256,,,1,13,,25257,,,1,53,,25258,,,1,12,,25259,,,1,11,,25260,,,1,10,,25261,,,1,10,,25262,,,1,11,,25263,,,1,51,,25264,,,1,11,,25265,,,1,12,,25266,,,1,13,,25267,,,1,13,,25268,,,1,53,,25269,,,1,12,,25270,,,1,11,,25271,,,1,12,,25272,,,1,12,,25273,,,1,52,,25274,,,1,12,,25275,,,1,12,,25276,,,1,12,,25277,,,1,12,,25278,,,1,52,,25279,,,1,12,,25280,,,1,12,,25281,,,1,12,,25282,,,1,12,,25283,,,1,52,,25284,,,1,12,,25285,,,1,12,,25286,,,1,12,,25287,,,1,12,,25288,,,1,52,,25289,,,1,13,,25290,,,1,11,,25291,,,1,11,,25292,,,1,10,,25293,,,1,51,,25294,,,1,11,,25295,,,1,10,,25296,,,1,10,,25297,,,1,10,,25298,,,1,11,,25299,,,1,50,,25300,,,1,11,,25301,,,1,11,,25302,,,1,11,,25303,,,1,12,,25304,,,1,51,,25305,,,1,11,,25306,,,1,11,,25307,,,1,11,,25308,,,1,9,,25309,,,1,11,,25310,,,1,50,,25311,,,1,11,,25312,,,1,9,,25313,,,1,10,,25314,,,1,10,,25315,,,1,10,,25316,,,1,51,,25317,,,1,10,,25318,,,1,10,,25319,,,1,9,,25320,,,1,9,,25321,,,1,9,,25322,,,1,51,,25323,,,1,14,,25324,,,1,14,,25325,,,1,14,,25326,,,1,54,,25327,,,1,13,,25328,,,1,14,,25329,,,1,14,,25330,,,1,59,,25331,,,1,17,,25332,,,1,17,,25333,,,1,17,,25334,,,1,56,,25335,,,1,16,,25336,,,1,18,,25337,,,1,18,,25338,,,1,57,,25339,,,1,18,,25340,,,1,17,,25341,,,1,57,,25342,,,1,17,,25343,,,1,17,,25344,,,1
