3800,'CPHoliday1',814,,21969,40,,,1,91,,21980,40,,,1,53,,21970,40,,,1,90,,21971,40,,,1,96,,21976,40,,,1,96,,21973,40,,,1,96,,21972,40,,,1,95,,21979,40,,,1,97,,21974,40,,,1,95,,21978,40,,,1,95,,21975,40,,,1,94,,21977,40,,,1,94,,21981,40,,,1,94,,21983,40,,,1,50,,21982,40,,,1
3800,'CPSaturday',700,,21998,40,,,1,36,,21999,40,,,1,70,,22000,40,,,1,31,,22001,40,,,1,70,,22002,40,,,1,31,,22003,40,,,1,73,,22004,40,,,1,33,,22005,40,,,1,72,,22006,40,,,1,34,,22007,40,,,1,74,,22008,40,,,1,34,,22009,40,,,1,75,,22010,40,,,1,74,,22011,40,,,1,37,,22012,40,,,1,75,,22013,40,,,1,35,,22014,40,,,1,76,,22015,40,,,1,74,,21984,40,,,1,33,,21985,40,,,1,74,,21986,40,,,1,33,,21987,40,,,1,72,,21988,40,,,1,31,,21989,40,,,1,72,,21990,40,,,1,32,,21991,40,,,1,72,,21992,40,,,1,30,,21993,40,,,1,70,,21994,40,,,1,30,,21995,40,,,1,67,,21996,40,,,1,24,,21997,40,,,1
3800,'CPSunday',814,,22016,40,,,1,91,,22027,40,,,1,53,,22017,40,,,1,90,,22018,40,,,1,96,,22023,40,,,1,96,,22020,40,,,1,96,,22019,40,,,1,95,,22026,40,,,1,97,,22021,40,,,1,95,,22025,40,,,1,95,,22022,40,,,1,94,,22024,40,,,1,94,,22028,40,,,1,94,,22030,40,,,1,50,,22029,40,,,1
3800,'CPWeekday',456,,22066,40,,,1,68,,22055,40,,,1,23,,22054,40,,,1,66,,22052,40,,,1,26,,22051,40,,,1,67,,22053,40,,,1,33,,22063,40,,,1,67,,22069,23,,,1,5,,22057,40,,,1,36,,22046,40,,,1,75,,22044,40,,,1,78,,22043,40,,,1,39,,22067,40,,,1,80,,22058,40,,,1,38,,22045,40,,,1,77,,22040,40,,,1,76,,22039,40,,,1,35,,22064,40,,,1,77,,22059,40,,,1,16,,22038,40,,,1,75,,22049,40,,,1,32,,22041,40,,,1,70,,22036,40,,,1,29,,22037,40,,,1,69,,22068,40,,,1,28,,22060,40,,,1,70,,22035,40,,,1,28,,22050,40,,,1,71,,22042,40,,,1,32,,22032,40,,,1,75,,22065,40,,,1,33,,22056,40,,,1,67,,22031,40,,,1,26,,22047,40,,,1,88,,22033,40,,,1,86,,22061,40,,,1,83,,22048,40,,,1,41,,22034,40,,,1
6800,'CPHoliday1',1013,,25585,26,4,,1,106,,25586,26,4,,1,107,,25587,26,4,,1,106,,25588,26,4,,1,110,,25589,26,4,,1,112,,25590,26,4,,1,150,,25591,26,4,,1,109,,25592,26,4,,1,109,,25593,26,4,,1,105,,25594,26,4,,1
6800,'CPSaturday',738,,25595,26,4,,1,107,,25596,26,4,,1,106,,25597,26,4,,1,150,,25598,26,4,,1,111,,25599,26,4,,1,111,,25600,26,4,,1,111,,25601,26,4,,1,110,,25602,26,4,,1,110,,25603,26,4,,1,151,,25604,26,4,,1,111,,25605,26,4,,1,108,,25606,26,4,,1,108,,25607,26,4,,1,110,,25608,26,4,,1,108,,25609,26,4,,1
6800,'CPSunday',1013,,25610,26,4,,1,106,,25611,26,4,,1,107,,25612,26,4,,1,106,,25613,26,4,,1,110,,25614,26,4,,1,112,,25615,26,4,,1,150,,25616,26,4,,1,109,,25617,26,4,,1,109,,25618,26,4,,1,105,,25619,26,4,,1
6800,'CPWeekday',534,,25620,26,4,,1,111,,25621,26,4,,1,113,,25622,26,4,,1,149,,25623,26,4,,1,115,,25624,26,4,,1,114,,25625,26,4,,1,116,,25626,26,4,,1,157,,25627,26,4,,1,117,,25628,26,4,,1,116,,25629,26,4,,1,114,,25630,26,4,,1,153,,25631,26,4,,1,114,,25632,26,4,,1,114,,25633,26,4,,1,113,,25634,26,4,,1,153,,25635,26,4,,1,114,,25636,26,4,,1
6801,'CPHoliday1',1013,,25637,1,,,1,106,,25638,1,,,1,107,,25639,1,,,1,106,,25640,1,,,1,110,,25641,1,,,1,112,,25642,1,,,1,150,,25643,1,,,1,109,,25644,1,,,1,109,,25645,1,,,1,107,,25646,1,,,1
6801,'CPSaturday',740,,25647,1,,,1,105,,25648,1,,,1,106,,25649,1,,,1,150,,25650,1,,,1,111,,25651,1,,,1,111,,25652,1,,,1,111,,25653,1,,,1,110,,25654,1,,,1,110,,25655,1,,,1,151,,25656,1,,,1,111,,25657,1,,,1,108,,25658,1,,,1,108,,25659,1,,,1,110,,25660,1,,,1,108,,25661,1,,,1
6801,'CPSunday',1013,,25662,1,,,1,106,,25663,1,,,1,107,,25664,1,,,1,106,,25665,1,,,1,110,,25666,1,,,1,112,,25667,1,,,1,150,,25668,1,,,1,109,,25669,1,,,1,109,,25670,1,,,1,107,,25671,1,,,1
6801,'CPWeekday',534,,25672,1,,,1,111,,25673,1,,,1,113,,25674,1,,,1,149,,25675,1,,,1,115,,25676,1,,,1,114,,25677,1,,,1,116,,25678,1,,,1,157,,25679,1,,,1,117,,25680,1,,,1,116,,25681,1,,,1,114,,25682,1,,,1,153,,25683,1,,,1,114,,25684,1,,,1,114,,25685,1,,,1,113,,25686,1,,,1,153,,25687,1,,,1,115,,25688,1,,,1
