4600,'CPHoliday1',757,,23251,,,1,80,,23252,,,1,80,,23253,,,1,40,,23254,,,1,80,,23255,,,1,80,,23256,,,1,40,,23257,,,1,80,,23258,,,1,82,,23259,,,1,82,,23260,,,1,42,,23261,,,1,82,,23262,,,1,82,,23263,,,1,42,,23264,,,1,82,,23265,,,1,82,,23266,,,1,42,,23267,,,1,84,,23268,,,1,84,,23269,,,1,84,,23270,,,1
4600,'CPSaturday',709,,23271,,,1,40,,23272,,,1,80,,23273,,,1,80,,23274,,,1,40,,23275,,,1,80,,23276,,,1,82,,23277,,,1,42,,23278,,,1,82,,23279,,,1,82,,23280,,,1,84,,23281,,,1,44,,23282,,,1,84,,23283,,,1,84,,23284,,,1,44,,23285,,,1,84,,23286,,,1,84,,23287,,,1,84,,23288,,,1,44,,23289,,,1,82,,23290,,,1,80,,23291,,,1,40,,23292,,,1,80,,23293,,,1
4600,'CPSunday',757,,23294,,,1,80,,23295,,,1,80,,23296,,,1,40,,23297,,,1,80,,23298,,,1,80,,23299,,,1,40,,23300,,,1,80,,23301,,,1,82,,23302,,,1,82,,23303,,,1,42,,23304,,,1,82,,23305,,,1,82,,23306,,,1,42,,23307,,,1,82,,23308,,,1,82,,23309,,,1,42,,23310,,,1,84,,23311,,,1,84,,23312,,,1,84,,23313,,,1
4600,'CPWeekday',447,,23343,,,1,90,,23342,,,1,80,,23338,,,1,42,,23344,,,1,84,,23339,,,1,86,,23341,,,1,86,,23345,,,1,86,,23340,,,1,44,,23322,,,1,84,,23333,,,1,84,,23330,,,1,44,,23334,,,1,84,,23329,,,1,86,,23331,,,1,88,,23332,,,1,88,,23335,,,1,48,,23326,,,1,86,,23324,,,1,86,,23336,,,1,86,,23323,,,1,44,,23337,,,1,84,,23325,,,1,84,,23327,,,1,82,,23328,,,1,42,,23317,,,1,82,,23320,,,1,80,,23319,,,1,38,,23318,,,1,78,,23321,,,1
4601,'CPHoliday1',747,,23346,4,,1,80,,23347,4,,1,84,,23348,4,,1,40,,23349,4,,1,82,,23350,4,,1,80,,23351,4,,1,40,,23352,4,,1,81,,23353,4,,1,80,,23354,4,,1,42,,23355,4,,1,82,,23356,4,,1,82,,23357,4,,1,82,,23358,4,,1,43,,23359,4,,1,82,,23360,4,,1,82,,23361,4,,1,42,,23362,4,,1,82,,23363,4,,1,82,,23364,4,,1,41,,23365,4,,1,86,,23366,4,,1
4601,'CPSaturday',659,,23367,4,,1,82,,23368,4,,1,81,,23369,4,,1,81,,23370,4,,1,40,,23371,4,,1,82,,23372,4,,1,81,,23373,4,,1,42,,23374,4,,1,83,,23375,4,,1,82,,23376,4,,1,42,,23377,4,,1,86,,23378,4,,1,84,,23379,4,,1,84,,23380,4,,1,44,,23381,4,,1,84,,23382,4,,1,84,,23383,4,,1,81,,23384,4,,1,44,,23385,4,,1,84,,23386,4,,1,82,,23387,4,,1,39,,23388,4,,1,80,,23389,4,,1
4601,'CPSunday',747,,23390,4,,1,80,,23391,4,,1,84,,23392,4,,1,40,,23393,4,,1,82,,23394,4,,1,80,,23395,4,,1,40,,23396,4,,1,81,,23397,4,,1,80,,23398,4,,1,42,,23399,4,,1,82,,23400,4,,1,82,,23401,4,,1,82,,23402,4,,1,43,,23403,4,,1,82,,23404,4,,1,82,,23405,4,,1,42,,23406,4,,1,82,,23407,4,,1,82,,23408,4,,1,41,,23409,4,,1,86,,23410,4,,1
4601,'CPWeekday',442,,23437,4,,1,85,,23438,4,,1,83,,23432,4,,1,41,,23439,4,,1,88,,23440,4,,1,79,,23411,4,,1,5,,23433,4,,1,85,,23434,4,,1,45,,23436,4,,1,86,,23435,4,,1,86,,23415,4,,1,84,,23416,4,,1,45,,23412,4,,1,84,,23414,4,,1,84,,23417,4,,1,87,,23418,4,,1,47,,23422,4,,1,88,,23413,4,,1,88,,23419,4,,1,87,,23430,4,,1,88,,23429,4,,1,43,,23427,4,,1,83,,23423,4,,1,84,,23428,4,,1,42,,23420,4,,1,82,,23421,4,,1,82,,23425,4,,1,80,,23431,4,,1,36,,23424,4,,1,80,,23426,4,,1
4800,'CPHoliday1',600,,23441,,,1,30,,23442,,,1,70,,23443,,,1,36,,23444,,,1,75,,23445,,,1,35,,23446,,,1,75,,23447,,,1,35,,23448,,,1,75,,23449,,,1,79,,23450,,,1,38,,23451,,,1,78,,23452,,,1,78,,23453,,,1,38,,23454,,,1,78,,23455,,,1,38,,23456,,,1,78,,23457,,,1,77,,23458,,,1,38,,23459,,,1,78,,23460,,,1,78,,23461,,,1,38,,23462,,,1,78,,23463,,,1,78,,23464,,,1,35,,23465,,,1,74,,23466,,,1,31,,23467,,,1,71,,23468,,,1,32,,23469,,,1
4800,'CPSaturday',503,,23470,,,1,31,,23471,,,1,70,,23472,,,1,32,,23473,,,1,75,,23474,,,1,35,,23475,,,1,76,,23476,,,1,36,,23477,,,1,76,,23478,,,1,77,,23479,,,1,38,,23480,,,1,78,,23481,,,1,78,,23482,,,1,38,,23483,,,1,78,,23484,,,1,38,,23485,,,1,78,,23486,,,1,80,,23487,,,1,40,,23488,,,1,80,,23489,,,1,80,,23490,,,1,40,,23491,,,1,79,,23492,,,1,80,,23493,,,1,38,,23494,,,1,78,,23495,,,1,76,,23496,,,1,35,,23497,,,1,76,,23498,,,1,34,,23499,,,1,74,,23500,,,1,74,,23501,,,1,33,,23502,,,1,74,,23503,,,1,34,,23504,,,1,74,,23505,,,1,32,,23506,,,1
4800,'CPSunday',600,,23507,,,1,30,,23508,,,1,70,,23509,,,1,36,,23510,,,1,75,,23511,,,1,35,,23512,,,1,75,,23513,,,1,35,,23514,,,1,75,,23515,,,1,79,,23516,,,1,38,,23517,,,1,78,,23518,,,1,78,,23519,,,1,38,,23520,,,1,78,,23521,,,1,38,,23522,,,1,78,,23523,,,1,77,,23524,,,1,38,,23525,,,1,78,,23526,,,1,78,,23527,,,1,38,,23528,,,1,78,,23529,,,1,78,,23530,,,1,35,,23531,,,1,74,,23532,,,1,31,,23533,,,1,71,,23534,,,1,32,,23535,,,1
4800,'CPWeekday',429,,23536,,,1,85,,23537,,,1,40,,23538,,,1,58,,23539,,,1,18,,23540,,,1,21,,23541,,,1,60,,23542,,,1,23,,23543,,,1,22,,23544,,,1,62,,23545,,,1,22,,23546,,,1,62,,23547,,,1,24,,23548,,,1,26,,23549,,,1,69,,23550,,,1,28,,23551,,,1,70,,23552,,,1,30,,23553,,,1,70,,23554,,,1,28,,23555,,,1,68,,23556,,,1,28,,23557,,,1,62,,23558,,,1,22,,23559,,,1,24,,23560,,,1,65,,23561,,,1,24,,23562,,,1,64,,23563,,,1,24,,23564,,,1,24,,23565,,,1,64,,23566,,,1,24,,23567,,,1,64,,23568,,,1,28,,23569,,,1,79,,23570,,,1,40,,23571,,,1,78,,23572,,,1,77,,23573,,,1,34,,23574,,,1,75,,23575,,,1,35,,23576,,,1,84,,23577,,,1,85,,23578,,,1,40,,23579,,,1
