1001,'CPHoliday1',733,,31196,21,,,1,70,,31195,21,,,1,30,,31194,21,,,1,72,,31193,21,,,1,34,,31192,21,,,1,74,,31191,21,,,1,33,,31190,21,,,1,73,,31189,21,,,1,35,,31188,21,,,1,75,,31186,21,,,1,75,,31187,21,,,1,35,,31185,21,,,1,75,,31184,21,,,1,35,,31182,21,,,1,76,,31183,21,,,1,76,,31181,21,,,1,36,,31177,21,,,1,76,,31179,21,,,1,36,,31175,21,,,1,76,,31174,21,,,1,34,,31178,21,,,1,74,,31171,21,,,1,74,,31172,21,,,1,34,,31169,21,,,1,74,,31176,21,,,1,34,,31173,21,,,1,73,,31168,21,,,1,32,,31167,21,,,1,71,,31180,21,,,1,29,,31170,21,,,1
1001,'CPSaturday',627,,31236,21,,,1,25,,31234,21,,,1,65,,31235,21,,,1,25,,31232,21,,,1,65,,31233,21,,,1,27,,31229,21,,,1,25,,31230,21,,,1,67,,31228,21,,,1,27,,31231,21,,,1,67,,31226,21,,,1,27,,31227,21,,,1,68,,31225,21,,,1,28,,31224,21,,,1,68,,31223,21,,,1,28,,31222,21,,,1,69,,31221,21,,,1,29,,31220,21,,,1,69,,31218,21,,,1,28,,31219,21,,,1,69,,31217,21,,,1,29,,31216,21,,,1,70,,31211,21,,,1,30,,31212,21,,,1,69,,31207,21,,,1,30,,31206,21,,,1,27,,31210,21,,,1,68,,31205,21,,,1,28,,31215,21,,,1,68,,31204,21,,,1,28,,31201,21,,,1,68,,31208,21,,,1,26,,31198,21,,,1,66,,31214,21,,,1,25,,31202,21,,,1,66,,31200,21,,,1,26,,31209,21,,,1,26,,31199,21,,,1,66,,31213,21,,,1,23,,31203,21,,,1,64,,31197,21,,,1
1001,'CPSunday',733,,31266,21,,,1,70,,31265,21,,,1,30,,31264,21,,,1,72,,31263,21,,,1,34,,31262,21,,,1,74,,31261,21,,,1,33,,31260,21,,,1,73,,31259,21,,,1,35,,31258,21,,,1,75,,31256,21,,,1,75,,31257,21,,,1,35,,31255,21,,,1,75,,31254,21,,,1,35,,31252,21,,,1,76,,31253,21,,,1,76,,31251,21,,,1,36,,31247,21,,,1,76,,31249,21,,,1,36,,31245,21,,,1,76,,31244,21,,,1,34,,31248,21,,,1,74,,31241,21,,,1,74,,31242,21,,,1,34,,31239,21,,,1,74,,31246,21,,,1,34,,31243,21,,,1,73,,31238,21,,,1,32,,31237,21,,,1,71,,31250,21,,,1,29,,31240,21,,,1
1001,'CPWeekday',452,,31316,21,,,1,62,,31312,21,,,1,20,,31315,21,,,1,23,,31314,21,,,1,61,,31313,21,,,1,22,,31310,21,,,1,66,,31311,21,,,1,25,,31309,21,,,1,25,,31308,21,,,1,66,,31307,21,,,1,26,,31306,21,,,1,65,,31304,21,,,1,25,,31305,21,,,1,64,,31303,21,,,1,26,,31302,21,,,1,25,,31301,21,,,1,64,,31300,21,,,1,25,,31299,21,,,1,65,,31298,21,,,1,25,,31297,21,,,1,25,,31296,21,,,1,65,,31295,21,,,1,25,,31294,21,,,1,66,,31292,21,,,1,27,,31293,21,,,1,67,,31287,21,,,1,27,,31284,21,,,1,67,,31286,21,,,1,27,,31285,21,,,1,24,,31279,21,,,1,62,,31278,21,,,1,22,,31289,21,,,1,22,,31283,21,,,1,62,,31276,21,,,1,22,,31275,21,,,1,63,,31277,21,,,1,23,,31274,21,,,1,19,,31273,21,,,1,60,,31291,21,,,1,22,,31280,21,,,1,23,,31272,21,,,1,63,,31270,21,,,1,34,,31271,21,,,1,74,,31288,21,,,1,31,,31282,21,,,1,72,,31268,21,,,1,31,,31269,21,,,1,68,,31290,21,,,1,29,,31281,21,,,1,68,,31267,21,,,1
3900,'CPHoliday1',613,,36153,30,,,1,38,,36147,30,,,1,82,,36142,30,,,1,78,,36138,30,,,1,40,,36154,30,,,1,82,,36145,30,,,1,82,,36143,30,,,1,43,,36137,30,,,1,82,,36152,30,,,1,84,,36146,30,,,1,86,,36139,30,,,1,45,,36136,30,,,1,85,,36155,30,,,1,85,,36149,30,,,1,85,,36140,30,,,1,44,,36135,30,,,1,85,,36156,30,,,1,85,,36148,30,,,1,85,,36141,30,,,1,44,,36134,30,,,1,82,,36151,30,,,1,80,,36150,30,,,1,41,,36144,30,,,1,75,,36133,30,,,1
3900,'CPSaturday',820,,36161,30,,,1,283,,36160,30,,,1,299,,36159,30,,,1,231,,36162,30,,,1,70,,36158,30,,,1,228,,36163,30,,,1,69,,36157,30,,,1,210,,36164,30,,,1
3900,'CPSunday',613,,36185,30,,,1,38,,36179,30,,,1,82,,36174,30,,,1,78,,36170,30,,,1,40,,36186,30,,,1,82,,36177,30,,,1,82,,36175,30,,,1,43,,36169,30,,,1,82,,36184,30,,,1,84,,36178,30,,,1,86,,36171,30,,,1,45,,36168,30,,,1,85,,36187,30,,,1,85,,36181,30,,,1,85,,36172,30,,,1,44,,36167,30,,,1,85,,36188,30,,,1,85,,36180,30,,,1,85,,36173,30,,,1,44,,36166,30,,,1,82,,36183,30,,,1,80,,36182,30,,,1,41,,36176,30,,,1,75,,36165,30,,,1
3900,'MASaturday',613,,36212,30,,,1,25,,36211,30,,,1,67,,36205,30,,,1,25,,36204,30,,,1,25,,36215,30,,,1,91,,36206,30,,,1,66,,36199,30,,,1,26,,36197,30,,,1,69,,36198,30,,,1,28,,36214,30,,,1,96,,36210,30,,,1,71,,36200,30,,,1,30,,36194,30,,,1,70,,36192,30,,,1,30,,36213,30,,,1,100,,36209,30,,,1,70,,36203,30,,,1,31,,36195,30,,,1,70,,36190,30,,,1,129,,36207,30,,,1,70,,36202,30,,,1,30,,36193,30,,,1,70,,36189,30,,,1,127,,36208,30,,,1,25,,36201,30,,,1,66,,36196,30,,,1,25,,36191,30,,,1
3900,'MAWeekday',532,,36217,30,,,1,22,,36218,30,,,1,63,,36219,30,,,1,20,,36220,30,,,1,18,,36221,30,,,1,60,,36222,30,,,1,19,,36223,30,,,1,20,,36224,30,,,1,63,,36225,30,,,1,23,,36226,30,,,1,62,,36227,30,,,1,31,,36228,30,,,1,77,,36229,30,,,1,37,,36230,30,,,1,78,,36231,30,,,1,77,,36232,30,,,1,37,,36233,30,,,1,75,,36234,30,,,1,34,,36235,30,,,1,66,,36236,30,,,1,27,,36237,30,,,1,59,,36238,30,,,1,20,,36239,30,,,1,21,,36240,30,,,1,62,,36241,30,,,1,18,,36242,30,,,1,19,,36243,30,,,1,18,,36244,30,,,1,59,,36245,30,,,1,22,,36246,30,,,1,62,,36247,30,,,1,21,,36248,30,,,1,23,,36249,30,,,1,59,,36250,30,,,1,22,,36251,30,,,1,23,,36252,30,,,1,59,,36253,30,,,1,35,,36254,30,,,1,79,,36255,30,,,1,82,,36256,30,,,1,41,,36257,30,,,1,77,,36258,30,,,1,34,,36259,30,,,1,73,,36260,30,,,1,75,,36261,30,,,1,34,,36262,30,,,1
37601,'CPWeekday',720,,41809,21,,,1
