401,'CPHoliday1',857,,29551,5,,,1,80,,29552,5,,,1,87,,29553,5,,,1,85,,29554,5,,,1,45,,29555,5,,,1,85,,29556,5,,,1,85,,29557,5,,,1,85,,29558,5,,,1,45,,29559,5,,,1,85,,29560,5,,,1,85,,29561,5,,,1,84,,29562,5,,,1,45,,29563,5,,,1,85,,29564,5,,,1,85,,29565,5,,,1,85,,29566,5,,,1,40,,29567,5,,,1
401,'CPSaturday',717,,29568,5,,,1,85,,29569,5,,,1,45,,29570,5,,,1,85,,29571,5,,,1,85,,29572,5,,,1,85,,29573,5,,,1,45,,29574,5,,,1,86,,29575,5,,,1,85,,29576,5,,,1,85,,29577,5,,,1,45,,29578,5,,,1,85,,29579,5,,,1,85,,29580,5,,,1,85,,29581,5,,,1,44,,29582,5,,,1,85,,29583,5,,,1,85,,29584,5,,,1,85,,29585,5,,,1,45,,29586,5,,,1,85,,29587,5,,,1,80,,29588,5,,,1,40,,29589,5,,,1
401,'CPSunday',857,,29590,5,,,1,80,,29591,5,,,1,87,,29592,5,,,1,85,,29593,5,,,1,45,,29594,5,,,1,85,,29595,5,,,1,85,,29596,5,,,1,85,,29597,5,,,1,45,,29598,5,,,1,85,,29599,5,,,1,85,,29600,5,,,1,84,,29601,5,,,1,45,,29602,5,,,1,85,,29603,5,,,1,85,,29604,5,,,1,85,,29605,5,,,1,40,,29606,5,,,1
401,'CPWeekday',526,,29610,5,,,1,81,,29611,5,,,1,45,,29612,5,,,1,59,,29607,5,,,1,26,,29613,5,,,1,85,,29614,5,,,1,85,,29615,5,,,1,44,,29616,5,,,1,84,,29617,5,,,1,84,,29618,5,,,1,84,,29619,5,,,1,44,,29620,5,,,1,84,,29621,5,,,1,84,,29622,5,,,1,43,,29623,5,,,1,76,,29624,5,,,1,76,,29625,5,,,1,36,,29626,5,,,1,76,,29627,5,,,1,35,,29628,5,,,1,75,,29629,5,,,1,74,,29630,5,,,1,36,,29631,5,,,1,99,,29632,5,,,1,100,,29633,5,,,1,100,,29634,5,,,1,100,,29635,5,,,1
501,'MAHoliday1',745,,29814,43,,,1,66,,29815,43,,,1,30,,29816,43,,,1,70,,29817,43,,,1,34,,29818,43,,,1,70,,29819,43,,,1,30,,29820,43,,,1,72,,29821,43,,,1,30,,29822,43,,,1,74,,29823,43,,,1,32,,29824,43,,,1,72,,29825,43,,,1,32,,29826,43,,,1,72,,29827,43,,,1,72,,29828,43,,,1,34,,29829,43,,,1,75,,29830,43,,,1,34,,29831,43,,,1,72,,29832,43,,,1,31,,29833,43,,,1,71,,29834,43,,,1,32,,29835,43,,,1,69,,29836,43,,,1,30,,29837,43,,,1,70,,29838,43,,,1,28,,29839,43,,,1,67,,29840,43,,,1,27,,29841,43,,,1,65,,29842,43,,,1,26,,29843,43,,,1,25,,29844,43,,,1
501,'MASaturday',600,,29845,43,,,1,27,,29846,43,,,1,26,,29847,43,,,1,66,,29848,43,,,1,28,,29849,43,,,1,68,,29850,43,,,1,29,,29851,43,,,1,69,,29852,43,,,1,29,,29853,43,,,1,60,,29854,43,,,1,20,,29855,43,,,1,24,,29856,43,,,1,64,,29857,43,,,1,28,,29858,43,,,1,66,,29859,43,,,1,27,,29860,43,,,1,26,,29861,43,,,1,66,,29862,43,,,1,26,,29863,43,,,1,66,,29864,43,,,1,26,,29865,43,,,1,66,,29866,43,,,1,26,,29867,43,,,1,26,,29868,43,,,1,66,,29869,43,,,1,26,,29870,43,,,1,66,,29871,43,,,1,26,,29872,43,,,1,65,,29873,43,,,1,26,,29874,43,,,1,25,,29875,43,,,1,65,,29876,43,,,1,25,,29877,43,,,1,64,,29878,43,,,1,25,,29879,43,,,1,65,,29880,43,,,1,24,,29881,43,,,1,22,,29882,43,,,1,60,,29883,43,,,1,22,,29884,43,,,1,73,,29885,43,,,1,31,,29886,43,,,1,75,,29887,43,,,1,35,,29888,43,,,1,78,,29889,43,,,1
501,'MASunday',745,,29890,43,,,1,66,,29891,43,,,1,30,,29892,43,,,1,70,,29893,43,,,1,34,,29894,43,,,1,70,,29895,43,,,1,30,,29896,43,,,1,72,,29897,43,,,1,30,,29898,43,,,1,74,,29899,43,,,1,32,,29900,43,,,1,72,,29901,43,,,1,32,,29902,43,,,1,72,,29903,43,,,1,72,,29904,43,,,1,34,,29905,43,,,1,75,,29906,43,,,1,34,,29907,43,,,1,72,,29908,43,,,1,31,,29909,43,,,1,71,,29910,43,,,1,32,,29911,43,,,1,69,,29912,43,,,1,30,,29913,43,,,1,70,,29914,43,,,1,28,,29915,43,,,1,67,,29916,43,,,1,27,,29917,43,,,1,65,,29918,43,,,1,26,,29919,43,,,1,25,,29920,43,,,1
501,'MAWeekday',433,,29921,43,,,1,68,,29922,43,,,1,29,,29923,43,,,1,25,,29924,43,,,1,63,,29925,43,,,1,17,,29926,43,,,1,16,,29927,43,,,1,54,,29928,43,,,1,14,,29929,43,,,1,14,,29930,43,,,1,16,,29931,43,,,1,55,,29932,43,,,1,16,,29933,43,,,1,14,,29934,43,,,1,14,,29935,43,,,1,55,,29936,43,,,1,14,,29937,43,,,1,16,,29938,43,,,1,14,,29939,43,,,1,55,,29940,43,,,1,16,,29941,43,,,1,14,,29942,43,,,1,15,,29943,43,,,1,54,,29944,43,,,1,15,,29945,43,,,1,15,,29946,43,,,1,14,,29947,43,,,1,55,,29948,43,,,1,15,,29949,43,,,1,15,,29950,43,,,1,15,,29951,43,,,1,55,,29952,43,,,1,16,,29953,43,,,1,15,,29954,43,,,1,16,,29955,43,,,1,54,,29956,43,,,1,14,,29957,43,,,1,15,,29958,43,,,1,14,,29959,43,,,1,14,,29960,43,,,1,55,,29961,43,,,1,16,,29962,43,,,1,16,,29963,43,,,1,56,,29964,43,,,1,15,,29965,43,,,1,16,,29966,43,,,1,15,,29967,43,,,1,56,,29968,43,,,1,15,,29969,43,,,1,16,,29970,43,,,1,15,,29971,43,,,1,55,,29972,43,,,1,15,,29973,43,,,1,15,,29974,43,,,1,15,,29975,43,,,1,54,,29976,43,,,1,21,,29977,43,,,1,25,,29978,43,,,1,63,,29979,43,,,1,24,,29980,43,,,1,67,,29981,43,,,1,27,,29982,43,,,1,70,,29983,43,,,1,29,,29984,43,,,1,76,,29985,43,,,1,35,,29986,43,,,1,76,,29987,43,,,1,35,,29988,43,,,1,75,,29989,43,,,1,75,,29990,43,,,1
3101,'CPHoliday1',655,,35088,3,,,1,100,,35089,3,,,1,70,,35090,3,,,1,31,,35091,3,,,1,70,,35092,3,,,1,30,,35093,3,,,1,70,,35094,3,,,1,30,,35095,3,,,1,70,,35096,3,,,1,30,,35097,3,,,1,70,,35098,3,,,1,30,,35099,3,,,1,70,,35100,3,,,1,30,,35101,3,,,1,69,,35102,3,,,1,30,,35103,3,,,1,70,,35104,3,,,1,30,,35105,3,,,1,70,,35106,3,,,1,31,,35107,3,,,1,70,,35108,3,,,1,30,,35109,3,,,1,70,,35110,3,,,1,31,,35111,3,,,1,70,,35112,3,,,1,30,,35113,3,,,1,71,,35114,3,,,1,30,,35115,3,,,1,70,,35116,3,,,1,30,,35117,3,,,1
3101,'CPSaturday',546,,35118,3,,,1,100,,35119,3,,,1,110,,35120,3,,,1,70,,35121,3,,,1,30,,35122,3,,,1,69,,35123,3,,,1,30,,35124,3,,,1,70,,35125,3,,,1,30,,35126,3,,,1,70,,35127,3,,,1,30,,35128,3,,,1,70,,35129,3,,,1,30,,35130,3,,,1,70,,35131,3,,,1,30,,35132,3,,,1,70,,35133,3,,,1,30,,35134,3,,,1,70,,35135,3,,,1,30,,35136,3,,,1,71,,35137,3,,,1,30,,35138,3,,,1,70,,35139,3,,,1,30,,35140,3,,,1,70,,35141,3,,,1,30,,35142,3,,,1,70,,35143,3,,,1,30,,35144,3,,,1,70,,35145,3,,,1,30,,35146,3,,,1,70,,35147,3,,,1,31,,35148,3,,,1,75,,35149,3,,,1,18,,35150,3,,,1
3101,'CPSunday',655,,35151,3,,,1,100,,35152,3,,,1,70,,35153,3,,,1,31,,35154,3,,,1,70,,35155,3,,,1,30,,35156,3,,,1,70,,35157,3,,,1,30,,35158,3,,,1,70,,35159,3,,,1,30,,35160,3,,,1,70,,35161,3,,,1,30,,35162,3,,,1,70,,35163,3,,,1,30,,35164,3,,,1,69,,35165,3,,,1,30,,35166,3,,,1,70,,35167,3,,,1,30,,35168,3,,,1,70,,35169,3,,,1,31,,35170,3,,,1,70,,35171,3,,,1,30,,35172,3,,,1,70,,35173,3,,,1,31,,35174,3,,,1,70,,35175,3,,,1,30,,35176,3,,,1,71,,35177,3,,,1,30,,35178,3,,,1,70,,35179,3,,,1,30,,35180,3,,,1
3101,'CPWeekday',410,,35181,3,,,1,27,,35182,3,,,1,70,,35183,3,,,1,33,,35184,3,,,1,70,,35185,3,,,1,32,,35186,3,,,1,66,,35187,3,,,1,18,,35188,3,,,1,15,,35189,3,,,1,69,,35190,3,,,1,17,,35191,3,,,1,24,,35192,3,,,1,62,,35193,3,,,1,35,,35194,3,,,1,75,,35195,3,,,1,30,,35196,3,,,1,70,,35197,3,,,1,29,,35198,3,,,1,70,,35199,3,,,1,32,,35200,3,,,1,70,,35201,3,,,1,29,,35202,3,,,1,70,,35203,3,,,1,30,,35204,3,,,1,60,,35205,3,,,1,15,,35206,3,,,1,22,,35207,3,,,1,61,,35208,3,,,1,19,,35209,3,,,1,19,,35210,3,,,1,63,,35211,3,,,1,18,,35212,3,,,1,18,,35213,3,,,1,61,,35214,3,,,1,21,,35215,3,,,1,26,,35216,3,,,1,69,,35217,3,,,1,31,,35218,3,,,1,70,,35219,3,,,1,31,,35220,3,,,1,70,,35221,3,,,1,30,,35222,3,,,1,70,,35223,3,,,1,30,,35224,3,,,1,70,,35225,3,,,1,31,,35226,3,,,1,70,,35227,3,,,1,30,,35228,3,,,1,71,,35229,3,,,1,27,,35230,3,,,1
