1300,'CPHoliday1',646,,31858,29,,,1,75,,31859,29,,,1,36,,31860,29,,,1,75,,31861,29,,,1,76,,31862,29,,,1,37,,31863,29,,,1,79,,31864,29,,,1,79,,31865,29,,,1,37,,31866,29,,,1,81,,31867,29,,,1,80,,31868,29,,,1,41,,31869,29,,,1,80,,31870,29,,,1,79,,31871,29,,,1,41,,31872,29,,,1,80,,31873,29,,,1,79,,31874,29,,,1,40,,31875,29,,,1,80,,31876,29,,,1,79,,31877,29,,,1,38,,31878,29,,,1,79,,31879,29,,,1,40,,31880,29,,,1,79,,31881,29,,,1,85,,31882,29,,,1,95,,31883,29,,,1,94,,31884,29,,,1,94,,31885,29,,,1,54,,31886,29,,,1
1300,'CPSaturday',453,,31887,29,,,1,73,,31888,29,,,1,32,,31889,29,,,1,74,,31890,29,,,1,75,,31891,29,,,1,36,,31892,29,,,1,76,,31893,29,,,1,36,,31894,29,,,1,79,,31895,29,,,1,66,,31896,29,,,1,29,,31897,29,,,1,71,,31898,29,,,1,30,,31899,29,,,1,73,,31900,29,,,1,31,,31901,29,,,1,72,,31902,29,,,1,34,,31903,29,,,1,73,,31904,29,,,1,31,,31905,29,,,1,72,,31906,29,,,1,30,,31907,29,,,1,70,,31908,29,,,1,30,,31909,29,,,1,71,,31910,29,,,1,32,,31911,29,,,1,71,,31912,29,,,1,30,,31913,29,,,1,72,,31914,29,,,1,29,,31915,29,,,1,69,,31916,29,,,1,29,,31917,29,,,1,69,,31918,29,,,1,38,,31919,29,,,1,90,,31920,29,,,1,89,,31921,29,,,1,89,,31922,29,,,1,89,,31923,29,,,1,89,,31924,29,,,1
1300,'CPSunday',646,,31925,29,,,1,75,,31926,29,,,1,36,,31927,29,,,1,75,,31928,29,,,1,76,,31929,29,,,1,37,,31930,29,,,1,79,,31931,29,,,1,79,,31932,29,,,1,37,,31933,29,,,1,81,,31934,29,,,1,80,,31935,29,,,1,41,,31936,29,,,1,80,,31937,29,,,1,79,,31938,29,,,1,41,,31939,29,,,1,80,,31940,29,,,1,79,,31941,29,,,1,40,,31942,29,,,1,80,,31943,29,,,1,79,,31944,29,,,1,38,,31945,29,,,1,79,,31946,29,,,1,40,,31947,29,,,1,79,,31948,29,,,1,85,,31949,29,,,1,95,,31950,29,,,1,94,,31951,29,,,1,94,,31952,29,,,1,54,,31953,29,,,1
1300,'CPWeekday',455,,31954,29,,,1,60,,31955,29,,,1,28,,31956,29,,,1,65,,31957,29,,,1,28,,31958,29,,,1,66,,31959,29,,,1,26,,31960,29,,,1,28,,31961,29,,,1,70,,31962,29,,,1,26,,31963,29,,,1,66,,31964,29,,,1,25,,31965,29,,,1,65,,31966,29,,,1,23,,31967,29,,,1,25,,31968,29,,,1,65,,31969,29,,,1,25,,31970,29,,,1,66,,31971,29,,,1,26,,31972,29,,,1,65,,31973,29,,,1,25,,31974,29,,,1,26,,31975,29,,,1,66,,31976,29,,,1,29,,31977,29,,,1,66,,31978,29,,,1,25,,31979,29,,,1,65,,31980,29,,,1,23,,31981,29,,,1,24,,31982,29,,,1,64,,31983,29,,,1,23,,31984,29,,,1,62,,31985,29,,,1,24,,31986,29,,,1,23,,31987,29,,,1,62,,31988,29,,,1,20,,31989,29,,,1,22,,31990,29,,,1,63,,31991,29,,,1,25,,31992,29,,,1,68,,31993,29,,,1,30,,31994,29,,,1,69,,31995,29,,,1,50,,31996,29,,,1,87,,31997,29,,,1,90,,31998,29,,,1,89,,31999,29,,,1,95,,32000,29,,,1,95,,32001,29,,,1
1301,'CPHoliday1',728,,32002,25,,,1,77,,32003,25,,,1,37,,32004,25,,,1,76,,32005,25,,,1,36,,32006,25,,,1,78,,32007,25,,,1,78,,32008,25,,,1,42,,32009,25,,,1,80,,32010,25,,,1,80,,32011,25,,,1,40,,32012,25,,,1,80,,32013,25,,,1,80,,32014,25,,,1,40,,32015,25,,,1,80,,32016,25,,,1,80,,32017,25,,,1,40,,32018,25,,,1,80,,32019,25,,,1,80,,32020,25,,,1,39,,32021,25,,,1,78,,32022,25,,,1,80,,32023,25,,,1,34,,32024,25,,,1,75,,32025,25,,,1,95,,32026,25,,,1,94,,32027,25,,,1,95,,32028,25,,,1
1301,'CPSaturday',537,,32029,25,,,1,72,,32030,25,,,1,34,,32031,25,,,1,74,,32032,25,,,1,38,,32033,25,,,1,76,,32034,25,,,1,76,,32035,25,,,1,36,,32036,25,,,1,77,,32037,25,,,1,32,,32038,25,,,1,70,,32039,25,,,1,30,,32040,25,,,1,72,,32041,25,,,1,30,,32042,25,,,1,72,,32043,25,,,1,32,,32044,25,,,1,70,,32045,25,,,1,72,,32046,25,,,1,32,,32047,25,,,1,73,,32048,25,,,1,32,,32049,25,,,1,72,,32050,25,,,1,32,,32051,25,,,1,71,,32052,25,,,1,30,,32053,25,,,1,70,,32054,25,,,1,30,,32055,25,,,1,70,,32056,25,,,1,29,,32057,25,,,1,68,,32058,25,,,1,28,,32059,25,,,1,68,,32060,25,,,1,34,,32061,25,,,1,88,,32062,25,,,1,90,,32063,25,,,1,94,,32064,25,,,1
1301,'CPSunday',728,,32065,25,,,1,77,,32066,25,,,1,37,,32067,25,,,1,76,,32068,25,,,1,36,,32069,25,,,1,78,,32070,25,,,1,78,,32071,25,,,1,42,,32072,25,,,1,80,,32073,25,,,1,80,,32074,25,,,1,40,,32075,25,,,1,80,,32076,25,,,1,80,,32077,25,,,1,40,,32078,25,,,1,80,,32079,25,,,1,80,,32080,25,,,1,40,,32081,25,,,1,80,,32082,25,,,1,80,,32083,25,,,1,39,,32084,25,,,1,78,,32085,25,,,1,80,,32086,25,,,1,34,,32087,25,,,1,75,,32088,25,,,1,95,,32089,25,,,1,94,,32090,25,,,1,95,,32091,25,,,1
1301,'CPWeekday',445,,32092,25,,,1,61,,32093,25,,,1,22,,32094,25,,,1,20,,32095,25,,,1,66,,32096,25,,,1,27,,32097,25,,,1,65,,32098,25,,,1,28,,32099,25,,,1,67,,32100,25,,,1,24,,32101,25,,,1,25,,32102,25,,,1,68,,32103,25,,,1,25,,32104,25,,,1,64,,32105,25,,,1,26,,32106,25,,,1,25,,32107,25,,,1,65,,32108,25,,,1,26,,32109,25,,,1,65,,32110,25,,,1,24,,32111,25,,,1,64,,32112,25,,,1,25,,32113,25,,,1,25,,32114,25,,,1,69,,32115,25,,,1,20,,32116,25,,,1,60,,32117,25,,,1,23,,32118,25,,,1,24,,32119,25,,,1,64,,32120,25,,,1,25,,32121,25,,,1,64,,32122,25,,,1,25,,32123,25,,,1,23,,32124,25,,,1,64,,32125,25,,,1,24,,32126,25,,,1,64,,32127,25,,,1,23,,32128,25,,,1,22,,32129,25,,,1,61,,32130,25,,,1,25,,32131,25,,,1,70,,32132,25,,,1,29,,32133,25,,,1,69,,32134,25,,,1,23,,32135,25,,,1,25,,32136,25,,,1,90,,32137,25,,,1,89,,32138,25,,,1,95,,32139,25,,,1,95,,32140,25,,,1
4600,'CPHoliday1',806,,37451,4,,,1,40,,37452,4,,,1,80,,37453,4,,,1,80,,37454,4,,,1,40,,37455,4,,,1,80,,37456,4,,,1,80,,37457,4,,,1,40,,37458,4,,,1,82,,37459,4,,,1,82,,37460,4,,,1,42,,37461,4,,,1,83,,37462,4,,,1,82,,37463,4,,,1,42,,37464,4,,,1,82,,37465,4,,,1,82,,37466,4,,,1,82,,37467,4,,,1,44,,37468,4,,,1,84,,37469,4,,,1,83,,37470,4,,,1
4600,'CPSaturday',717,,37471,4,,,1,41,,37472,4,,,1,80,,37473,4,,,1,81,,37474,4,,,1,40,,37475,4,,,1,80,,37476,4,,,1,82,,37477,4,,,1,82,,37478,4,,,1,42,,37479,4,,,1,83,,37480,4,,,1,84,,37481,4,,,1,44,,37482,4,,,1,84,,37483,4,,,1,84,,37484,4,,,1,84,,37485,4,,,1,43,,37486,4,,,1,84,,37487,4,,,1,84,,37488,4,,,1,84,,37489,4,,,1,41,,37490,4,,,1,80,,37491,4,,,1,80,,37492,4,,,1,40,,37493,4,,,1
4600,'CPSunday',806,,37494,4,,,1,40,,37495,4,,,1,80,,37496,4,,,1,80,,37497,4,,,1,40,,37498,4,,,1,80,,37499,4,,,1,80,,37500,4,,,1,40,,37501,4,,,1,82,,37502,4,,,1,82,,37503,4,,,1,42,,37504,4,,,1,83,,37505,4,,,1,82,,37506,4,,,1,42,,37507,4,,,1,82,,37508,4,,,1,82,,37509,4,,,1,82,,37510,4,,,1,44,,37511,4,,,1,84,,37512,4,,,1,83,,37513,4,,,1
4600,'CPWeekday',456,,37540,4,,,1,91,,37539,4,,,1,80,,37535,4,,,1,83,,37541,4,,,1,44,,37536,4,,,1,87,,37538,4,,,1,85,,37542,4,,,1,85,,37537,4,,,1,44,,37519,4,,,1,84,,37530,4,,,1,84,,37527,4,,,1,85,,37531,4,,,1,44,,37526,4,,,1,86,,37528,4,,,1,88,,37529,4,,,1,88,,37532,4,,,1,88,,37523,4,,,1,46,,37521,4,,,1,86,,37533,4,,,1,86,,37520,4,,,1,84,,37534,4,,,1,43,,37522,4,,,1,84,,37524,4,,,1,82,,37525,4,,,1,42,,37514,4,,,1,81,,37517,4,,,1,80,,37516,4,,,1,38,,37515,4,,,1,77,,37518,4,,,1
4901,'CPWeekday',936,,37940,2,0,24 18 25 14 13 26,1,85,,37941,2,0,24 18 25 14 13 26,1,85,,37942,2,0,24 18 25 14 13 26,1,45,,37943,2,0,24 18 25 14 13 26,1,85,,37944,2,0,24 18 25 14 13 26,1,85,,37945,2,0,24 18 25 14 13 26,1,85,,37946,2,0,24 18 25 14 13 26,1,45,,37947,2,0,24 18 25 14 13 26,1,85,,37948,2,0,24 18 25 14 13 26,1
37300,'CPWeekday',726,,41802,14,,,1
