600,'CPHoliday1',815,,16019,42,,,1,42,,16020,42,,,1,81,,16021,42,,,1,84,,16022,42,,,1,82,,16023,42,,,1,45,,16024,42,,,1,87,,16025,42,,,1,86,,16026,42,,,1,89,,16027,42,,,1,48,,16028,42,,,1,87,,16029,42,,,1,89,,16030,42,,,1,88,,16031,42,,,1,87,,16032,42,,,1,43,,16033,42,,,1,82,,16034,42,,,1,81,,16035,42,,,1,41,,16036,42,,,1,79,,16037,42,,,1
600,'CPSaturday',543,,16038,42,,,1,79,,16039,42,,,1,78,,16040,42,,,1,39,,16041,42,,,1,82,,16042,42,,,1,81,,16043,42,,,1,42,,16044,42,,,1,82,,16045,42,,,1,88,,16046,42,,,1,44,,16047,42,,,1,85,,16048,42,,,1,87,,16049,42,,,1,86,,16050,42,,,1,84,,16051,42,,,1,44,,16052,42,,,1,85,,16053,42,,,1,85,,16054,42,,,1,44,,16055,42,,,1,83,,16056,42,,,1,84,,16057,42,,,1,84,,16058,42,,,1,42,,16059,42,,,1,83,,16060,42,,,1,83,,16061,42,,,1,40,,16062,42,,,1,80,,16063,42,,,1,80,,16064,42,,,1
600,'CPSunday',815,,16065,42,,,1,42,,16066,42,,,1,81,,16067,42,,,1,84,,16068,42,,,1,82,,16069,42,,,1,45,,16070,42,,,1,87,,16071,42,,,1,86,,16072,42,,,1,89,,16073,42,,,1,48,,16074,42,,,1,87,,16075,42,,,1,89,,16076,42,,,1,88,,16077,42,,,1,87,,16078,42,,,1,43,,16079,42,,,1,82,,16080,42,,,1,81,,16081,42,,,1,41,,16082,42,,,1,79,,16083,42,,,1
600,'CPWeekday',529,,16129,42,,,1,27,,16120,42,,,1,72,,16118,42,,,1,28,,16123,42,,,1,64,,16117,42,,,1,36,,16116,42,,,1,71,,16121,42,,,1,73,,16115,42,,,1,29,,16114,42,,,1,29,,16122,42,,,1,70,,16103,42,,,1,30,,16101,42,,,1,70,,16125,42,,,1,30,,16105,42,,,1,71,,16100,42,,,1,30,,16124,42,,,1,71,,16104,42,,,1,70,,16099,42,,,1,31,,16119,42,,,1,26,,16098,42,,,1,65,,16106,42,,,1,7,,16130,42,,,1,5,,16131,42,,,1,12,,16092,42,,,1,64,,16126,42,,,1,25,,16091,42,,,1,66,,16102,42,,,1,26,,16093,42,,,1,26,,16127,42,,,1,65,,16090,42,,,1,25,,16107,42,,,1,62,,16095,42,,,1,22,,16128,42,,,1,21,,16089,42,,,1,65,,16109,42,,,1,27,,16096,42,,,1,67,,16088,42,,,1,28,,16111,42,,,1,67,,16094,42,,,1,28,,16087,42,,,1,28,,16108,42,,,1,66,,16097,42,,,1,26,,16086,42,,,1,75,,16112,42,,,1,75,,16085,42,,,1,32,,16110,42,,,1,75,,16084,42,,,1,36,,16113,42,,,1
800,'CPSaturday',708,,16692,41,,,1,42,,16682,41,,,1,85,,16693,41,,,1,85,,16688,41,,,1,86,,16694,41,,,1,48,,16683,41,,,1,89,,16695,41,,,1,90,,16684,41,,,1,91,,16696,41,,,1,95,,16689,41,,,1,93,,16697,41,,,1,93,,16690,41,,,1,53,,16701,41,,,1,92,,16681,41,,,1,93,,16699,41,,,1,90,,16691,41,,,1,88,,16702,41,,,1,87,,16685,41,,,1,46,,16703,41,,,1,86,,16686,41,,,1,84,,16698,41,,,1,81,,16687,41,,,1,43,,16700,41,,,1
800,'CPWeekday',527,,16732,41,,,1,32,,16734,41,,,1,71,,16731,41,,,1,72,,16733,41,,,1,36,,16728,41,,,1,78,,16729,41,,,1,39,,16730,41,,,1,76,,16725,41,,,1,74,,16726,41,,,1,36,,16727,41,,,1,76,,16724,41,,,1,35,,16723,41,,,1,75,,16722,41,,,1,77,,16721,41,,,1,37,,16720,41,,,1,80,,16719,41,,,1,84,,16718,41,,,1,17,,16736,28,,,1,12,,16738,27,,,1,7,,16735,41,,,1,4,,16739,41,,,1,3,,16717,41,,,1,11,,16737,41,,,1,66,,16716,41,,,1,80,,16715,41,,,1,40,,16709,41,,,1,78,,16714,41,,,1,32,,16708,41,,,1,73,,16704,41,,,1,72,,16713,41,,,1,42,,16706,41,,,1,82,,16711,41,,,1,82,,16707,41,,,1,42,,16712,41,,,1,80,,16705,41,,,1,82,,16710,41,,,1
2600,'CPHoliday1',638,,19886,8,,,1,65,,19887,8,,,1,26,,19889,17,,,1,25,,19890,17,,,1,66,,19891,17,,,1,26,,19892,17,,,1,67,,19893,17,,,1,28,,19894,17,,,1,69,,19895,17,,,1,28,,19896,17,,,1,68,,19897,17,,,1,29,,19898,17,,,1,67,,19899,17,,,1,21,,19900,17,,,1,20,,19901,17,,,1,62,,19902,17,,,1,24,,19903,17,,,1,24,,19904,17,,,1,65,,19905,17,,,1,22,,19906,17,,,1,62,,19907,17,,,1,22,,19908,17,,,1,22,,19909,17,,,1,64,,19910,17,,,1,25,,19911,17,,,1,23,,19912,17,,,1,64,,19913,17,,,1,24,,19914,17,,,1,62,,19915,17,,,1,22,,19916,17,,,1,22,,19917,17,,,1,61,,19918,17,,,1,21,,19919,17,,,1,66,,19920,17,,,1,28,,19921,17,,,1,26,,19922,17,,,1,68,,19923,17,,,1,27,,19924,17,,,1,65,,19925,17,,,1,26,,19926,17,,,1,66,,19927,17,,,1,26,,19928,17,,,1,26,,19929,17,,,1,64,,19930,17,,,1,23,,19931,17,,,1,64,,19932,17,,,1
2600,'CPSaturday',450,,19933,17,,,1,60,,19934,17,,,1,21,,19935,17,,,1,20,,19936,17,,,1,64,,19937,17,,,1,22,,19938,17,,,1,22,,19939,17,,,1,63,,19940,17,,,1,22,,19941,17,,,1,63,,19942,17,,,1,22,,19943,17,,,1,22,,19944,17,,,1,65,,19945,17,,,1,24,,19946,17,,,1,65,,19947,17,,,1,25,,19948,17,,,1,18,,19949,17,,,1,59,,19950,17,,,1,19,,19951,17,,,1,20,,19952,17,,,1,60,,19953,17,,,1,19,,19954,17,,,1,18,,19955,17,,,1,58,,19956,17,,,1,16,,19957,17,,,1,16,,19958,17,,,1,16,,19959,17,,,1,56,,19960,17,,,1,14,,19961,17,,,1,14,,19962,17,,,1,14,,19963,17,,,1,54,,19964,17,,,1,14,,19965,17,,,1,14,,19966,17,,,1,14,,19967,17,,,1,14,,19968,17,,,1,54,,19969,17,,,1,14,,19970,17,,,1,14,,19971,17,,,1,15,,19972,17,,,1,55,,19973,17,,,1,14,,19974,17,,,1,15,,19975,17,,,1,15,,19976,17,,,1,54,,19977,17,,,1,14,,19978,17,,,1,14,,19979,17,,,1,14,,19980,17,,,1,52,,19981,17,,,1,12,,19982,17,,,1,12,,19983,17,,,1,16,,19984,17,,,1,63,,19985,17,,,1,24,,19986,17,,,1,24,,19987,17,,,1,63,,19988,17,,,1,20,,19989,17,,,1,18,,19990,17,,,1,57,,19991,17,,,1,17,,19992,17,,,1,18,,19993,17,,,1,62,,19994,17,,,1,24,,19995,17,,,1,24,,19996,17,,,1,66,,19997,17,,,1,28,,19998,17,,,1,65,,19999,17,,,1,22,,20000,17,,,1,20,,20001,17,,,1,59,,20002,17,,,1,20,,20003,17,0,32 33 34 35 36 37,1
2600,'CPSunday',638,,20004,8,,,1,65,,20005,8,,,1,26,,20007,17,,,1,25,,20008,17,,,1,66,,20009,17,,,1,26,,20010,17,,,1,67,,20011,17,,,1,28,,20012,17,,,1,69,,20013,17,,,1,28,,20014,17,,,1,68,,20015,17,,,1,29,,20016,17,,,1,67,,20017,17,,,1,21,,20018,17,,,1,20,,20019,17,,,1,62,,20020,17,,,1,24,,20021,17,,,1,24,,20022,17,,,1,65,,20023,17,,,1,22,,20024,17,,,1,62,,20025,17,,,1,22,,20026,17,,,1,22,,20027,17,,,1,64,,20028,17,,,1,25,,20029,17,,,1,23,,20030,17,,,1,64,,20031,17,,,1,24,,20032,17,,,1,62,,20033,17,,,1,22,,20034,17,,,1,22,,20035,17,,,1,61,,20036,17,,,1,21,,20037,17,,,1,66,,20038,17,,,1,28,,20039,17,,,1,26,,20040,17,,,1,68,,20041,17,,,1,27,,20042,17,,,1,65,,20043,17,,,1,26,,20044,17,,,1,66,,20045,17,,,1,26,,20046,17,,,1,26,,20047,17,,,1,64,,20048,17,,,1,23,,20049,17,,,1,64,,20050,17,,,1
30201,'CPWeekday',1448,,27828,28,,,1,7,,27827,28,,,1
31201,'CPWeekday',1516,,27834,19,,,1
