701,'CPWeekday',236,,30425,33,,,1,77,,30426,33,,,1,87,,30427,33,,,1,42,,30428,33,,,1,66,,30438,33,,,1,24,,30435,33,,,1,175,,30429,33,,,1,42,,30437,33,,,1,63,,30436,33,,,1,132,,30430,33,,,1,278,,30431,33,,,1,284,,30432,33,,,1,299,,30433,33,,,1,240,,30434,33,,,1
701,'MAHoliday1',436,,30439,33,,,1,79,,30440,33,,,1,23,,30441,33,,,1,62,,30442,33,,,1,21,,30443,33,,,1,24,,30444,33,,,1,62,,30445,33,,,1,23,,30446,33,,,1,22,,30447,33,,,1,62,,30448,33,,,1,23,,30449,33,,,1,21,,30450,33,,,1,62,,30451,33,,,1,23,,30452,33,,,1,63,,30453,33,,,1,22,,30454,33,,,1,21,,30455,33,,,1,62,,30456,33,,,1,21,,30457,33,,,1,24,,30458,33,,,1,65,,30459,33,,,1,24,,30460,33,,,1,64,,30461,33,,,1,24,,30462,33,,,1,24,,30463,33,,,1,65,,30464,33,,,1,24,,30465,33,,,1,64,,30466,33,,,1,24,,30467,33,,,1,23,,30468,33,,,1,64,,30469,33,,,1,24,,30470,33,,,1,64,,30471,33,,,1,24,,30472,33,,,1,24,,30473,33,,,1,63,,30474,33,,,1,24,,30475,33,,,1,64,,30476,33,,,1,23,,30477,33,,,1,24,,30478,33,,,1,61,,30479,33,,,1,22,,30480,33,,,1,62,,30481,33,,,1,23,,30482,33,,,1,23,,30483,33,,,1,62,,30484,33,,,1,22,,30485,33,,,1,21,,30486,33,,,1,61,,30487,33,,,1,22,,30488,33,,,1,20,,30489,33,,,1,59,,30490,33,,,1
701,'MASaturday',429,,30491,33,,,1,20,,30492,33,,,1,61,,30493,33,,,1,22,,30494,33,,,1,21,,30495,33,,,1,62,,30496,33,,,1,23,,30497,33,,,1,63,,30498,33,,,1,23,,30499,33,,,1,22,,30500,33,,,1,62,,30501,33,,,1,21,,30502,33,,,1,23,,30503,33,,,1,65,,30504,33,,,1,24,,30505,33,,,1,65,,30506,33,,,1,27,,30507,33,,,1,25,,30508,33,,,1,63,,30509,33,,,1,25,,30510,33,,,1,65,,30511,33,,,1,24,,30512,33,,,1,65,,30513,33,,,1,27,,30514,33,,,1,25,,30515,33,,,1,64,,30516,33,,,1,24,,30517,33,,,1,66,,30518,33,,,1,26,,30519,33,,,1,25,,30520,33,,,1,65,,30521,33,,,1,25,,30522,33,,,1,64,,30523,33,,,1,24,,30524,33,,,1,23,,30525,33,,,1,64,,30526,33,,,1,25,,30527,33,,,1,66,,30528,33,,,1,24,,30529,33,,,1,22,,30530,33,,,1,62,,30531,33,,,1,22,,30532,33,,,1,59,,30533,33,,,1,21,,30534,33,,,1,23,,30535,33,,,1,64,,30536,33,,,1,23,,30537,33,,,1,22,,30538,33,,,1,61,,30539,33,,,1,19,,30540,33,,,1,20,,30541,33,,,1,60,,30542,33,,,1,22,,30543,33,,,1,21,,30544,33,,,1,59,,30545,33,,,1
701,'MASunday',436,,30546,33,,,1,79,,30547,33,,,1,23,,30548,33,,,1,62,,30549,33,,,1,21,,30550,33,,,1,24,,30551,33,,,1,62,,30552,33,,,1,23,,30553,33,,,1,22,,30554,33,,,1,62,,30555,33,,,1,23,,30556,33,,,1,21,,30557,33,,,1,62,,30558,33,,,1,23,,30559,33,,,1,63,,30560,33,,,1,22,,30561,33,,,1,21,,30562,33,,,1,62,,30563,33,,,1,21,,30564,33,,,1,24,,30565,33,,,1,65,,30566,33,,,1,24,,30567,33,,,1,64,,30568,33,,,1,24,,30569,33,,,1,24,,30570,33,,,1,65,,30571,33,,,1,24,,30572,33,,,1,64,,30573,33,,,1,24,,30574,33,,,1,23,,30575,33,,,1,64,,30576,33,,,1,24,,30577,33,,,1,64,,30578,33,,,1,24,,30579,33,,,1,24,,30580,33,,,1,63,,30581,33,,,1,24,,30582,33,,,1,64,,30583,33,,,1,23,,30584,33,,,1,24,,30585,33,,,1,61,,30586,33,,,1,22,,30587,33,,,1,62,,30588,33,,,1,23,,30589,33,,,1,23,,30590,33,,,1,62,,30591,33,,,1,22,,30592,33,,,1,21,,30593,33,,,1,61,,30594,33,,,1,22,,30595,33,,,1,20,,30596,33,,,1,59,,30597,33,,,1
701,'MAWeekday',554,,30598,33,,,1,64,,30599,33,,,1,27,,30635,33,,,1,83,,30600,33,,,1,106,,30601,33,,,1,24,,30602,33,,,1,63,,30634,33,,,1,92,,30603,33,,,1,28,,30636,33,,,1,65,,30604,33,,,1,26,,30605,33,,,1,25,,30606,33,,,1,91,,30607,33,,,1,64,,30608,33,,,1,19,,30637,33,,,1,20,,30609,33,,,1,64,,30610,33,,,1,25,,30611,33,,,1,91,,30612,33,,,1,28,,30613,33,,,1,67,,30614,33,,,1,25,,30615,33,,,1,65,,30616,33,,,1,26,,30617,33,,,1,88,,30618,33,,,1,23,,30619,33,,,1,64,,30620,33,,,1,23,,30621,33,,,1,62,,30622,33,,,1,20,,30623,33,,,1,86,,30624,33,,,1,22,,30625,33,,,1,22,,30626,33,,,1,75,,30627,33,,,1,74,,30628,33,,,1,32,,30629,33,,,1,76,,30630,33,,,1,37,,30631,33,,,1,72,,30632,33,,,1,38,,30633,33,,,1
3901,'CPHoliday1',710,,36282,7,,,1,40,,36277,7,,,1,80,,36271,7,,,1,80,,36268,7,,,1,42,,36283,7,,,1,82,,36280,7,,,1,84,,36272,7,,,1,85,,36267,7,,,1,45,,36284,7,,,1,85,,36278,7,,,1,85,,36273,7,,,1,85,,36266,7,,,1,45,,36285,7,,,1,85,,36279,7,,,1,85,,36274,7,,,1,85,,36265,7,,,1,45,,36286,7,,,1,84,,36275,7,,,1,82,,36270,7,,,1,42,,36264,7,,,1,79,,36281,7,,,1,80,,36276,7,,,1,36,,36269,7,,,1,70,,36263,7,,,1
3901,'CPSaturday',921,,36291,7,,,1,288,,36290,7,,,1,229,,36292,7,,,1,70,,36289,7,,,1,229,,36293,7,,,1,70,,36288,7,,,1,228,,36294,7,,,1,66,,36287,7,,,1
3901,'CPSunday',710,,36314,7,,,1,40,,36309,7,,,1,80,,36303,7,,,1,80,,36300,7,,,1,42,,36315,7,,,1,82,,36312,7,,,1,84,,36304,7,,,1,85,,36299,7,,,1,45,,36316,7,,,1,85,,36310,7,,,1,85,,36305,7,,,1,85,,36298,7,,,1,45,,36317,7,,,1,85,,36311,7,,,1,85,,36306,7,,,1,85,,36297,7,,,1,45,,36318,7,,,1,84,,36307,7,,,1,82,,36302,7,,,1,42,,36296,7,,,1,79,,36313,7,,,1,80,,36308,7,,,1,36,,36301,7,,,1,70,,36295,7,,,1
3901,'MASaturday',706,,36339,7,,,1,26,,36335,7,,,1,26,,36334,7,,,1,67,,36328,7,,,1,28,,36343,7,,,1,96,,36336,7,,,1,68,,36331,7,,,1,28,,36327,7,,,1,68,,36325,7,,,1,28,,36342,7,,,1,96,,36337,7,,,1,70,,36332,7,,,1,30,,36323,7,,,1,71,,36319,7,,,1,129,,36338,7,,,1,70,,36329,7,,,1,30,,36324,7,,,1,70,,36320,7,,,1,130,,36340,7,,,1,70,,36330,7,,,1,30,,36322,7,,,1,70,,36321,7,,,1,119,,36341,7,,,1,24,,36333,7,,,1,60,,36326,7,,,1
3901,'MAWeekday',439,,36344,7,,,1,15,,36345,7,,,1,56,,36346,7,,,1,15,,36347,7,,,1,16,,36348,7,,,1,18,,36349,7,,,1,59,,36350,7,,,1,22,,36351,7,,,1,64,,36352,7,,,1,24,,36353,7,,,1,23,,36354,7,,,1,60,,36355,7,,,1,19,,36356,7,,,1,19,,36357,7,,,1,62,,36358,7,,,1,24,,36359,7,,,1,75,,36360,7,,,1,36,,36361,7,,,1,76,,36362,7,,,1,36,,36363,7,,,1,76,,36364,7,,,1,75,,36365,7,,,1,36,,36366,7,,,1,61,,36367,7,,,1,22,,36368,7,,,1,20,,36369,7,,,1,61,,36370,7,,,1,21,,36371,7,,,1,21,,36372,7,,,1,62,,36373,7,,,1,22,,36374,7,,,1,22,,36375,7,,,1,59,,36376,7,,,1,17,,36377,7,,,1,18,,36378,7,,,1,59,,36379,7,,,1,20,,36380,7,,,1,19,,36381,7,,,1,61,,36382,7,,,1,22,,36383,7,,,1,23,,36384,7,,,1,73,,36385,7,,,1,79,,36386,7,,,1,39,,36387,7,,,1,78,,36388,7,,,1,77,,36389,7,,,1,38,,36390,7,,,1,78,,36391,7,,,1,38,,36392,7,,,1
4300,'CPWeekday',455,,36936,8,,,1,80,,36943,8,,,1,80,,36939,8,,,1,40,,36941,8,,,1,80,,36937,8,,,1,80,,36944,8,,,1,40,,36940,8,,,1,80,,36942,8,,,1,80,,36938,8,,,1
