1400,'CPWeekday',450,,17989,,,1,71,,17991,,,1,38,,17990,,,1,80,,17987,,,1,70,,17986,,,1,40,,17988,,,1,56,,17965,,,1,42,,17985,,,1,98,,17984,,,1,98,,17983,,,1,98,,17982,,,1,98,,17981,,,1,104,,17980,,,1,69,,17979,,,1,18,,17966,,,1,16,,17978,,,1,85,,17977,,,1,85,,17976,,,1,40,,17974,,,1,80,,17975,,,1,81,,17973,,,1,97,,17972,,,1,94,,17971,,,1,93,,17970,,,1,53,,17969,,,1,93,,17968,,,1,93,,17967,,,1
1401,'CPWeekday',518,,18017,4,,1,39,,18018,4,,1,77,,18016,4,,1,24,,18013,4,,1,84,,18014,4,,1,88,,18012,4,,1,14,,17992,4,,1,3,,18015,4,,1,96,,18011,4,,1,99,,18010,4,,1,96,,18009,4,,1,96,,18008,4,,1,96,,18007,4,,1,98,,18006,4,,1,28,,17993,4,,1,73,,18005,4,,1,76,,18004,4,,1,46,,18003,4,,1,79,,18002,4,,1,80,,18000,4,,1,37,,18001,4,,1,63,,17999,4,,1,93,,17998,4,,1,53,,17997,4,,1,93,,17996,4,,1,92,,17995,4,,1,93,,17994,4,,1
2900,'CPHoliday1',700,,20406,,,1,48,,20407,,,1,90,,20408,,,1,90,,20409,,,1,90,,20410,,,1,90,,20411,,,1,50,,20412,,,1,90,,20413,,,1,90,,20414,,,1,90,,20415,,,1,90,,20416,,,1,90,,20417,,,1,50,,20418,,,1,90,,20419,,,1,90,,20420,,,1,90,,20421,,,1,90,,20422,,,1,90,,20423,,,1,50,,20424,,,1,90,,20425,,,1,90,,20426,,,1,90,,20427,,,1,85,,20428,,,1
2900,'CPSaturday',420,,20429,,,1,30,,20430,,,1,70,,20431,,,1,32,,20432,,,1,72,,20433,,,1,32,,20434,,,1,74,,20435,,,1,74,,20436,,,1,34,,20437,,,1,74,,20438,,,1,34,,20439,,,1,74,,20440,,,1,34,,20441,,,1,74,,20442,,,1,74,,20443,,,1,34,,20444,,,1,74,,20445,,,1,36,,20446,,,1,76,,20447,,,1,36,,20448,,,1,76,,20449,,,1,76,,20450,,,1,36,,20451,,,1,76,,20452,,,1,36,,20453,,,1,76,,20454,,,1,76,,20455,,,1,36,,20456,,,1,74,,20457,,,1,34,,20458,,,1,88,,20459,,,1,88,,20460,,,1,88,,20461,,,1,91,,20462,,,1,91,,20463,,,1,51,,20464,,,1
2900,'CPSunday',700,,20465,,,1,48,,20466,,,1,90,,20467,,,1,90,,20468,,,1,90,,20469,,,1,90,,20470,,,1,50,,20471,,,1,90,,20472,,,1,90,,20473,,,1,90,,20474,,,1,90,,20475,,,1,90,,20476,,,1,50,,20477,,,1,90,,20478,,,1,90,,20479,,,1,90,,20480,,,1,90,,20481,,,1,90,,20482,,,1,50,,20483,,,1,90,,20484,,,1,90,,20485,,,1,90,,20486,,,1,85,,20487,,,1
2900,'CPWeekday',437,,20489,,,1,75,,20490,,,1,35,,20491,,,1,75,,20492,,,1,37,,20493,,,1,76,,20494,,,1,78,,20495,,,1,38,,20496,,,1,78,,20497,,,1,78,,20498,,,1,38,,20499,,,1,78,,20500,,,1,78,,20501,,,1,39,,20502,,,1,77,,20503,,,1,38,,20504,,,1,73,,20488,,,1,5,,20505,,,1,78,,20506,,,1,40,,20507,,,1,80,,20508,,,1,80,,20509,,,1,40,,20510,,,1,80,,20511,,,1,80,,20512,,,1,34,,20513,,,1,74,,20514,,,1,90,,20515,,,1,50,,20516,,,1,90,,20517,,,1,90,,20518,,,1,89,,20519,,,1,89,,20520,,,1
2901,'CPHoliday1',737,,20523,4,,1,90,,20524,4,,1,90,,20525,4,,1,90,,20526,4,,1,51,,20527,4,,1,91,,20528,4,,1,90,,20529,4,,1,89,,20530,4,,1,91,,20531,4,,1,90,,20532,4,,1,50,,20533,4,,1,90,,20534,4,,1,90,,20535,4,,1,90,,20536,4,,1,89,,20537,4,,1,87,,20538,4,,1,50,,20539,4,,1,89,,20540,4,,1,89,,20541,4,,1,89,,20542,4,,1,90,,20543,4,,1,90,,20544,4,,1,45,,20545,4,,1
2901,'CPSaturday',538,,20546,4,,1,72,,20547,4,,1,32,,20548,4,,1,76,,20549,4,,1,33,,20550,4,,1,74,,20551,4,,1,34,,20552,4,,1,75,,20553,4,,1,75,,20554,4,,1,35,,20555,4,,1,74,,20556,4,,1,34,,20557,4,,1,74,,20558,4,,1,74,,20559,4,,1,34,,20560,4,,1,74,,20561,4,,1,36,,20562,4,,1,76,,20563,4,,1,38,,20564,4,,1,76,,20565,4,,1,76,,20566,4,,1,36,,20567,4,,1,76,,20568,4,,1,35,,20569,4,,1,76,,20570,4,,1,74,,20571,4,,1,38,,20572,4,,1,78,,20573,4,,1,89,,20574,4,,1,90,,20575,4,,1,49,,20576,4,,1,89,,20577,4,,1,89,,20578,4,,1,89,,20579,4,,1
2901,'CPSunday',737,,20580,4,,1,90,,20581,4,,1,90,,20582,4,,1,90,,20583,4,,1,51,,20584,4,,1,91,,20585,4,,1,90,,20586,4,,1,89,,20587,4,,1,91,,20588,4,,1,90,,20589,4,,1,50,,20590,4,,1,90,,20591,4,,1,90,,20592,4,,1,90,,20593,4,,1,89,,20594,4,,1,87,,20595,4,,1,50,,20596,4,,1,89,,20597,4,,1,89,,20598,4,,1,89,,20599,4,,1,90,,20600,4,,1,90,,20601,4,,1,45,,20602,4,,1
2901,'CPWeekday',502,,20604,4,,1,32,,20605,4,,1,74,,20606,4,,1,39,,20607,4,,1,76,,20608,4,,1,33,,20603,4,,1,46,,20609,4,,1,36,,20610,4,,1,79,,20611,4,,1,36,,20612,4,,1,78,,20613,4,,1,78,,20614,4,,1,38,,20615,4,,1,79,,20616,4,,1,77,,20617,4,,1,38,,20618,4,,1,79,,20619,4,,1,39,,20620,4,,1,81,,20621,4,,1,78,,20622,4,,1,40,,20623,4,,1,79,,20624,4,,1,80,,20625,4,,1,39,,20626,4,,1,76,,20627,4,,1,78,,20628,4,,1,46,,20629,4,,1,89,,20630,4,,1,90,,20631,4,,1,89,,20632,4,,1,90,,20633,4,,1,90,,20634,4,,1,51,,20635,4,,1
4500,'CPHoliday1',805,,23036,,,1,35,,23037,,,1,75,,23038,,,1,35,,23034,,,1,78,,23035,,,1,78,,23025,,,1,38,,23026,,,1,80,,23030,,,1,80,,23027,,,1,40,,23029,,,1,80,,23028,,,1,80,,23024,,,1,40,,23023,,,1,80,,23033,,,1,80,,23020,,,1,40,,23021,,,1,80,,23031,,,1,80,,23018,,,1,38,,23022,,,1,78,,23032,,,1,38,,23017,,,1,78,,23019,,,1
4500,'CPSaturday',632,,23062,,,1,75,,23061,,,1,35,,23060,,,1,75,,23059,,,1,38,,23058,,,1,78,,23057,,,1,80,,23056,,,1,40,,23051,,,1,80,,23049,,,1,80,,23053,,,1,40,,23048,,,1,82,,23047,,,1,82,,23052,,,1,42,,23046,,,1,82,,23044,,,1,82,,23054,,,1,82,,23043,,,1,40,,23040,,,1,80,,23055,,,1,80,,23045,,,1,40,,23039,,,1,80,,23050,,,1,80,,23042,,,1,35,,23041,,,1
4500,'CPSunday',805,,23082,,,1,35,,23083,,,1,75,,23084,,,1,35,,23080,,,1,78,,23081,,,1,78,,23071,,,1,38,,23072,,,1,80,,23076,,,1,80,,23073,,,1,40,,23075,,,1,80,,23074,,,1,80,,23070,,,1,40,,23069,,,1,80,,23079,,,1,80,,23066,,,1,40,,23067,,,1,80,,23077,,,1,80,,23064,,,1,38,,23068,,,1,78,,23078,,,1,38,,23063,,,1,78,,23065,,,1
4500,'CPWeekday',451,,23086,,,1,79,,23087,,,1,16,,23088,0,11 28 12 13 14 29,1,60,,23089,,,1,17,,23090,0,11 28 12 13 14 29,1,15,,23091,,,1,18,,23092,0,11 28 12 13 14 29,1,62,,23093,,,1,18,,23094,0,11 28 12 13 14 29,1,20,,23095,,,1,60,,23096,0,11 28 12 13 14 29,1,20,,23097,,,1,20,,23098,0,11 28 12 13 14 29,1,60,,23099,,,1,20,,23100,,,1,20,,23101,,,1,70,,23102,,,1,76,,23103,,,1,32,,23104,,,1,72,,23105,,,1,32,,23106,,,1,72,,23107,,,1,32,,23108,,,1,72,,23109,0,11 28 12 13 14 29,1,24,,23110,,,1,64,,23111,0,11 28 12 13 14 29,1,14,,23112,,,1,14,,23113,0,11 28 12 13 14 29,1,18,,23114,,,1,60,,23115,0,11 28 12 13 14 29,1,20,,23116,,,1,15,,23085,,,1,5,,23117,0,11 28 12 13 14 29,1,60,,23118,,,1,18,,23119,0,11 28 12 13 14 29,1,18,,23120,,,1,58,,23121,0,11 28 12 13 14 29,1,18,,23122,,,1,18,,23123,0,11 28 12 13 14 29,1,62,,23124,,,1,26,,23125,,,1,26,,23126,,,1,60,,23127,,,1,20,,23128,,,1,20,,23129,,,1,60,,23130,,,1,20,,23131,,,1,76,,23132,,,1,36,,23133,,,1,76,,23134,,,1,36,,23135,,,1
4501,'CPHoliday1',828,,23156,4,,1,75,,23153,4,,1,38,,23155,4,,1,79,,23154,4,,1,38,,23152,4,,1,78,,23147,4,,1,80,,23148,4,,1,40,,23145,4,,1,78,,23144,4,,1,80,,23149,4,,1,40,,23146,4,,1,81,,23142,4,,1,80,,23150,4,,1,39,,23141,4,,1,80,,23139,4,,1,78,,23151,4,,1,40,,23137,4,,1,79,,23140,4,,1,79,,23143,4,,1,37,,23136,4,,1,78,,23138,4,,1
4501,'CPSaturday',622,,23180,4,,1,36,,23179,4,,1,75,,23178,4,,1,77,,23177,4,,1,37,,23176,4,,1,76,,23175,4,,1,79,,23174,4,,1,38,,23173,4,,1,83,,23170,4,,1,83,,23169,4,,1,40,,23166,4,,1,80,,23165,4,,1,83,,23167,4,,1,42,,23164,4,,1,81,,23163,4,,1,81,,23171,4,,1,42,,23160,4,,1,80,,23159,4,,1,81,,23168,4,,1,42,,23162,4,,1,80,,23157,4,,1,78,,23172,4,,1,36,,23161,4,,1,76,,23158,4,,1
4501,'CPSunday',828,,23201,4,,1,75,,23198,4,,1,38,,23200,4,,1,79,,23199,4,,1,38,,23197,4,,1,78,,23192,4,,1,80,,23193,4,,1,40,,23190,4,,1,78,,23189,4,,1,80,,23194,4,,1,40,,23191,4,,1,81,,23187,4,,1,80,,23195,4,,1,39,,23186,4,,1,80,,23184,4,,1,78,,23196,4,,1,40,,23182,4,,1,79,,23185,4,,1,79,,23188,4,,1,37,,23181,4,,1,78,,23183,4,,1
4501,'CPWeekday',519,,23202,4,,1,33,,23203,4,,1,73,,23204,4,,1,17,,23205,4,,1,66,,23206,4,,1,16,,23207,4,,1,26,,23208,4,,1,52,,23209,4,,1,28,,23210,4,,1,13,,23211,4,,1,67,,23212,4,,1,12,,23213,4,,1,25,,23214,4,,1,53,,23215,4,,1,27,,23216,4,,1,23,,23217,4,,1,76,,23218,4,,1,31,,23219,4,,1,72,,23220,4,,1,72,,23221,4,,1,32,,23222,4,,1,73,,23223,4,,1,24,,23224,4,,1,22,,23225,4,,1,60,,23226,4,,1,20,,23227,4,,1,69,,23228,4,,1,17,,23229,4,,1,24,,23230,4,,1,13,,23231,4,,1,62,,23232,4,,1,14,,23233,4,,1,22,,23234,4,,1,52,,23235,4,,1,22,,23236,4,,1,12,,23237,4,,1,63,,23238,4,,1,15,,23239,4,,1,19,,23240,4,,1,10,,23241,4,,1,60,,23242,4,,1,17,,23243,4,,1,18,,23244,4,,1,61,,23245,4,,1,20,,23246,4,,1,78,,23247,4,,1,37,,23248,4,,1,75,,23249,4,,1,36,,23250,4,,1
