'25DE22-CPBlock-Holiday1-14',400,84200,4,'',1,8000,4,'',1,8100,4,'',1,4400,4,'',1,8300,4,'',1,8500,4,'',1,8500,4,'',1,4500,4,'',1,8600,4,'',1,8600,4,'',1,8700,4,'',1,4600,4,'',1,8600,4,'',1,8500,4,'',1,8300,4,'',1,4400,4,'',1,7900,4,'',1
'25DE22-CPBlock-Holiday1-14',401,85200,,'',1,8200,,'',1,8200,,'',1,4300,,'',1,8300,,'',1,8500,,'',1,8500,,'',1,4600,,'',1,8600,,'',1,8600,,'',1,8600,,'',1,8500,,'',1,4500,,'',1,8400,,'',1,8400,,'',1,4400,,'',1,8000,,'',1
'25DE22-CPBlock-Holiday2-15',400,70100,4,'',1,4100,4,'',1,8000,4,'',1,8500,4,'',1,4500,4,'',1,8400,4,'',1,8400,4,'',1,8500,4,'',1,4600,4,'',1,8600,4,'',1,8600,4,'',1,8700,4,'',1,4600,4,'',1,8600,4,'',1,8600,4,'',1,8400,4,'',1,4400,4,'',1,8600,4,'',1,8400,4,'',1,8400,4,'',1,4300,4,'',1,8400,4,'',1
'25DE22-CPBlock-Holiday2-15',401,71100,,'',1,4200,,'',1,8300,,'',1,8300,,'',1,8400,,'',1,4400,,'',1,8400,,'',1,8400,,'',1,8600,,'',1,4600,,'',1,8600,,'',1,8600,,'',1,8600,,'',1,4600,,'',1,8600,,'',1,8500,,'',1,8500,,'',1,4400,,'',1,8400,,'',1,8300,,'',1,8300,,'',1,4400,,'',1
'25DE22-CPBlock-Holiday3-16',400,84200,4,'',1,8000,4,'',1,8100,4,'',1,4400,4,'',1,8300,4,'',1,8500,4,'',1,8500,4,'',1,4500,4,'',1,8600,4,'',1,8600,4,'',1,8700,4,'',1,4600,4,'',1,8600,4,'',1,8500,4,'',1,8300,4,'',1,4400,4,'',1,7900,4,'',1
'25DE22-CPBlock-Holiday3-16',401,85200,,'',1,8200,,'',1,8200,,'',1,4300,,'',1,8300,,'',1,8500,,'',1,8500,,'',1,4600,,'',1,8600,,'',1,8600,,'',1,8600,,'',1,8500,,'',1,4500,,'',1,8400,,'',1,8400,,'',1,4400,,'',1,8000,,'',1
'25DE22-CPBlock-Saturday-12',400,70100,4,'',1,4100,4,'',1,8000,4,'',1,8500,4,'',1,4500,4,'',1,8400,4,'',1,8400,4,'',1,8500,4,'',1,4600,4,'',1,8600,4,'',1,8600,4,'',1,8700,4,'',1,4600,4,'',1,8600,4,'',1,8600,4,'',1,8400,4,'',1,4400,4,'',1,8600,4,'',1,8400,4,'',1,8400,4,'',1,4300,4,'',1,8400,4,'',1
'25DE22-CPBlock-Saturday-12',401,71100,,'',1,4200,,'',1,8300,,'',1,8300,,'',1,8400,,'',1,4400,,'',1,8400,,'',1,8400,,'',1,8600,,'',1,4600,,'',1,8600,,'',1,8600,,'',1,8600,,'',1,4600,,'',1,8600,,'',1,8500,,'',1,8500,,'',1,4400,,'',1,8400,,'',1,8300,,'',1,8300,,'',1,4400,,'',1
'25DE22-CPBlock-Sunday-13',400,84200,4,'',1,8000,4,'',1,8100,4,'',1,4400,4,'',1,8300,4,'',1,8500,4,'',1,8500,4,'',1,4500,4,'',1,8600,4,'',1,8600,4,'',1,8700,4,'',1,4600,4,'',1,8600,4,'',1,8500,4,'',1,8300,4,'',1,4400,4,'',1,7900,4,'',1
'25DE22-CPBlock-Sunday-13',401,85200,,'',1,8200,,'',1,8200,,'',1,4300,,'',1,8300,,'',1,8500,,'',1,8500,,'',1,4600,,'',1,8600,,'',1,8600,,'',1,8600,,'',1,8500,,'',1,4500,,'',1,8400,,'',1,8400,,'',1,4400,,'',1,8000,,'',1
'25DE22-CPBlock-Weekday-11',400,54000,4,'',1,8400,4,'',1,8600,4,'',1,4500,4,'',1,8400,4,'',1,8400,4,'',1,8500,4,'',1,4400,4,'',1,8400,4,'',1,8600,4,'',1,8600,4,'',1,4700,4,'',1,8600,4,'',1,7400,4,'',1,3300,4,'',1,7600,4,'',1,3500,4,'',1,7600,4,'',1,7400,4,'',1,3400,4,'',1,7900,4,'',1,10000,4,'',1,10400,4,'',1,9800,4,'',1,10000,4,'',1
'25DE22-CPBlock-Weekday-11',401,51900,,'',1,3700,,'',1,8000,,'',1,8400,,'',1,8400,,'',1,4400,,'',1,8400,,'',1,8600,,'',1,8600,,'',1,4600,,'',1,8600,,'',1,8600,,'',1,8400,,'',1,4400,,'',1,7500,,'',1,7500,,'',1,3500,,'',1,7500,,'',1,3500,,'',1,7500,,'',1,3500,,'',1,7500,,'',1,10200,,'',1,10200,,'',1,10000,,'',1,10000,,'',1
