900,'CPHoliday1',710,,30770,20,,,1,48,,30769,20,,,1,86,,30768,20,,,1,92,,30767,20,,,1,91,,30764,20,,,1,74,,30760,20,,,1,32,,30759,20,,,1,75,,30765,20,,,1,40,,30755,20,,,1,74,,30758,20,,,1,37,,30763,20,,,1,78,,30756,20,,,1,78,,30751,20,,,1,38,,30761,20,,,1,78,,30749,20,,,1,77,,30753,20,,,1,37,,30766,20,,,1,74,,30748,20,,,1,37,,30752,20,,,1,76,,30762,20,,,1,76,,30747,20,,,1,49,,30757,20,,,1,90,,30746,20,,,1,88,,30754,20,,,1,88,,30745,20,,,1,88,,30750,20,,,1
900,'CPSaturday',701,,30803,20,,,1,33,,30801,20,,,1,74,,30802,20,,,1,32,,30800,20,,,1,74,,30789,20,,,1,33,,30790,20,,,1,75,,30792,20,,,1,35,,30780,20,,,1,76,,30779,20,,,1,75,,30794,20,,,1,37,,30786,20,,,1,80,,30778,20,,,1,78,,30797,20,,,1,39,,30783,20,,,1,79,,30777,20,,,1,79,,30796,20,,,1,39,,30785,20,,,1,79,,30776,20,,,1,35,,30793,20,,,1,79,,30782,20,,,1,73,,30775,20,,,1,36,,30791,20,,,1,77,,30787,20,,,1,34,,30773,20,,,1,74,,30795,20,,,1,74,,30781,20,,,1,34,,30774,20,,,1,74,,30798,20,,,1,33,,30784,20,,,1,71,,30772,20,,,1,30,,30799,20,,,1,71,,30788,20,,,1
900,'CPSunday',710,,30832,20,,,1,48,,30831,20,,,1,86,,30830,20,,,1,92,,30829,20,,,1,91,,30826,20,,,1,74,,30822,20,,,1,32,,30821,20,,,1,75,,30827,20,,,1,40,,30817,20,,,1,74,,30820,20,,,1,37,,30825,20,,,1,78,,30818,20,,,1,78,,30813,20,,,1,38,,30823,20,,,1,78,,30811,20,,,1,77,,30815,20,,,1,37,,30828,20,,,1,74,,30810,20,,,1,37,,30814,20,,,1,76,,30824,20,,,1,76,,30809,20,,,1,49,,30819,20,,,1,90,,30808,20,,,1,88,,30816,20,,,1,88,,30807,20,,,1,88,,30812,20,,,1
900,'CPWeekday',428,,30876,20,,,1,22,,30880,20,,,1,61,,30878,20,,,1,21,,30881,20,,,1,20,,30882,20,,,1,61,,30877,20,,,1,21,,30879,20,,,1,25,,30870,20,,,1,68,,30872,20,,,1,19,,30875,20,,,1,66,,30869,20,,,1,20,,30871,20,,,1,27,,30873,20,,,1,63,,30874,20,,,1,24,,30867,20,,,1,61,,30864,20,,,1,27,,30865,20,,,1,68,,30866,20,,,1,30,,30868,20,,,1,70,,30860,20,,,1,30,,30861,20,,,1,70,,30862,20,,,1,30,,30863,20,,,1,24,,30883,13,,,1,46,,30858,20,,,1,31,,30859,20,,,1,71,,30857,20,,,1,27,,30856,20,,,1,23,,30855,20,,,1,62,,30854,20,,,1,30,,30853,20,,,1,70,,30852,20,,,1,30,,30851,20,,,1,59,,30850,20,,,1,24,,30849,20,,,1,23,,30848,20,,,1,69,,30843,20,,,1,27,,30842,20,,,1,66,,30841,20,,,1,26,,30844,20,,,1,68,,30840,20,,,1,27,,30838,20,,,1,67,,30835,20,,,1,27,,30845,20,,,1,27,,30839,20,,,1,65,,30837,20,,,1,26,,30834,20,,,1,71,,30846,20,,,1,86,,30836,20,,,1,45,,30847,20,,,1
4601,'CPHoliday1',743,,37543,32,,,1,80,,37544,32,,,1,84,,37545,32,,,1,40,,37546,32,,,1,81,,37547,32,,,1,80,,37548,32,,,1,40,,37549,32,,,1,81,,37550,32,,,1,80,,37551,32,,,1,42,,37552,32,,,1,82,,37553,32,,,1,82,,37554,32,,,1,42,,37555,32,,,1,83,,37556,32,,,1,82,,37557,32,,,1,82,,37558,32,,,1,42,,37559,32,,,1,82,,37560,32,,,1,82,,37561,32,,,1,42,,37562,32,,,1,86,,37563,32,,,1
4601,'CPSaturday',655,,37564,32,,,1,81,,37565,32,,,1,81,,37566,32,,,1,41,,37567,32,,,1,80,,37568,32,,,1,82,,37569,32,,,1,81,,37570,32,,,1,42,,37571,32,,,1,82,,37572,32,,,1,82,,37573,32,,,1,42,,37574,32,,,1,86,,37575,32,,,1,85,,37576,32,,,1,84,,37577,32,,,1,44,,37578,32,,,1,84,,37579,32,,,1,84,,37580,32,,,1,41,,37581,32,,,1,84,,37582,32,,,1,84,,37583,32,,,1,82,,37584,32,,,1,40,,37585,32,,,1,80,,37586,32,,,1
4601,'CPSunday',743,,37587,32,,,1,80,,37588,32,,,1,84,,37589,32,,,1,40,,37590,32,,,1,81,,37591,32,,,1,80,,37592,32,,,1,40,,37593,32,,,1,81,,37594,32,,,1,80,,37595,32,,,1,42,,37596,32,,,1,82,,37597,32,,,1,82,,37598,32,,,1,42,,37599,32,,,1,83,,37600,32,,,1,82,,37601,32,,,1,82,,37602,32,,,1,42,,37603,32,,,1,82,,37604,32,,,1,82,,37605,32,,,1,42,,37606,32,,,1,86,,37607,32,,,1
4601,'CPWeekday',438,,37633,32,,,1,85,,37634,32,,,1,82,,37628,32,,,1,41,,37635,32,,,1,87,,37636,32,,,1,84,,37629,32,,,1,86,,37630,32,,,1,45,,37632,32,,,1,86,,37631,32,,,1,86,,37611,32,,,1,84,,37612,32,,,1,45,,37608,32,,,1,84,,37610,32,,,1,84,,37613,32,,,1,86,,37614,32,,,1,47,,37618,32,,,1,88,,37609,32,,,1,88,,37615,32,,,1,88,,37626,32,,,1,88,,37625,32,,,1,44,,37623,32,,,1,83,,37619,32,,,1,84,,37624,32,,,1,42,,37616,32,,,1,82,,37617,32,,,1,82,,37621,32,,,1,40,,37627,32,,,1,76,,37620,32,,,1,80,,37622,32,,,1
4801,'CPHoliday1',539,,37776,16,,,1,75,,37777,16,,,1,35,,37778,16,,,1,75,,37779,16,,,1,35,,37780,16,,,1,75,,37781,16,,,1,76,,37782,16,,,1,36,,37783,16,,,1,76,,37784,16,,,1,35,,37785,16,,,1,80,,37786,16,,,1,79,,37787,16,,,1,38,,37788,16,,,1,77,,37789,16,,,1,78,,37790,16,,,1,38,,37791,16,,,1,77,,37792,16,,,1,78,,37793,16,,,1,38,,37794,16,,,1,78,,37795,16,,,1,38,,37796,16,,,1,78,,37797,16,,,1,77,,37798,16,,,1,38,,37799,16,,,1,74,,37800,16,,,1,36,,37801,16,,,1,73,,37802,16,,,1,72,,37803,16,,,1,40,,37804,16,,,1
4801,'CPSaturday',513,,37805,16,,,1,35,,37806,16,,,1,76,,37807,16,,,1,35,,37808,16,,,1,76,,37809,16,,,1,76,,37810,16,,,1,36,,37811,16,,,1,76,,37812,16,,,1,78,,37813,16,,,1,38,,37814,16,,,1,79,,37815,16,,,1,38,,37816,16,,,1,78,,37817,16,,,1,78,,37818,16,,,1,38,,37819,16,,,1,78,,37820,16,,,1,78,,37821,16,,,1,38,,37822,16,,,1,80,,37823,16,,,1,80,,37824,16,,,1,40,,37825,16,,,1,79,,37826,16,,,1,80,,37827,16,,,1,40,,37828,16,,,1,80,,37829,16,,,1,78,,37830,16,,,1,36,,37831,16,,,1,74,,37832,16,,,1,35,,37833,16,,,1,74,,37834,16,,,1,35,,37835,16,,,1,74,,37836,16,,,1,75,,37837,16,,,1,30,,37838,16,,,1,70,,37839,16,,,1
4801,'CPSunday',539,,37840,16,,,1,75,,37841,16,,,1,35,,37842,16,,,1,75,,37843,16,,,1,35,,37844,16,,,1,75,,37845,16,,,1,76,,37846,16,,,1,36,,37847,16,,,1,76,,37848,16,,,1,35,,37849,16,,,1,80,,37850,16,,,1,79,,37851,16,,,1,38,,37852,16,,,1,77,,37853,16,,,1,78,,37854,16,,,1,38,,37855,16,,,1,77,,37856,16,,,1,78,,37857,16,,,1,38,,37858,16,,,1,78,,37859,16,,,1,38,,37860,16,,,1,78,,37861,16,,,1,77,,37862,16,,,1,38,,37863,16,,,1,74,,37864,16,,,1,36,,37865,16,,,1,73,,37866,16,,,1,72,,37867,16,,,1,40,,37868,16,,,1
4801,'CPWeekday',428,,37869,16,,,1,85,,37870,16,,,1,45,,37871,16,,,1,66,,37872,16,,,1,22,,37873,16,,,1,63,,37874,16,,,1,23,,37875,16,,,1,22,,37876,16,,,1,62,,37877,16,,,1,24,,37878,16,,,1,64,,37879,16,,,1,28,,37880,16,,,1,70,,37881,16,,,1,30,,37882,16,,,1,71,,37883,16,,,1,28,,37884,16,,,1,28,,37885,16,,,1,68,,37886,16,,,1,28,,37887,16,,,1,70,,37888,16,,,1,28,,37889,16,,,1,68,,37890,16,,,1,28,,37891,16,,,1,65,,37892,16,,,1,24,,37893,16,,,1,64,,37894,16,,,1,24,,37895,16,,,1,24,,37896,16,,,1,64,,37897,16,,,1,24,,37898,16,,,1,64,,37899,16,,,1,23,,37900,16,,,1,79,,37901,16,,,1,39,,37902,16,,,1,77,,37903,16,,,1,36,,37904,16,,,1,75,,37905,16,,,1,74,,37906,16,,,1,45,,37907,16,,,1,84,,37908,16,,,1,84,,37909,16,,,1,85,,37910,16,,,1,40,,37911,16,,,1
