400,'CPHoliday1',752,,29469,2,,,1,80,,29470,2,,,1,80,,29471,2,,,1,40,,29472,2,,,1,85,,29473,2,,,1,85,,29474,2,,,1,85,,29475,2,,,1,45,,29476,2,,,1,85,,29477,2,,,1,85,,29478,2,,,1,85,,29479,2,,,1,45,,29480,2,,,1,85,,29481,2,,,1,85,,29482,2,,,1,85,,29483,2,,,1,45,,29484,2,,,1,85,,29485,2,,,1
400,'CPSaturday',612,,29486,2,,,1,40,,29487,2,,,1,80,,29488,2,,,1,85,,29489,2,,,1,85,,29490,2,,,1,45,,29491,2,,,1,85,,29492,2,,,1,85,,29493,2,,,1,85,,29494,2,,,1,45,,29495,2,,,1,85,,29496,2,,,1,85,,29497,2,,,1,85,,29498,2,,,1,45,,29499,2,,,1,85,,29500,2,,,1,85,,29501,2,,,1,85,,29502,2,,,1,45,,29503,2,,,1,85,,29504,2,,,1,85,,29505,2,,,1,85,,29506,2,,,1,45,,29507,2,,,1
400,'CPSunday',752,,29508,2,,,1,80,,29509,2,,,1,80,,29510,2,,,1,40,,29511,2,,,1,85,,29512,2,,,1,85,,29513,2,,,1,85,,29514,2,,,1,45,,29515,2,,,1,85,,29516,2,,,1,85,,29517,2,,,1,85,,29518,2,,,1,45,,29519,2,,,1,85,,29520,2,,,1,85,,29521,2,,,1,85,,29522,2,,,1,45,,29523,2,,,1,85,,29524,2,,,1
400,'CPWeekday',452,,29526,2,,,1,85,,29527,2,,,1,85,,29528,2,,,1,85,,29529,2,,,1,44,,29530,2,,,1,84,,29531,2,,,1,84,,29532,2,,,1,84,,29533,2,,,1,44,,29534,2,,,1,84,,29535,2,,,1,84,,29536,2,,,1,44,,29537,2,,,1,84,,29538,2,,,1,70,,29539,2,,,1,30,,29540,2,,,1,78,,29541,2,,,1,38,,29542,2,,,1,78,,29543,2,,,1,76,,29544,2,,,1,36,,29545,2,,,1,80,,29546,2,,,1,104,,29547,2,,,1,104,,29548,2,,,1,100,,29549,2,,,1,100,,29550,2,,,1
2800,'CPWeekday',1616,,34437,8,,,1,15,,34438,8,,,1,16,,34439,8,,,1,57,,34440,8,,,1,19,,34441,8,,,1,10,,34399,8,,,1,13,,34442,8,,,1,55,,34443,8,,,1,14,,34444,8,,,1,18,,34445,8,,,1,18,,34446,8,,,1,55,,34447,8,,,1,20,,34448,8,,,1,20,,34449,8,,,1
2801,'CPWeekday',624,,34551,20,,,1,12,,34552,20,,,1,18,,34553,20,,,1,55,,34554,20,,,1,15,,34555,20,,,1,16,,34556,20,,,1,15,,34557,20,,,1,1,,34546,20,,,1,57,,34558,20,,,1,17,,34559,20,,,1,14,,34560,20,,,1,15,,34561,20,,,1
3800,'CPHoliday1',747,,35935,2,,,1,90,,35946,2,,,1,90,,35936,2,,,1,90,,35937,2,,,1,95,,35942,2,,,1,95,,35939,2,,,1,95,,35938,2,,,1,55,,35945,2,,,1,96,,35940,2,,,1,96,,35944,2,,,1,96,,35941,2,,,1,95,,35943,2,,,1,95,,35947,2,,,1,95,,35949,2,,,1,92,,35948,2,,,1
3800,'CPSaturday',632,,35964,2,,,1,75,,35965,2,,,1,30,,35966,2,,,1,70,,35967,2,,,1,30,,35968,2,,,1,70,,35969,2,,,1,32,,35970,2,,,1,72,,35971,2,,,1,32,,35972,2,,,1,74,,35973,2,,,1,34,,35974,2,,,1,74,,35975,2,,,1,75,,35976,2,,,1,35,,35977,2,,,1,75,,35978,2,,,1,35,,35979,2,,,1,75,,35980,2,,,1,35,,35981,2,,,1,74,,35950,2,,,1,74,,35951,2,,,1,34,,35952,2,,,1,74,,35953,2,,,1,32,,35954,2,,,1,72,,35955,2,,,1,32,,35956,2,,,1,72,,35957,2,,,1,32,,35958,2,,,1,72,,35959,2,,,1,30,,35960,2,,,1,70,,35961,2,,,1,28,,35962,2,,,1,66,,35963,2,,,1
3800,'CPSunday',747,,35982,2,,,1,90,,35993,2,,,1,90,,35983,2,,,1,90,,35984,2,,,1,95,,35989,2,,,1,95,,35986,2,,,1,95,,35985,2,,,1,55,,35992,2,,,1,96,,35987,2,,,1,96,,35991,2,,,1,96,,35988,2,,,1,95,,35990,2,,,1,95,,35994,2,,,1,95,,35996,2,,,1,92,,35995,2,,,1
3800,'CPWeekday',432,,36032,2,,,1,26,,36021,2,,,1,62,,36020,2,,,1,24,,36018,2,,,1,64,,36017,2,,,1,26,,36019,2,,,1,70,,36029,2,,,1,30,,36023,2,,,1,75,,36012,2,,,1,35,,36010,2,,,1,80,,36009,2,,,1,80,,36033,2,,,1,40,,36024,2,,,1,78,,36011,2,,,1,36,,36006,2,,,1,76,,36005,2,,,1,74,,36030,2,,,1,34,,36025,2,,,1,16,,36004,2,,,1,74,,36015,2,,,1,70,,36007,2,,,1,30,,36002,2,,,1,70,,36003,2,,,1,30,,36034,2,,,1,70,,36026,2,,,1,30,,36001,2,,,1,70,,36016,2,,,1,32,,36008,2,,,1,74,,35998,2,,,1,36,,36031,2,,,1,74,,36022,2,,,1,28,,35997,2,,,1,68,,36013,2,,,1,90,,35999,2,,,1,48,,36027,2,,,1,85,,36014,2,,,1,82,,36000,2,,,1
