700,'CPWeekday',225,,30208,1,,,1,80,,30209,1,,,1,40,,30210,1,,,1,80,,30211,1,,,1,82,,30212,1,,,1,40,,30221,1,,,1,58,,30218,1,,,1,134,,30213,1,,,1,86,,30220,1,,,1,20,,30219,1,,,1,180,,30214,1,,,1,275,,30215,1,,,1,250,,30216,1,,,1,295,,30217,1,,,1
700,'MAHoliday1',420,,30222,1,,,1,20,,30223,1,,,1,60,,30224,1,,,1,22,,30225,1,,,1,22,,30226,1,,,1,62,,30227,1,,,1,22,,30228,1,,,1,22,,30229,1,,,1,62,,30230,1,,,1,22,,30231,1,,,1,22,,30232,1,,,1,62,,30233,1,,,1,22,,30234,1,,,1,62,,30235,1,,,1,22,,30236,1,,,1,22,,30237,1,,,1,62,,30238,1,,,1,24,,30239,1,,,1,24,,30240,1,,,1,64,,30241,1,,,1,24,,30242,1,,,1,64,,30243,1,,,1,24,,30244,1,,,1,24,,30245,1,,,1,64,,30246,1,,,1,24,,30247,1,,,1,64,,30248,1,,,1,24,,30249,1,,,1,24,,30250,1,,,1,64,,30251,1,,,1,24,,30252,1,,,1,64,,30253,1,,,1,24,,30254,1,,,1,24,,30255,1,,,1,64,,30256,1,,,1,24,,30257,1,,,1,62,,30258,1,,,1,22,,30259,1,,,1,24,,30260,1,,,1,62,,30261,1,,,1,22,,30262,1,,,1,22,,30263,1,,,1,62,,30264,1,,,1,22,,30265,1,,,1,62,,30266,1,,,1,22,,30267,1,,,1,22,,30268,1,,,1,62,,30269,1,,,1,22,,30270,1,,,1,23,,30271,1,,,1,65,,30272,1,,,1,25,,30273,1,,,1,65,,30274,1,,,1,25,,30275,1,,,1
700,'MASaturday',345,,30276,1,,,1,62,,30277,1,,,1,22,,30278,1,,,1,22,,30279,1,,,1,62,,30280,1,,,1,22,,30281,1,,,1,22,,30282,1,,,1,62,,30283,1,,,1,22,,30284,1,,,1,62,,30285,1,,,1,22,,30286,1,,,1,25,,30287,1,,,1,65,,30288,1,,,1,25,,30289,1,,,1,65,,30290,1,,,1,25,,30291,1,,,1,24,,30292,1,,,1,64,,30293,1,,,1,24,,30294,1,,,1,64,,30295,1,,,1,24,,30296,1,,,1,25,,30297,1,,,1,65,,30298,1,,,1,25,,30299,1,,,1,65,,30300,1,,,1,25,,30301,1,,,1,65,,30302,1,,,1,25,,30303,1,,,1,25,,30304,1,,,1,65,,30305,1,,,1,25,,30306,1,,,1,65,,30307,1,,,1,25,,30308,1,,,1,25,,30309,1,,,1,65,,30310,1,,,1,25,,30311,1,,,1,65,,30312,1,,,1,25,,30313,1,,,1,65,,30314,1,,,1,22,,30315,1,,,1,22,,30316,1,,,1,62,,30317,1,,,1,22,,30318,1,,,1,22,,30319,1,,,1,62,,30320,1,,,1,22,,30321,1,,,1,22,,30322,1,,,1,62,,30323,1,,,1,22,,30324,1,,,1,60,,30325,1,,,1,20,,30326,1,,,1,20,,30327,1,,,1,60,,30328,1,,,1,20,,30329,1,,,1,20,,30330,1,,,1,60,,30331,1,,,1
700,'MASunday',420,,30332,1,,,1,20,,30333,1,,,1,60,,30334,1,,,1,22,,30335,1,,,1,22,,30336,1,,,1,62,,30337,1,,,1,22,,30338,1,,,1,22,,30339,1,,,1,62,,30340,1,,,1,22,,30341,1,,,1,22,,30342,1,,,1,62,,30343,1,,,1,22,,30344,1,,,1,62,,30345,1,,,1,22,,30346,1,,,1,22,,30347,1,,,1,62,,30348,1,,,1,24,,30349,1,,,1,24,,30350,1,,,1,64,,30351,1,,,1,24,,30352,1,,,1,64,,30353,1,,,1,24,,30354,1,,,1,24,,30355,1,,,1,64,,30356,1,,,1,24,,30357,1,,,1,64,,30358,1,,,1,24,,30359,1,,,1,24,,30360,1,,,1,64,,30361,1,,,1,24,,30362,1,,,1,64,,30363,1,,,1,24,,30364,1,,,1,24,,30365,1,,,1,64,,30366,1,,,1,24,,30367,1,,,1,62,,30368,1,,,1,22,,30369,1,,,1,24,,30370,1,,,1,62,,30371,1,,,1,22,,30372,1,,,1,22,,30373,1,,,1,62,,30374,1,,,1,22,,30375,1,,,1,62,,30376,1,,,1,22,,30377,1,,,1,22,,30378,1,,,1,62,,30379,1,,,1,22,,30380,1,,,1,23,,30381,1,,,1,65,,30382,1,,,1,25,,30383,1,,,1
700,'MAWeekday',445,,30422,1,,,1,84,,30384,1,,,1,98,,30385,1,,,1,24,,30386,1,,,1,64,,30421,1,,,1,88,,30387,1,,,1,104,,30388,1,,,1,24,,30389,1,,,1,26,,30390,1,,,1,94,,30391,1,,,1,66,,30423,1,,,1,26,,30392,1,,,1,66,,30393,1,,,1,26,,30394,1,,,1,89,,30395,1,,,1,24,,30396,1,,,1,64,,30424,1,,,1,24,,30397,1,,,1,64,,30398,1,,,1,25,,30399,1,,,1,90,,30400,1,,,1,25,,30401,1,,,1,65,,30402,1,,,1,25,,30403,1,,,1,25,,30404,1,,,1,65,,30405,1,,,1,87,,30406,1,,,1,22,,30407,1,,,1,22,,30408,1,,,1,62,,30409,1,,,1,25,,30410,1,,,1,70,,30411,1,,,1,30,,30412,1,,,1,65,,30413,1,,,1,25,,30414,1,,,1,30,,30415,1,,,1,70,,30416,1,,,1,72,,30417,1,,,1,35,,30418,1,,,1,75,,30419,1,,,1,35,,30420,1,,,1
2000,'CPHoliday1',730,,32922,1,,,1,25,,32923,1,,,1,65,,32924,1,,,1,26,,32925,1,,,1,68,,32926,1,,,1,28,,32927,1,,,1,68,,32928,1,,,1,28,,32929,1,,,1,70,,32930,1,,,1,30,,32931,1,,,1,72,,32932,1,,,1,32,,32933,1,,,1,72,,32934,1,,,1,32,,32935,1,,,1,72,,32936,1,,,1,32,,32937,1,,,1,72,,32938,1,,,1,32,,32939,1,,,1,72,,32940,1,,,1,32,,32941,1,,,1,72,,32942,1,,,1,70,,32943,1,,,1,30,,32944,1,,,1,70,,32945,1,,,1,28,,32946,1,,,1,28,,32947,1,,,1,68,,32948,1,,,1
2000,'CPSaturday',615,,32960,1,,,1,25,,32961,1,,,1,65,,32972,1,,,1,28,,32959,1,,,1,68,,32957,1,,,1,30,,32955,1,,,1,70,,32973,1,,,1,30,,32958,1,,,1,70,,32956,1,,,1,32,,32974,1,,,1,72,,32954,1,,,1,32,,32953,1,,,1,72,,32975,1,,,1,32,,32952,1,,,1,72,,32951,1,,,1,32,,32976,1,,,1,72,,32950,1,,,1,32,,32949,1,,,1,72,,32971,1,,,1,32,,32977,1,,,1,72,,32968,1,,,1,32,,32969,1,,,1,72,,32981,1,,,1,72,,32970,1,,,1,32,,32965,1,,,1,72,,32980,1,,,1,32,,32966,1,,,1,72,,32967,1,,,1,32,,32979,1,,,1,72,,32962,1,,,1,30,,32963,1,,,1,70,,32964,1,,,1,37,,32978,1,,,1
2000,'CPSunday',730,,32982,1,,,1,25,,32983,1,,,1,65,,32984,1,,,1,26,,32985,1,,,1,68,,32986,1,,,1,28,,32987,1,,,1,68,,32988,1,,,1,28,,32989,1,,,1,70,,32990,1,,,1,30,,32991,1,,,1,72,,32992,1,,,1,32,,32993,1,,,1,72,,32994,1,,,1,32,,32995,1,,,1,72,,32996,1,,,1,32,,32997,1,,,1,72,,32998,1,,,1,32,,32999,1,,,1,72,,33000,1,,,1,32,,33001,1,,,1,72,,33002,1,,,1,70,,33003,1,,,1,30,,33004,1,,,1,70,,33005,1,,,1,28,,33006,1,,,1,28,,33007,1,,,1,68,,33008,1,,,1
2000,'CPWeekday',439,,33048,1,,,1,20,,33047,1,,,1,60,,33053,1,,,1,22,,33046,1,,,1,62,,33045,1,,,1,22,,33038,1,,,1,22,,33054,1,,,1,64,,33041,1,,,1,24,,33035,1,,,1,65,,33034,1,,,1,23,,33049,1,,,1,24,,33037,1,,,1,64,,33033,1,,,1,24,,33030,1,,,1,24,,33051,1,,,1,64,,33039,1,,,1,24,,33021,1,,,1,64,,33023,1,,,1,24,,33050,1,,,1,24,,33036,1,,,1,64,,33024,1,,,1,24,,33020,1,,,1,64,,33052,1,,,1,25,,33040,1,,,1,65,,33025,1,,,1,25,,33018,1,,,1,25,,33057,1,,,1,60,,33019,1,,,1,20,,33044,1,,,1,20,,33026,1,,,1,62,,33015,1,,,1,22,,33055,1,,,1,22,,33014,1,,,1,62,,33042,1,,,1,22,,33022,1,,,1,62,,33016,1,,,1,20,,33056,1,,,1,20,,33013,1,,,1,58,,33043,1,,,1,18,,33031,1,,,1,18,,33017,1,,,1,78,,33012,1,,,1,40,,33027,1,,,1,80,,33011,1,,,1,80,,33028,1,,,1,40,,33010,1,,,1,80,,33032,1,,,1,76,,33009,1,,,1,36,,33029,1,,,1
35600,'CPWeekday',728,,41799,1,,,1
35601,'CPWeekday',1401,,41800,14,4,,1
