1000,'CPHoliday1',825,,17097,46,,,1,31,,17096,46,,,1,72,,17095,46,,,1,73,,17094,46,,,1,33,,17093,46,,,1,73,,17092,46,,,1,36,,17091,46,,,1,75,,17090,46,,,1,35,,17089,46,,,1,75,,17088,46,,,1,76,,17087,46,,,1,36,,17086,46,,,1,77,,17085,46,,,1,35,,17084,46,,,1,75,,17083,46,,,1,75,,17082,46,,,1,36,,17078,46,,,1,73,,17080,46,,,1,36,,17077,46,,,1,75,,17076,46,,,1,33,,17075,46,,,1,74,,17081,46,,,1,74,,17074,46,,,1,34,,17072,46,,,1,73,,17071,46,,,1,31,,17079,46,,,1,72,,17073,46,,,1,30,,17070,46,,,1
1000,'CPSaturday',636,,17138,46,,,1,65,,17135,46,,,1,25,,17133,46,,,1,25,,17137,46,,,1,65,,17136,46,,,1,26,,17134,46,,,1,67,,17131,46,,,1,27,,17132,46,,,1,67,,17129,46,,,1,27,,17130,46,,,1,28,,17128,46,,,1,68,,17127,46,,,1,27,,17126,46,,,1,68,,17125,46,,,1,29,,17124,46,,,1,69,,17123,46,,,1,28,,17122,46,,,1,69,,17121,46,,,1,29,,17120,46,,,1,69,,17119,46,,,1,30,,17118,46,,,1,69,,17117,46,,,1,29,,17112,46,,,1,69,,17111,46,,,1,29,,17107,46,,,1,68,,17115,46,,,1,28,,17106,46,,,1,68,,17105,46,,,1,28,,17108,46,,,1,68,,17102,46,,,1,25,,17116,46,,,1,26,,17103,46,,,1,66,,17099,46,,,1,26,,17109,46,,,1,67,,17101,46,,,1,26,,17114,46,,,1,65,,17104,46,,,1,25,,17098,46,,,1,23,,17110,46,,,1,64,,17100,46,,,1,23,,17113,46,,,1
1000,'CPSunday',825,,17166,46,,,1,31,,17165,46,,,1,72,,17164,46,,,1,73,,17163,46,,,1,33,,17162,46,,,1,73,,17161,46,,,1,36,,17160,46,,,1,75,,17159,46,,,1,35,,17158,46,,,1,75,,17157,46,,,1,76,,17156,46,,,1,36,,17155,46,,,1,77,,17154,46,,,1,35,,17153,46,,,1,75,,17152,46,,,1,75,,17151,46,,,1,36,,17147,46,,,1,73,,17149,46,,,1,36,,17146,46,,,1,75,,17145,46,,,1,33,,17144,46,,,1,74,,17150,46,,,1,74,,17143,46,,,1,34,,17141,46,,,1,73,,17140,46,,,1,31,,17148,46,,,1,72,,17142,46,,,1,30,,17139,46,,,1
1000,'CPWeekday',534,,17213,46,,,1,21,,17212,46,,,1,62,,17214,46,,,1,27,,17215,46,,,1,63,,17211,46,,,1,24,,17210,46,,,1,26,,17209,46,,,1,66,,17207,46,,,1,26,,17208,46,,,1,66,,17206,46,,,1,26,,17205,46,,,1,66,,17203,46,,,1,25,,17204,46,,,1,24,,17202,46,,,1,64,,17201,46,,,1,25,,17200,46,,,1,65,,17199,46,,,1,25,,17198,46,,,1,65,,17197,46,,,1,26,,17196,46,,,1,25,,17195,46,,,1,66,,17194,46,,,1,27,,17192,46,,,1,58,,17216,46,,,1,7,,17193,46,,,1,27,,17186,46,,,1,65,,17183,46,,,1,21,,17182,46,,,1,21,,17190,46,,,1,62,,17181,46,,,1,23,,17179,46,,,1,24,,17177,46,,,1,64,,17178,46,,,1,25,,17176,46,,,1,60,,17174,46,,,1,19,,17189,46,,,1,21,,17185,46,,,1,60,,17173,46,,,1,20,,17172,46,,,1,22,,17175,46,,,1,63,,17171,46,,,1,34,,17187,46,,,1,70,,17184,46,,,1,32,,17168,46,,,1,73,,17169,46,,,1,31,,17188,46,,,1,70,,17180,46,,,1,29,,17167,46,,,1,69,,17170,46,,,1,25,,17191,46,,,1
3901,'CPHoliday1',741,,22319,40,,,1,80,,22314,40,,,1,80,,22308,40,,,1,42,,22305,40,,,1,83,,22320,40,,,1,83,,22317,40,,,1,44,,22309,40,,,1,86,,22304,40,,,1,85,,22321,40,,,1,85,,22315,40,,,1,44,,22310,40,,,1,86,,22303,40,,,1,85,,22322,40,,,1,86,,22316,40,,,1,45,,22311,40,,,1,83,,22302,40,,,1,84,,22323,40,,,1,82,,22312,40,,,1,41,,22307,40,,,1,82,,22301,40,,,1,78,,22318,40,,,1,40,,22313,40,,,1,76,,22306,40,,,1,30,,22300,40,,,1
3901,'CPSaturday',926,,22329,40,,,1,28,,22328,40,,,1,262,,22330,40,,,1,30,,22327,40,,,1,273,,22331,40,,,1,28,,22326,40,,,1,266,,22332,40,,,1,30,,22325,40,,,1,262,,22333,40,,,1,26,,22324,40,,,1
3901,'CPSunday',741,,22353,40,,,1,80,,22348,40,,,1,80,,22342,40,,,1,42,,22339,40,,,1,83,,22354,40,,,1,83,,22351,40,,,1,44,,22343,40,,,1,86,,22338,40,,,1,85,,22355,40,,,1,85,,22349,40,,,1,44,,22344,40,,,1,86,,22337,40,,,1,85,,22356,40,,,1,86,,22350,40,,,1,45,,22345,40,,,1,83,,22336,40,,,1,84,,22357,40,,,1,82,,22346,40,,,1,41,,22341,40,,,1,82,,22335,40,,,1,78,,22352,40,,,1,40,,22347,40,,,1,76,,22340,40,,,1,30,,22334,40,,,1
3901,'MASaturday',735,,22378,40,,,1,66,,22374,40,,,1,27,,22373,40,,,1,27,,22367,40,,,1,167,,22375,40,,,1,28,,22370,40,,,1,68,,22366,40,,,1,29,,22364,40,,,1,167,,22376,40,,,1,32,,22371,40,,,1,72,,22362,40,,,1,31,,22358,40,,,1,167,,22377,40,,,1,30,,22368,40,,,1,69,,22363,40,,,1,28,,22359,40,,,1,169,,22379,40,,,1,28,,22369,40,,,1,69,,22361,40,,,1,28,,22360,40,,,1,118,,22380,40,,,1,62,,22372,40,,,1,20,,22365,40,,,1
3901,'MAWeekday',506,,22381,41,,,1,17,,22382,41,,,1,16,,22383,41,,,1,17,,22384,41,,,1,57,,22385,41,,,1,19,,22386,41,,,1,21,,22387,41,,,1,65,,22388,41,,,1,24,,22389,41,,,1,67,,22390,41,,,1,22,,22391,41,,,1,21,,22392,41,,,1,58,,22393,41,,,1,19,,22394,41,,,1,18,,22395,41,,,1,63,,22396,40,,,1,33,,22397,40,,,1,76,,22398,40,,,1,35,,22399,40,,,1,75,,22400,40,,,1,75,,22401,40,,,1,35,,22402,40,,,1,80,,22403,40,,,1,25,,22404,41,,,1,65,,22405,41,,,1,20,,22406,41,,,1,22,,22407,41,,,1,64,,22408,41,,,1,21,,22409,41,,,1,64,,22410,41,,,1,22,,22411,41,,,1,22,,22412,41,,,1,57,,22413,41,,,1,15,,22414,41,,,1,16,,22415,41,,,1,18,,22416,41,,,1,59,,22417,41,,,1,18,,22418,41,,,1,21,,22419,41,,,1,59,,22420,40,,,1,21,,22421,40,,,1,72,,22422,40,,,1,39,,22423,40,,,1,77,,22424,40,,,1,38,,22425,40,,,1,77,,22426,40,,,1,76,,22427,40,,,1,36,,22428,40,,,1,78,,22429,40,,,1
4300,'CPWeekday',525,,22973,44,,,1,80,,22980,44,,,1,41,,22976,44,,,1,80,,22978,44,,,1,80,,22974,44,,,1,40,,22981,44,,,1,80,,22977,44,,,1,76,,22979,44,,,1,40,,22975,44,,,1
