1001,'CPHoliday1',737,,31196,26,,,1,70,,31195,26,,,1,30,,31194,26,,,1,72,,31193,26,,,1,34,,31192,26,,,1,74,,31191,26,,,1,33,,31190,26,,,1,73,,31189,26,,,1,35,,31188,26,,,1,75,,31186,26,,,1,75,,31187,26,,,1,35,,31185,26,,,1,75,,31184,26,,,1,35,,31182,26,,,1,76,,31183,26,,,1,76,,31181,26,,,1,37,,31177,26,,,1,76,,31179,26,,,1,36,,31175,26,,,1,76,,31174,26,,,1,74,,31178,26,,,1,34,,31171,26,,,1,73,,31172,26,,,1,34,,31169,26,,,1,74,,31176,26,,,1,34,,31173,26,,,1,73,,31168,26,,,1,32,,31167,26,,,1,70,,31180,26,,,1,29,,31170,26,,,1
1001,'CPSaturday',630,,31236,26,,,1,26,,31234,26,,,1,65,,31235,26,,,1,25,,31232,26,,,1,65,,31233,26,,,1,27,,31229,26,,,1,65,,31230,26,,,1,27,,31228,26,,,1,27,,31231,26,,,1,67,,31226,26,,,1,27,,31227,26,,,1,68,,31225,26,,,1,28,,31224,26,,,1,68,,31223,26,,,1,28,,31222,26,,,1,70,,31221,26,,,1,29,,31220,26,,,1,69,,31218,26,,,1,28,,31219,26,,,1,69,,31217,26,,,1,29,,31216,26,,,1,70,,31211,26,,,1,30,,31212,26,,,1,69,,31207,26,,,1,30,,31206,26,,,1,67,,31210,26,,,1,28,,31205,26,,,1,27,,31215,26,,,1,68,,31204,26,,,1,28,,31201,26,,,1,68,,31208,26,,,1,26,,31198,26,,,1,66,,31214,26,,,1,25,,31202,26,,,1,66,,31200,26,,,1,26,,31209,26,,,1,26,,31199,26,,,1,65,,31213,26,,,1,23,,31203,26,,,1,64,,31197,26,,,1
1001,'CPSunday',737,,31266,26,,,1,70,,31265,26,,,1,30,,31264,26,,,1,72,,31263,26,,,1,34,,31262,26,,,1,74,,31261,26,,,1,33,,31260,26,,,1,73,,31259,26,,,1,35,,31258,26,,,1,75,,31256,26,,,1,75,,31257,26,,,1,35,,31255,26,,,1,75,,31254,26,,,1,35,,31252,26,,,1,76,,31253,26,,,1,76,,31251,26,,,1,37,,31247,26,,,1,76,,31249,26,,,1,36,,31245,26,,,1,76,,31244,26,,,1,74,,31248,26,,,1,34,,31241,26,,,1,73,,31242,26,,,1,34,,31239,26,,,1,74,,31246,26,,,1,34,,31243,26,,,1,73,,31238,26,,,1,32,,31237,26,,,1,70,,31250,26,,,1,29,,31240,26,,,1
1001,'CPWeekday',456,,31316,26,,,1,62,,31312,26,,,1,20,,31315,26,,,1,63,,31314,26,,,1,22,,31313,26,,,1,22,,31310,26,,,1,66,,31311,26,,,1,25,,31309,26,,,1,65,,31308,26,,,1,27,,31307,26,,,1,26,,31306,26,,,1,64,,31304,26,,,1,25,,31305,26,,,1,64,,31303,26,,,1,26,,31302,26,,,1,25,,31301,26,,,1,64,,31300,26,,,1,25,,31299,26,,,1,65,,31298,26,,,1,25,,31297,26,,,1,65,,31296,26,,,1,25,,31295,26,,,1,25,,31294,26,,,1,66,,31292,26,,,1,28,,31293,26,,,1,67,,31287,26,,,1,27,,31284,26,,,1,67,,31286,26,,,1,27,,31285,26,,,1,24,,31279,26,,,1,62,,31278,26,,,1,21,,31289,26,,,1,62,,31283,26,,,1,22,,31276,26,,,1,22,,31275,26,,,1,63,,31277,26,,,1,23,,31274,26,,,1,19,,31273,26,,,1,60,,31291,26,,,1,22,,31280,26,,,1,22,,31272,26,,,1,63,,31270,26,,,1,34,,31271,26,,,1,74,,31288,26,,,1,31,,31282,26,,,1,72,,31268,26,,,1,70,,31269,26,,,1,28,,31290,26,,,1,29,,31281,26,,,1,67,,31267,26,,,1
3900,'CPHoliday1',617,,36153,35,,,1,38,,36147,35,,,1,82,,36142,35,,,1,78,,36138,35,,,1,40,,36154,35,,,1,82,,36145,35,,,1,82,,36143,35,,,1,83,,36137,35,,,1,43,,36152,35,,,1,84,,36146,35,,,1,86,,36139,35,,,1,85,,36136,35,,,1,45,,36155,35,,,1,85,,36149,35,,,1,85,,36140,35,,,1,44,,36135,35,,,1,85,,36156,35,,,1,85,,36148,35,,,1,84,,36141,35,,,1,44,,36134,35,,,1,82,,36151,35,,,1,80,,36150,35,,,1,81,,36144,35,,,1,35,,36133,35,,,1
3900,'CPSaturday',824,,36161,35,,,1,284,,36160,35,,,1,299,,36159,35,,,1,231,,36162,35,,,1,70,,36158,35,,,1,227,,36163,35,,,1,69,,36157,35,,,1,209,,36164,35,,,1
3900,'CPSunday',617,,36185,35,,,1,38,,36179,35,,,1,82,,36174,35,,,1,78,,36170,35,,,1,40,,36186,35,,,1,82,,36177,35,,,1,82,,36175,35,,,1,83,,36169,35,,,1,43,,36184,35,,,1,84,,36178,35,,,1,86,,36171,35,,,1,85,,36168,35,,,1,45,,36187,35,,,1,85,,36181,35,,,1,85,,36172,35,,,1,44,,36167,35,,,1,85,,36188,35,,,1,85,,36180,35,,,1,84,,36173,35,,,1,44,,36166,35,,,1,82,,36183,35,,,1,80,,36182,35,,,1,81,,36176,35,,,1,35,,36165,35,,,1
3900,'MASaturday',616,,36212,35,,,1,25,,36211,35,,,1,67,,36205,35,,,1,26,,36204,35,,,1,25,,36215,35,,,1,91,,36206,35,,,1,66,,36199,35,,,1,26,,36197,35,,,1,69,,36198,35,,,1,28,,36214,35,,,1,97,,36210,35,,,1,71,,36200,35,,,1,30,,36194,35,,,1,70,,36192,35,,,1,30,,36213,35,,,1,100,,36209,35,,,1,70,,36203,35,,,1,31,,36195,35,,,1,70,,36190,35,,,1,129,,36207,35,,,1,70,,36202,35,,,1,30,,36193,35,,,1,70,,36189,35,,,1,125,,36208,35,,,1,25,,36201,35,,,1,66,,36196,35,,,1,25,,36191,35,,,1
3900,'MAWeekday',445,,36216,2,,,1,91,,36217,35,,,1,22,,36218,35,,,1,64,,36219,35,,,1,20,,36220,35,,,1,58,,36221,35,,,1,21,,36222,35,,,1,19,,36223,35,,,1,60,,36224,35,,,1,23,,36225,35,,,1,23,,36226,35,,,1,61,,36227,35,,,1,31,,36228,35,,,1,77,,36229,35,,,1,37,,36230,35,,,1,78,,36231,35,,,1,77,,36232,35,,,1,37,,36233,35,,,1,75,,36234,35,,,1,34,,36235,35,,,1,66,,36236,35,,,1,28,,36237,35,,,1,59,,36238,35,,,1,20,,36239,35,,,1,21,,36240,35,,,1,62,,36241,35,,,1,18,,36242,35,,,1,19,,36243,35,,,1,58,,36244,35,,,1,19,,36245,35,,,1,22,,36246,35,,,1,62,,36247,35,,,1,21,,36248,35,,,1,23,,36249,35,,,1,58,,36250,35,,,1,22,,36251,35,,,1,23,,36252,35,,,1,59,,36253,35,,,1,35,,36254,35,,,1,78,,36255,35,,,1,82,,36256,35,,,1,41,,36257,35,,,1,77,,36258,35,,,1,74,,36259,35,,,1,33,,36260,35,,,1,74,,36261,35,,,1,34,,36262,35,,,1
4301,'CPWeekday',1445,,36947,27,,,1,82,,36945,27,,,1,81,,36950,27,,,1,40,,36952,27,,,1,80,,36948,27,,,1,81,,36946,27,,,1,42,,36951,27,,,1,82,,36953,27,,,1,79,,36949,27,,,1
37601,'CPWeekday',725,,41809,26,,,1
