1000,'CPHoliday1',827,,31045,49,,,1,31,,31044,49,,,1,72,,31043,49,,,1,73,,31042,49,,,1,33,,31041,49,,,1,73,,31040,49,,,1,36,,31039,49,,,1,75,,31038,49,,,1,35,,31037,49,,,1,75,,31036,49,,,1,76,,31035,49,,,1,36,,31034,49,,,1,77,,31033,49,,,1,35,,31032,49,,,1,75,,31031,49,,,1,75,,31030,49,,,1,36,,31026,49,,,1,73,,31028,49,,,1,36,,31025,49,,,1,75,,31024,49,,,1,33,,31023,49,,,1,74,,31029,49,,,1,74,,31022,49,,,1,34,,31020,49,,,1,73,,31019,49,,,1,31,,31027,49,,,1,72,,31021,49,,,1,30,,31018,49,,,1,68,,31046,49,,,1,28,,31047,49,,,1,68,,31048,49,,,1
1000,'CPSaturday',638,,31089,49,,,1,65,,31086,49,,,1,25,,31084,49,,,1,25,,31088,49,,,1,65,,31087,49,,,1,26,,31085,49,,,1,67,,31082,49,,,1,27,,31083,49,,,1,67,,31080,49,,,1,27,,31081,49,,,1,68,,31079,49,,,1,28,,31078,49,,,1,27,,31077,49,,,1,68,,31076,49,,,1,29,,31075,49,,,1,69,,31074,49,,,1,28,,31073,49,,,1,69,,31072,49,,,1,30,,31071,49,,,1,69,,31070,49,,,1,30,,31069,49,,,1,69,,31068,49,,,1,28,,31063,49,,,1,69,,31062,49,,,1,29,,31058,49,,,1,68,,31066,49,,,1,28,,31057,49,,,1,68,,31056,49,,,1,28,,31059,49,,,1,68,,31053,49,,,1,25,,31067,49,,,1,26,,31054,49,,,1,66,,31050,49,,,1,26,,31060,49,,,1,67,,31052,49,,,1,26,,31065,49,,,1,65,,31055,49,,,1,25,,31049,49,,,1,23,,31061,49,,,1,64,,31051,49,,,1,23,,31064,49,,,1
1000,'CPSunday',827,,31117,49,,,1,31,,31116,49,,,1,72,,31115,49,,,1,73,,31114,49,,,1,33,,31113,49,,,1,73,,31112,49,,,1,36,,31111,49,,,1,75,,31110,49,,,1,35,,31109,49,,,1,75,,31108,49,,,1,76,,31107,49,,,1,36,,31106,49,,,1,77,,31105,49,,,1,35,,31104,49,,,1,75,,31103,49,,,1,75,,31102,49,,,1,36,,31098,49,,,1,73,,31100,49,,,1,36,,31097,49,,,1,75,,31096,49,,,1,33,,31095,49,,,1,74,,31101,49,,,1,74,,31094,49,,,1,34,,31092,49,,,1,73,,31091,49,,,1,31,,31099,49,,,1,72,,31093,49,,,1,30,,31090,49,,,1
1000,'CPWeekday',536,,31164,49,,,1,21,,31163,49,,,1,62,,31165,49,,,1,28,,31166,49,,,1,63,,31162,49,,,1,24,,31161,49,,,1,66,,31160,49,,,1,26,,31158,49,,,1,26,,31159,49,,,1,66,,31157,49,,,1,25,,31156,49,,,1,66,,31154,49,,,1,25,,31155,49,,,1,24,,31153,49,,,1,64,,31152,49,,,1,25,,31151,49,,,1,65,,31150,49,,,1,25,,31149,49,,,1,66,,31148,49,,,1,26,,31147,49,,,1,25,,31146,49,,,1,66,,31145,49,,,1,27,,31143,49,,,1,65,,31144,49,,,1,27,,31137,49,,,1,65,,31134,49,,,1,21,,31133,49,,,1,21,,31141,49,,,1,62,,31132,49,,,1,23,,31130,49,,,1,24,,31128,49,,,1,64,,31129,49,,,1,25,,31127,49,,,1,59,,31125,49,,,1,19,,31140,49,,,1,21,,31136,49,,,1,60,,31124,49,,,1,20,,31123,49,,,1,22,,31126,49,,,1,63,,31122,49,,,1,34,,31138,49,,,1,70,,31135,49,,,1,32,,31119,49,,,1,73,,31120,49,,,1,31,,31139,49,,,1,70,,31131,49,,,1,29,,31118,49,,,1,69,,31121,49,,,1,25,,31142,49,,,1
3901,'CPHoliday1',744,,36282,43,,,1,80,,36277,43,,,1,79,,36271,43,,,1,42,,36268,43,,,1,84,,36283,43,,,1,83,,36280,43,,,1,44,,36272,43,,,1,86,,36267,43,,,1,85,,36284,43,,,1,85,,36278,43,,,1,44,,36273,43,,,1,86,,36266,43,,,1,85,,36285,43,,,1,86,,36279,43,,,1,45,,36274,43,,,1,83,,36265,43,,,1,84,,36286,43,,,1,81,,36275,43,,,1,41,,36270,43,,,1,82,,36264,43,,,1,78,,36281,43,,,1,40,,36276,43,,,1,76,,36269,43,,,1,30,,36263,43,,,1
3901,'CPSaturday',957,,36291,43,,,1,292,,36290,43,,,1,273,,36292,43,,,1,28,,36289,43,,,1,266,,36293,43,,,1,30,,36288,43,,,1,261,,36294,43,,,1,26,,36287,43,,,1
3901,'CPSunday',744,,36314,43,,,1,80,,36309,43,,,1,79,,36303,43,,,1,42,,36300,43,,,1,84,,36315,43,,,1,83,,36312,43,,,1,44,,36304,43,,,1,86,,36299,43,,,1,85,,36316,43,,,1,85,,36310,43,,,1,44,,36305,43,,,1,86,,36298,43,,,1,85,,36317,43,,,1,86,,36311,43,,,1,45,,36306,43,,,1,83,,36297,43,,,1,84,,36318,43,,,1,81,,36307,43,,,1,41,,36302,43,,,1,82,,36296,43,,,1,78,,36313,43,,,1,40,,36308,43,,,1,76,,36301,43,,,1,30,,36295,43,,,1
3901,'MASaturday',737,,36339,43,,,1,67,,36335,43,,,1,27,,36334,43,,,1,27,,36328,43,,,1,71,,36343,43,,,1,96,,36336,43,,,1,28,,36331,43,,,1,68,,36327,43,,,1,29,,36325,43,,,1,69,,36342,43,,,1,98,,36337,43,,,1,32,,36332,43,,,1,72,,36323,43,,,1,31,,36319,43,,,1,167,,36338,43,,,1,30,,36329,43,,,1,69,,36324,43,,,1,28,,36320,43,,,1,168,,36340,43,,,1,28,,36330,43,,,1,69,,36322,43,,,1,28,,36321,43,,,1,118,,36341,43,,,1,62,,36333,43,,,1,20,,36326,43,,,1
3901,'MAWeekday',508,,36344,44,,,1,17,,36345,44,,,1,17,,36346,44,,,1,17,,36347,44,,,1,57,,36348,44,,,1,19,,36349,44,,,1,21,,36350,44,,,1,65,,36351,44,,,1,24,,36352,44,,,1,67,,36353,44,,,1,22,,36354,44,,,1,21,,36355,44,,,1,58,,36356,44,,,1,19,,36357,44,,,1,18,,36358,44,,,1,63,,36359,43,,,1,33,,36360,43,,,1,76,,36361,43,,,1,35,,36362,43,,,1,74,,36363,43,,,1,75,,36364,43,,,1,36,,36365,43,,,1,80,,36366,43,,,1,25,,36367,44,,,1,65,,36368,44,,,1,20,,36369,44,,,1,22,,36370,44,,,1,64,,36371,44,,,1,21,,36372,44,,,1,64,,36373,44,,,1,22,,36374,44,,,1,22,,36375,44,,,1,57,,36376,44,,,1,15,,36377,44,,,1,16,,36378,44,,,1,18,,36379,44,,,1,59,,36380,44,,,1,18,,36381,44,,,1,21,,36382,44,,,1,59,,36383,43,,,1,21,,36384,43,,,1,71,,36385,43,,,1,39,,36386,43,,,1,77,,36387,43,,,1,38,,36388,43,,,1,77,,36389,43,,,1,76,,36390,43,,,1,36,,36391,43,,,1,78,,36392,43,,,1
37600,'CPWeekday',1409,,41808,20,,,1
