600,'CPHoliday1',815,,29991,43,,,1,42,,29992,43,,,1,81,,29993,43,,,1,85,,29994,43,,,1,82,,29995,43,,,1,45,,29996,43,,,1,87,,29997,43,,,1,86,,29998,43,,,1,88,,29999,43,,,1,48,,30000,43,,,1,87,,30001,43,,,1,89,,30002,43,,,1,88,,30003,43,,,1,88,,30004,43,,,1,43,,30005,43,,,1,81,,30006,43,,,1,81,,30007,43,,,1,41,,30008,43,,,1,79,,30009,43,,,1
600,'CPSaturday',544,,30010,43,,,1,78,,30011,43,,,1,78,,30012,43,,,1,39,,30013,43,,,1,82,,30014,43,,,1,81,,30015,43,,,1,42,,30016,43,,,1,83,,30017,43,,,1,88,,30018,43,,,1,44,,30019,43,,,1,85,,30020,43,,,1,87,,30021,43,,,1,85,,30022,43,,,1,84,,30023,43,,,1,44,,30024,43,,,1,85,,30025,43,,,1,85,,30026,43,,,1,44,,30027,43,,,1,84,,30028,43,,,1,84,,30029,43,,,1,84,,30030,43,,,1,42,,30031,43,,,1,83,,30032,43,,,1,82,,30033,43,,,1,40,,30034,43,,,1,80,,30035,43,,,1,80,,30036,43,,,1
600,'CPSunday',815,,30037,43,,,1,42,,30038,43,,,1,81,,30039,43,,,1,85,,30040,43,,,1,82,,30041,43,,,1,45,,30042,43,,,1,87,,30043,43,,,1,86,,30044,43,,,1,88,,30045,43,,,1,48,,30046,43,,,1,87,,30047,43,,,1,89,,30048,43,,,1,88,,30049,43,,,1,88,,30050,43,,,1,43,,30051,43,,,1,81,,30052,43,,,1,81,,30053,43,,,1,41,,30054,43,,,1,79,,30055,43,,,1
600,'CPWeekday',529,,30101,43,,,1,27,,30092,43,,,1,72,,30090,43,,,1,28,,30095,43,,,1,65,,30089,43,,,1,36,,30088,43,,,1,71,,30093,43,,,1,72,,30087,43,,,1,29,,30086,43,,,1,29,,30094,43,,,1,70,,30075,43,,,1,30,,30073,43,,,1,70,,30097,43,,,1,30,,30077,43,,,1,71,,30072,43,,,1,30,,30096,43,,,1,71,,30076,43,,,1,70,,30071,43,,,1,31,,30091,43,,,1,26,,30070,43,,,1,65,,30078,43,,,1,24,,30064,43,,,1,64,,30098,43,,,1,25,,30063,43,,,1,66,,30074,43,,,1,26,,30065,43,,,1,26,,30099,43,,,1,65,,30062,43,,,1,25,,30079,43,,,1,62,,30067,43,,,1,22,,30100,43,,,1,22,,30061,43,,,1,65,,30081,43,,,1,27,,30068,43,,,1,67,,30060,43,,,1,27,,30083,43,,,1,67,,30066,43,,,1,28,,30059,43,,,1,28,,30080,43,,,1,66,,30069,43,,,1,26,,30058,43,,,1,75,,30084,43,,,1,75,,30057,43,,,1,33,,30082,43,,,1,75,,30056,43,,,1,36,,30085,43,,,1
800,'CPSaturday',709,,30649,41,,,1,42,,30639,41,,,1,84,,30650,41,,,1,85,,30645,41,,,1,86,,30651,41,,,1,48,,30640,41,,,1,90,,30652,41,,,1,90,,30641,41,,,1,91,,30653,41,,,1,95,,30646,41,,,1,93,,30654,41,,,1,93,,30647,41,,,1,53,,30658,41,,,1,92,,30638,41,,,1,93,,30656,41,,,1,90,,30648,41,,,1,88,,30659,41,,,1,86,,30642,41,,,1,46,,30660,41,,,1,86,,30643,41,,,1,84,,30655,41,,,1,82,,30644,41,,,1,43,,30657,41,,,1
800,'CPWeekday',528,,30689,41,,,1,31,,30691,41,,,1,71,,30688,41,,,1,73,,30690,41,,,1,36,,30685,41,,,1,78,,30686,41,,,1,39,,30687,41,,,1,76,,30682,41,,,1,74,,30683,41,,,1,36,,30684,41,,,1,76,,30681,41,,,1,35,,30680,41,,,1,75,,30679,41,,,1,77,,30678,41,,,1,37,,30677,41,,,1,79,,30676,41,,,1,85,,30675,41,,,1,43,,30674,41,,,1,76,,30673,41,,,1,80,,30672,41,,,1,40,,30666,41,,,1,79,,30671,41,,,1,32,,30665,41,,,1,73,,30661,41,,,1,72,,30670,41,,,1,41,,30663,41,,,1,82,,30668,41,,,1,82,,30664,41,,,1,42,,30669,41,,,1,81,,30662,41,,,1,82,,30667,41,,,1
2600,'CPHoliday1',638,,33833,9,,,1,65,,33834,9,,,1,26,,33836,18,,,1,25,,33837,18,,,1,67,,33838,18,,,1,26,,33839,18,,,1,67,,33840,18,,,1,28,,33841,18,,,1,69,,33842,18,,,1,28,,33843,18,,,1,68,,33844,18,,,1,29,,33845,18,,,1,67,,33846,18,,,1,20,,33847,18,,,1,20,,33848,18,,,1,63,,33849,18,,,1,24,,33850,18,,,1,24,,33851,18,,,1,65,,33852,18,,,1,22,,33853,18,,,1,62,,33854,18,,,1,22,,33855,18,,,1,22,,33856,18,,,1,64,,33857,18,,,1,25,,33858,18,,,1,23,,33859,18,,,1,63,,33860,18,,,1,24,,33861,18,,,1,62,,33862,18,,,1,22,,33863,18,,,1,22,,33864,18,,,1,62,,33865,18,,,1,21,,33866,18,,,1,66,,33867,18,,,1,28,,33868,18,,,1,26,,33869,18,,,1,68,,33870,18,,,1,27,,33871,18,,,1,65,,33872,18,,,1,26,,33873,18,,,1,65,,33874,18,,,1,26,,33875,18,,,1,26,,33876,18,,,1,64,,33877,18,,,1,23,,33878,18,,,1,64,,33879,18,,,1
2600,'CPSaturday',450,,33880,18,,,1,60,,33881,18,,,1,21,,33882,18,,,1,20,,33883,18,,,1,64,,33884,18,,,1,22,,33885,18,,,1,22,,33886,18,,,1,63,,33887,18,,,1,22,,33888,18,,,1,64,,33889,18,,,1,22,,33890,18,,,1,22,,33891,18,,,1,65,,33892,18,,,1,24,,33893,18,,,1,65,,33894,18,,,1,25,,33895,18,,,1,18,,33896,18,,,1,58,,33897,18,,,1,19,,33898,18,,,1,20,,33899,18,,,1,61,,33900,18,,,1,19,,33901,18,,,1,18,,33902,18,,,1,58,,33903,18,,,1,16,,33904,18,,,1,16,,33905,18,,,1,16,,33906,18,,,1,56,,33907,18,,,1,14,,33908,18,,,1,14,,33909,18,,,1,14,,33910,18,,,1,54,,33911,18,,,1,14,,33912,18,,,1,14,,33913,18,,,1,14,,33914,18,,,1,14,,33915,18,,,1,54,,33916,18,,,1,14,,33917,18,,,1,14,,33918,18,,,1,15,,33919,18,,,1,55,,33920,18,,,1,14,,33921,18,,,1,15,,33922,18,,,1,15,,33923,18,,,1,54,,33924,18,,,1,14,,33925,18,,,1,14,,33926,18,,,1,14,,33927,18,,,1,52,,33928,18,,,1,11,,33929,18,,,1,12,,33930,18,,,1,16,,33931,18,,,1,64,,33932,18,,,1,24,,33933,18,,,1,24,,33934,18,,,1,63,,33935,18,,,1,20,,33936,18,,,1,18,,33937,18,,,1,57,,33938,18,,,1,17,,33939,18,,,1,18,,33940,18,,,1,61,,33941,18,,,1,24,,33942,18,,,1,24,,33943,18,,,1,66,,33944,18,,,1,28,,33945,18,,,1,65,,33946,18,,,1,22,,33947,18,,,1,20,,33948,18,,,1,59,,33949,18,,,1,20,,33950,18,0,32 44 34 35 36 37,1
2600,'CPSunday',638,,33951,9,,,1,65,,33952,9,,,1,26,,33954,18,,,1,25,,33955,18,,,1,67,,33956,18,,,1,26,,33957,18,,,1,67,,33958,18,,,1,28,,33959,18,,,1,69,,33960,18,,,1,28,,33961,18,,,1,68,,33962,18,,,1,29,,33963,18,,,1,67,,33964,18,,,1,20,,33965,18,,,1,20,,33966,18,,,1,63,,33967,18,,,1,24,,33968,18,,,1,24,,33969,18,,,1,65,,33970,18,,,1,22,,33971,18,,,1,62,,33972,18,,,1,22,,33973,18,,,1,22,,33974,18,,,1,64,,33975,18,,,1,25,,33976,18,,,1,23,,33977,18,,,1,63,,33978,18,,,1,24,,33979,18,,,1,62,,33980,18,,,1,22,,33981,18,,,1,22,,33982,18,,,1,62,,33983,18,,,1,21,,33984,18,,,1,66,,33985,18,,,1,28,,33986,18,,,1,26,,33987,18,,,1,68,,33988,18,,,1,27,,33989,18,,,1,65,,33990,18,,,1,26,,33991,18,,,1,65,,33992,18,,,1,26,,33993,18,,,1,26,,33994,18,,,1,64,,33995,18,,,1,23,,33996,18,,,1,64,,33997,18,,,1
37101,'CPWeekday',1404,,41801,29,,,1
