3901,'CPHoliday1',736,,36282,36,,,1,80,,36277,36,,,1,40,,36271,36,,,1,82,,36268,36,,,1,82,,36283,36,,,1,83,,36280,36,,,1,44,,36272,36,,,1,86,,36267,36,,,1,85,,36284,36,,,1,85,,36278,36,,,1,44,,36273,36,,,1,86,,36266,36,,,1,85,,36285,36,,,1,86,,36279,36,,,1,45,,36274,36,,,1,84,,36265,36,,,1,84,,36286,36,,,1,42,,36275,36,,,1,81,,36270,36,,,1,82,,36264,36,,,1,79,,36281,36,,,1,40,,36276,36,,,1,76,,36269,36,,,1,30,,36263,36,,,1
3901,'CPSaturday',949,,36291,36,,,1,291,,36290,36,,,1,273,,36292,36,,,1,28,,36289,36,,,1,266,,36293,36,,,1,30,,36288,36,,,1,263,,36294,36,,,1,26,,36287,36,,,1
3901,'CPSunday',736,,36314,36,,,1,80,,36309,36,,,1,40,,36303,36,,,1,82,,36300,36,,,1,82,,36315,36,,,1,83,,36312,36,,,1,44,,36304,36,,,1,86,,36299,36,,,1,85,,36316,36,,,1,85,,36310,36,,,1,44,,36305,36,,,1,86,,36298,36,,,1,85,,36317,36,,,1,86,,36311,36,,,1,45,,36306,36,,,1,84,,36297,36,,,1,84,,36318,36,,,1,42,,36307,36,,,1,81,,36302,36,,,1,82,,36296,36,,,1,79,,36313,36,,,1,40,,36308,36,,,1,76,,36301,36,,,1,30,,36295,36,,,1
3901,'MASaturday',731,,36339,36,,,1,26,,36335,36,,,1,67,,36334,36,,,1,27,,36328,36,,,1,70,,36343,36,,,1,96,,36336,36,,,1,28,,36331,36,,,1,68,,36327,36,,,1,28,,36325,36,,,1,69,,36342,36,,,1,98,,36337,36,,,1,32,,36332,36,,,1,72,,36323,36,,,1,31,,36319,36,,,1,167,,36338,36,,,1,30,,36329,36,,,1,69,,36324,36,,,1,28,,36320,36,,,1,169,,36340,36,,,1,29,,36330,36,,,1,69,,36322,36,,,1,28,,36321,36,,,1,118,,36341,36,,,1,63,,36333,36,,,1,20,,36326,36,,,1
3901,'MAWeekday',502,,36344,37,,,1,17,,36345,37,,,1,16,,36346,37,,,1,17,,36347,37,,,1,57,,36348,37,,,1,19,,36349,37,,,1,21,,36350,37,,,1,64,,36351,37,,,1,24,,36352,37,,,1,66,,36353,37,,,1,22,,36354,37,,,1,21,,36355,37,,,1,58,,36356,37,,,1,19,,36357,37,,,1,19,,36358,37,,,1,62,,36359,36,,,1,34,,36360,36,,,1,76,,36361,36,,,1,35,,36362,36,,,1,75,,36363,36,,,1,35,,36364,36,,,1,75,,36365,36,,,1,79,,36366,36,,,1,25,,36367,37,,,1,65,,36368,37,,,1,20,,36369,37,,,1,22,,36370,37,,,1,63,,36371,37,,,1,21,,36372,37,,,1,24,,36373,37,,,1,62,,36374,37,,,1,22,,36375,37,,,1,17,,36376,37,,,1,56,,36377,37,,,1,16,,36378,37,,,1,18,,36379,37,,,1,59,,36380,37,,,1,18,,36381,37,,,1,21,,36382,37,,,1,60,,36383,36,,,1,21,,36384,36,,,1,32,,36385,36,,,1,79,,36386,36,,,1,77,,36387,36,,,1,38,,36388,36,,,1,77,,36389,36,,,1,77,,36390,36,,,1,37,,36391,36,,,1,78,,36392,36,,,1
4300,'CPWeekday',521,,36936,40,,,1,80,,36943,40,,,1,41,,36939,40,,,1,80,,36941,40,,,1,80,,36937,40,,,1,40,,36944,40,,,1,80,,36940,40,,,1,36,,36942,40,,,1,80,,36938,40,,,1
6800,'CPHoliday1',1011,,39542,24,,,1,106,,39543,24,,,1,107,,39544,24,,,1,106,,39545,24,,,1,110,,39546,24,,,1,112,,39547,24,,,1,150,,39548,24,,,1,109,,39549,24,,,1,109,,39550,24,,,1,105,,39551,24,,,1
6800,'CPSaturday',736,,39552,24,,,1,107,,39553,24,,,1,106,,39554,24,,,1,110,,39555,24,,,1,151,,39556,24,,,1,111,,39557,24,,,1,111,,39558,24,,,1,110,,39559,24,,,1,110,,39560,24,,,1,151,,39561,24,,,1,111,,39562,24,,,1,108,,39563,24,,,1,108,,39564,24,,,1,110,,39565,24,,,1,108,,39566,24,,,1
6800,'CPSunday',1011,,39567,24,,,1,106,,39568,24,,,1,107,,39569,24,,,1,106,,39570,24,,,1,110,,39571,24,,,1,112,,39572,24,,,1,150,,39573,24,,,1,109,,39574,24,,,1,109,,39575,24,,,1,105,,39576,24,,,1
6800,'CPWeekday',532,,39577,24,,,1,111,,39578,24,,,1,113,,39579,24,,,1,149,,39580,24,,,1,115,,39581,24,,,1,114,,39582,24,,,1,116,,39583,24,,,1,157,,39584,24,,,1,117,,39585,24,,,1,116,,39586,24,,,1,114,,39587,24,,,1,153,,39588,24,,,1,114,,39589,24,,,1,114,,39590,24,,,1,113,,39591,24,,,1,153,,39592,24,,,1,114,,39593,24,,,1
