3801,'CPHoliday1',831,,36037,26,,,1,90,,36035,26,,,1,97,,36041,26,,,1,95,,36038,26,,,1,96,,36036,26,,,1,95,,36046,26,,,1,96,,36040,26,,,1,56,,36039,26,,,1,95,,36045,26,,,1,96,,36043,26,,,1,93,,36044,26,,,1,93,,36047,26,,,1,94,,36042,26,,,1,93,,36048,26,,,1
3801,'CPSaturday',624,,36049,26,,,1,25,,36050,26,,,1,65,,36051,26,,,1,33,,36052,26,,,1,70,,36053,26,,,1,30,,36054,26,,,1,70,,36055,26,,,1,31,,36056,26,,,1,73,,36057,26,,,1,34,,36058,26,,,1,74,,36059,26,,,1,74,,36060,26,,,1,34,,36061,26,,,1,75,,36062,26,,,1,34,,36063,26,,,1,74,,36064,26,,,1,34,,36065,26,,,1,74,,36066,26,,,1,74,,36067,26,,,1,34,,36068,26,,,1,75,,36069,26,,,1,34,,36070,26,,,1,74,,36071,26,,,1,34,,36072,26,,,1,73,,36073,26,,,1,74,,36074,26,,,1,32,,36075,26,,,1,71,,36076,26,,,1,29,,36077,26,,,1,70,,36078,26,,,1,30,,36079,26,,,1,27,,36080,26,,,1,66,,36081,26,,,1,28,,36082,26,,,1
3801,'CPSunday',831,,36085,26,,,1,90,,36083,26,,,1,97,,36089,26,,,1,95,,36086,26,,,1,96,,36084,26,,,1,95,,36094,26,,,1,96,,36088,26,,,1,56,,36087,26,,,1,95,,36093,26,,,1,96,,36091,26,,,1,93,,36092,26,,,1,93,,36095,26,,,1,94,,36090,26,,,1,93,,36096,26,,,1
3801,'CPWeekday',537,,36120,31,,,1,73,,36128,31,,,1,28,,36121,31,,,1,70,,36118,31,,,1,30,,36111,31,,,1,71,,36110,31,,,1,32,,36119,31,,,1,70,,36130,31,,,1,32,,36125,31,,,1,74,,36113,31,,,1,36,,36109,31,,,1,77,,36105,31,,,1,79,,36132,31,,,1,40,,36124,31,,,1,80,,36112,31,,,1,72,,36106,31,,,1,27,,36104,31,,,1,26,,36103,31,,,1,72,,36129,31,,,1,31,,36122,31,,,1,71,,36101,31,,,1,31,,36117,31,,,1,68,,36108,31,,,1,28,,36100,31,,,1,69,,36102,31,,,1,27,,36131,31,,,1,67,,36123,31,,,1,26,,36098,31,,,1,68,,36116,31,,,1,28,,36107,31,,,1,78,,36097,31,,,1,89,,36126,31,,,1,47,,36114,31,,,1,85,,36099,31,,,1,85,,36127,31,,,1,80,,36115,31,,,1
4301,'CPWeekday',1438,,36947,21,,,1,82,,36945,21,,,1,80,,36950,21,,,1,40,,36952,21,,,1,80,,36948,21,,,1,82,,36946,21,,,1,42,,36951,21,,,1,82,,36953,21,,,1,79,,36949,21,,,1
4401,'CPHoliday1',737,,37103,13,,,1,82,,37104,13,,,1,82,,37102,13,,,1,44,,37101,13,,,1,84,,37100,13,,,1,72,,37098,13,,,1,34,,37099,13,,,1,71,,37096,13,,,1,31,,37097,13,,,1,71,,37094,13,,,1,31,,37095,13,,,1,71,,37093,13,,,1,31,,37092,13,,,1,71,,37091,13,,,1,31,,37090,13,,,1,71,,37089,13,,,1,31,,37088,13,,,1,70,,37087,13,,,1,31,,37082,13,,,1,71,,37083,13,,,1,85,,37081,13,,,1,44,,37086,13,,,1,82,,37080,13,,,1,81,,37084,13,,,1,42,,37079,13,,,1,80,,37085,13,,,1
4401,'CPSaturday',742,,37130,13,,,1,85,,37128,13,,,1,86,,37129,13,,,1,45,,37126,13,,,1,85,,37127,13,,,1,85,,37125,13,,,1,85,,37123,13,,,1,30,,37124,13,,,1,70,,37121,13,,,1,30,,37122,13,,,1,70,,37120,13,,,1,32,,37119,13,,,1,72,,37118,13,,,1,32,,37117,13,,,1,72,,37116,13,,,1,32,,37113,13,,,1,72,,37112,13,,,1,32,,37114,13,,,1,72,,37111,13,,,1,72,,37109,13,,,1,31,,37115,13,,,1,68,,37107,13,,,1,44,,37106,13,,,1,84,,37108,13,,,1,82,,37105,13,,,1,42,,37110,13,,,1
4401,'CPSunday',737,,37155,13,,,1,82,,37156,13,,,1,82,,37154,13,,,1,44,,37153,13,,,1,84,,37152,13,,,1,72,,37150,13,,,1,34,,37151,13,,,1,71,,37148,13,,,1,31,,37149,13,,,1,71,,37146,13,,,1,31,,37147,13,,,1,71,,37145,13,,,1,31,,37144,13,,,1,71,,37143,13,,,1,31,,37142,13,,,1,71,,37141,13,,,1,31,,37140,13,,,1,70,,37139,13,,,1,31,,37134,13,,,1,71,,37135,13,,,1,85,,37133,13,,,1,44,,37138,13,,,1,82,,37132,13,,,1,81,,37136,13,,,1,42,,37131,13,,,1,80,,37137,13,,,1
4401,'CPWeekday',501,,37157,13,,,1,20,,37158,13,,,1,22,,37159,13,,,1,62,,37160,13,,,1,17,,37161,13,,,1,15,,37162,13,,,1,15,,37163,13,,,1,56,,37164,13,,,1,16,,37165,13,,,1,16,,37166,13,,,1,16,,37167,13,,,1,56,,37168,13,,,1,16,,37169,13,,,1,16,,37170,13,,,1,56,,37171,13,,,1,16,,37172,13,,,1,15,,37173,13,,,1,15,,37174,13,,,1,55,,37175,13,,,1,15,,37176,13,,,1,15,,37177,13,,,1,22,,37178,13,,,1,66,,37179,13,,,1,26,,37180,13,,,1,66,,37181,13,,,1,26,,37182,13,,,1,66,,37183,13,,,1,26,,37184,13,,,1,26,,37185,13,,,1,66,,37186,13,,,1,28,,37187,13,,,1,68,,37188,13,,,1,28,,37189,13,,,1,68,,37190,13,,,1,26,,37191,13,,,1,66,,37192,13,,,1,26,,37193,13,,,1,26,,37194,13,,,1,66,,37195,13,,,1,26,,37196,13,,,1,66,,37197,13,,,1,26,,37198,13,,,1,66,,37199,13,,,1,26,,37200,13,,,1,70,,37201,13,,,1,40,,37202,13,,,1,85,,37203,13,,,1,83,,37204,13,,,1,45,,37205,13,,,1,90,,37206,13,,,1,90,,37207,13,,,1
10800,'CPWeekday',548,,40916,24,,,1,72,,40917,24,,,1,33,,40918,24,,,1,72,,40919,24,,,1,23,,40920,24,,,1,65,,40921,24,,,1,22,,40922,24,,,1,12,,40915,24,,,1,11,,40923,24,,,1,63,,40924,24,,,1,28,,40925,24,,,1,68,,40926,24,,,1,26,,40927,24,,,1
