601,'CPHoliday1',833,,16132,4,,,1,80,,16133,4,,,1,42,,16134,4,,,1,84,,16135,4,,,1,86,,16136,4,,,1,87,,16137,4,,,1,46,,16138,4,,,1,86,,16139,4,,,1,88,,16140,4,,,1,88,,16141,4,,,1,88,,16142,4,,,1,48,,16143,4,,,1,88,,16144,4,,,1,86,,16145,4,,,1,84,,16146,4,,,1,42,,16147,4,,,1,79,,16148,4,,,1,80,,16149,4,,,1
601,'CPSaturday',600,,16150,4,,,1,38,,16151,4,,,1,80,,16152,4,,,1,40,,16153,4,,,1,80,,16154,4,,,1,82,,16155,4,,,1,82,,16156,4,,,1,45,,16157,4,,,1,85,,16158,4,,,1,85,,16159,4,,,1,85,,16160,4,,,1,45,,16161,4,,,1,85,,16162,4,,,1,85,,16163,4,,,1,85,,16164,4,,,1,45,,16165,4,,,1,85,,16166,4,,,1,85,,16167,4,,,1,85,,16168,4,,,1,44,,16169,4,,,1,84,,16170,4,,,1,83,,16171,4,,,1,42,,16172,4,,,1,82,,16173,4,,,1,80,,16174,4,,,1,40,,16175,4,,,1
601,'CPSunday',833,,16176,4,,,1,80,,16177,4,,,1,42,,16178,4,,,1,84,,16179,4,,,1,86,,16180,4,,,1,87,,16181,4,,,1,46,,16182,4,,,1,86,,16183,4,,,1,88,,16184,4,,,1,88,,16185,4,,,1,88,,16186,4,,,1,48,,16187,4,,,1,88,,16188,4,,,1,86,,16189,4,,,1,84,,16190,4,,,1,42,,16191,4,,,1,79,,16192,4,,,1,80,,16193,4,,,1
601,'CPWeekday',518,,16236,4,,,1,28,,16232,4,,,1,70,,16226,4,,,1,31,,16225,4,,,1,70,,16229,4,,,1,17,,16238,4,,,1,13,,16224,4,,,1,70,,16223,4,,,1,30,,16230,4,,,1,70,,16222,4,,,1,30,,16221,4,,,1,70,,16231,4,,,1,30,,16211,4,,,1,70,,16209,4,,,1,30,,16228,4,,,1,70,,16210,4,,,1,30,,16208,4,,,1,70,,16233,4,,,1,30,,16212,4,,,1,70,,16207,4,,,1,30,,16227,4,,,1,70,,16203,4,,,1,28,,16213,4,,,1,66,,16201,4,,,1,24,,16234,4,,,1,24,,16200,4,,,1,64,,16214,4,,,1,24,,16202,4,,,1,64,,16235,4,,,1,26,,16199,4,,,1,66,,16219,4,,,1,30,,16205,4,,,1,70,,16198,4,,,1,30,,16216,4,,,1,68,,16204,4,,,1,28,,16197,4,,,1,27,,16218,4,,,1,66,,16206,4,,,1,26,,16196,4,,,1,78,,16217,4,,,1,78,,16195,4,,,1,38,,16215,4,,,1,76,,16194,4,,,1,35,,16220,4,,,1
801,'CPSaturday',556,,16752,4,,,1,81,,16746,4,,,1,81,,16753,4,,,1,82,,16741,4,,,1,45,,16754,4,,,1,85,,16744,4,,,1,86,,16755,4,,,1,89,,16743,4,,,1,50,,16756,4,,,1,91,,16750,4,,,1,91,,16757,4,,,1,93,,16742,4,,,1,93,,16751,4,,,1,93,,16747,4,,,1,93,,16759,4,,,1,93,,16740,4,,,1,52,,16761,4,,,1,90,,16749,4,,,1,89,,16762,4,,,1,86,,16745,4,,,1,86,,16758,4,,,1,46,,16748,4,,,1,87,,16760,4,,,1
801,'CPWeekday',538,,16792,4,,,1,71,,16791,4,,,1,33,,16787,4,,,1,72,,16790,4,,,1,14,,16793,4,,,1,12,,16795,4,,,1,3,,16796,4,,,1,60,,16789,4,,,1,25,,16788,4,,,1,78,,16786,4,,,1,37,,16785,4,,,1,78,,16783,4,,,1,34,,16784,4,,,1,75,,16782,4,,,1,75,,16780,4,,,1,35,,16781,4,,,1,75,,16779,4,,,1,38,,16778,4,,,1,58,,16797,4,,,1,21,,16794,4,,,1,2,,16777,4,,,1,84,,16776,4,,,1,83,,16775,4,,,1,39,,16771,4,,,1,79,,16769,4,,,1,39,,16768,4,,,1,77,,16773,4,,,1,72,,16764,4,,,1,33,,16763,4,,,1,73,,16770,4,,,1,40,,16765,4,,,1,81,,16774,4,,,1,82,,16767,4,,,1,42,,16772,4,,,1,83,,16766,4,,,1
2601,'CPHoliday1',704,,20126,49,,,1,26,,20127,49,,,1,26,,20128,49,,,1,65,,20129,49,,,1,26,,20130,49,,,1,66,,20131,49,,,1,27,,20132,49,,,1,69,,20133,49,,,1,29,,20134,49,,,1,69,,20135,49,,,1,28,,20136,49,,,1,68,,20137,49,,,1,29,,20138,49,,,1,20,,20139,49,,,1,61,,20140,49,,,1,22,,20141,49,,,1,22,,20142,49,,,1,64,,20143,49,,,1,24,,20144,49,,,1,64,,20145,49,,,1,24,,20146,49,,,1,24,,20147,49,,,1,64,,20148,49,,,1,22,,20149,49,,,1,62,,20150,49,,,1,22,,20151,49,,,1,22,,20152,49,,,1,63,,20153,49,,,1,24,,20154,49,,,1,22,,20155,49,,,1,61,,20156,49,,,1,22,,20157,49,,,1,61,,20158,49,,,1,21,,20159,49,,,1,27,,20160,49,,,1,67,,20161,49,,,1,28,,20162,49,,,1,68,,20163,49,,,1,28,,20164,49,,,1,67,,20165,49,,,1,26,,20166,49,,,1,66,,20167,49,,,1,25,,20168,49,,,1,23,,20169,49,,,1,63,,20170,49,,,1,22,,20171,49,,,1,24,,20172,49,,,1
2601,'CPSaturday',529,,20173,4,,,1,20,,20241,4,,,1,62,,20174,49,,,1,21,,20175,49,,,1,26,,20176,49,,,1,60,,20177,49,,,1,20,,20178,49,,,1,62,,20179,49,,,1,22,,20180,49,,,1,22,,20181,49,,,1,64,,20182,49,,,1,25,,20183,49,,,1,24,,20184,49,,,1,64,,20185,49,,,1,24,,20186,49,,,1,65,,20187,49,,,1,24,,20188,49,,,1,25,,20189,49,,,1,64,,20190,49,,,1,20,,20191,49,,,1,60,,20192,49,,,1,20,,20193,49,,,1,20,,20194,49,,,1,60,,20195,49,,,1,21,,20196,49,,,1,18,,20197,49,,,1,58,,20198,49,,,1,17,,20199,49,,,1,16,,20200,49,,,1,16,,20201,49,,,1,56,,20202,49,,,1,14,,20203,49,,,1,14,,20204,49,,,1,14,,20205,49,,,1,54,,20206,49,,,1,14,,20207,49,,,1,13,,20208,49,,,1,14,,20209,49,,,1,14,,20210,49,,,1,54,,20211,49,,,1,14,,20212,49,,,1,14,,20213,49,,,1,15,,20214,49,,,1,55,,20215,49,,,1,15,,20216,49,,,1,15,,20217,49,,,1,14,,20218,49,,,1,54,,20219,49,,,1,15,,20220,49,,,1,15,,20221,49,,,1,20,,20222,49,,,1,58,,20223,49,,,1,20,,20224,49,,,1,19,,20225,49,,,1,61,,20226,49,,,1,22,,20227,49,,,1,22,,20228,49,,,1,62,,20229,49,,,1,18,,20230,49,,,1,17,,20231,49,,,1,58,,20232,49,,,1,18,,20233,49,,,1,16,,20234,49,,,1,62,,20235,49,,,1,22,,20236,49,,,1,28,,20237,49,,,1,67,,20238,49,,,1,28,,20239,49,,,1,68,,20240,49,,,1
2601,'CPSunday',704,,20242,49,,,1,26,,20243,49,,,1,26,,20244,49,,,1,65,,20245,49,,,1,26,,20246,49,,,1,66,,20247,49,,,1,27,,20248,49,,,1,69,,20249,49,,,1,29,,20250,49,,,1,69,,20251,49,,,1,28,,20252,49,,,1,68,,20253,49,,,1,29,,20254,49,,,1,20,,20255,49,,,1,61,,20256,49,,,1,22,,20257,49,,,1,22,,20258,49,,,1,64,,20259,49,,,1,24,,20260,49,,,1,64,,20261,49,,,1,24,,20262,49,,,1,24,,20263,49,,,1,64,,20264,49,,,1,22,,20265,49,,,1,62,,20266,49,,,1,22,,20267,49,,,1,22,,20268,49,,,1,63,,20269,49,,,1,24,,20270,49,,,1,22,,20271,49,,,1,61,,20272,49,,,1,22,,20273,49,,,1,61,,20274,49,,,1,21,,20275,49,,,1,27,,20276,49,,,1,67,,20277,49,,,1,28,,20278,49,,,1,68,,20279,49,,,1,28,,20280,49,,,1,67,,20281,49,,,1,26,,20282,49,,,1,66,,20283,49,,,1,25,,20284,49,,,1,23,,20285,49,,,1,63,,20286,49,,,1,22,,20287,49,,,1,24,,20288,49,,,1
31200,'CPWeekday',754,,27833,4,,,1
