4500,'CPHoliday1',816,,37208,18,,,1,35,,37209,18,,,1,75,,37210,18,,,1,75,,37211,18,,,1,36,,37212,18,,,1,75,,37213,18,,,1,40,,37214,18,,,1,80,,37215,18,,,1,81,,37216,18,,,1,40,,37217,18,,,1,81,,37218,18,,,1,80,,37219,18,,,1,40,,37220,18,,,1,80,,37221,18,,,1,80,,37222,18,,,1,38,,37223,18,,,1,80,,37224,18,,,1,80,,37225,18,,,1,40,,37226,18,,,1,80,,37227,18,,,1,79,,37228,18,,,1,35,,37229,18,,,1,75,,37230,18,,,1
4500,'CPSaturday',642,,37231,18,,,1,75,,37232,18,,,1,35,,37233,18,,,1,75,,37234,18,,,1,80,,37235,18,,,1,40,,37236,18,,,1,80,,37237,18,,,1,80,,37238,18,,,1,40,,37239,18,,,1,83,,37240,18,,,1,83,,37241,18,,,1,42,,37242,18,,,1,82,,37243,18,,,1,83,,37244,18,,,1,82,,37245,18,,,1,42,,37246,18,,,1,82,,37247,18,,,1,82,,37248,18,,,1,41,,37249,18,,,1,80,,37250,18,,,1,78,,37251,18,,,1,37,,37252,18,,,1,78,,37253,18,,,1,35,,37254,18,,,1,84,,37255,18,,,1
4500,'CPSunday',816,,37256,18,,,1,35,,37257,18,,,1,75,,37258,18,,,1,75,,37259,18,,,1,36,,37260,18,,,1,75,,37261,18,,,1,40,,37262,18,,,1,80,,37263,18,,,1,81,,37264,18,,,1,40,,37265,18,,,1,81,,37266,18,,,1,80,,37267,18,,,1,40,,37268,18,,,1,80,,37269,18,,,1,80,,37270,18,,,1,38,,37271,18,,,1,80,,37272,18,,,1,80,,37273,18,,,1,40,,37274,18,,,1,80,,37275,18,,,1,79,,37276,18,,,1,35,,37277,18,,,1,75,,37278,18,,,1
4500,'CPWeekday',502,,37280,18,,,1,40,,37281,18,,,1,70,,37283,18,,,1,39,,37285,18,,,1,84,,37287,18,,,1,80,,37289,18,,,1,34,,37291,18,,,1,82,,37293,18,,,1,18,,37294,18,,,1,64,,37295,18,,,1,32,,37296,18,,,1,72,,37297,18,,,1,32,,37298,18,,,1,72,,37299,18,,,1,32,,37300,18,,,1,70,,37301,18,,,1,30,,37302,18,,,1,89,,37304,18,,,1,75,,37306,18,,,1,40,,37308,18,,,1,78,,37310,18,,,1,65,,37279,18,,,1,11,,37312,18,,,1,36,,37314,18,,,1,74,,37316,18,,,1,82,,37318,18,,,1,22,,37319,18,,,1,21,,37320,18,,,1,62,,37321,18,,,1,22,,37322,18,,,1,23,,37323,18,,,1,68,,37324,18,,,1,28,,37325,18,,,1,66,,37326,18,,,1,28,,37327,18,,,1,68,,37328,18,,,1,30,,37329,18,,,1,69,,37330,18,,,1
4501,'CPHoliday1',816,,37331,31,,,1,35,,37332,31,,,1,76,,37333,31,,,1,76,,37334,31,,,1,35,,37335,31,,,1,77,,37336,31,,,1,40,,37337,31,,,1,80,,37338,31,,,1,80,,37339,31,,,1,41,,37340,31,,,1,80,,37341,31,,,1,80,,37342,31,,,1,40,,37343,31,,,1,80,,37344,31,,,1,80,,37345,31,,,1,38,,37346,31,,,1,79,,37347,31,,,1,80,,37348,31,,,1,40,,37349,31,,,1,79,,37350,31,,,1,79,,37351,31,,,1,39,,37352,31,,,1
4501,'CPSaturday',607,,37353,31,,,1,36,,37354,31,,,1,77,,37355,31,,,1,35,,37356,31,,,1,79,,37357,31,,,1,74,,37358,31,,,1,41,,37359,31,,,1,81,,37360,31,,,1,80,,37361,31,,,1,42,,37362,31,,,1,83,,37363,31,,,1,82,,37364,31,,,1,83,,37365,31,,,1,41,,37366,31,,,1,82,,37367,31,,,1,81,,37368,31,,,1,42,,37369,31,,,1,79,,37370,31,,,1,82,,37371,31,,,1,42,,37372,31,,,1,79,,37373,31,,,1,79,,37374,31,,,1,40,,37375,31,,,1,75,,37376,31,,,1,34,,37377,31,,,1
4501,'CPSunday',816,,37378,31,,,1,35,,37379,31,,,1,76,,37380,31,,,1,76,,37381,31,,,1,35,,37382,31,,,1,77,,37383,31,,,1,40,,37384,31,,,1,80,,37385,31,,,1,80,,37386,31,,,1,41,,37387,31,,,1,80,,37388,31,,,1,80,,37389,31,,,1,40,,37390,31,,,1,80,,37391,31,,,1,80,,37392,31,,,1,38,,37393,31,,,1,79,,37394,31,,,1,80,,37395,31,,,1,40,,37396,31,,,1,79,,37397,31,,,1,79,,37398,31,,,1,39,,37399,31,,,1
4501,'CPWeekday',502,,37400,31,,,1,33,,37401,31,,,1,73,,37402,31,,,1,43,,37404,31,,,1,81,,37406,31,,,1,77,,37408,31,,,1,42,,37410,31,,,1,76,,37412,31,,,1,82,,37414,31,,,1,98,,37416,31,,,1,31,,37417,31,,,1,73,,37418,31,,,1,33,,37419,31,,,1,72,,37420,31,,,1,32,,37421,31,,,1,60,,37422,31,,,1,23,,37423,31,,,1,20,,37424,31,,,1,61,,37425,31,,,1,34,,37427,31,,,1,80,,37429,31,,,1,76,,37431,31,,,1,35,,37433,31,,,1,76,,37435,31,,,1,34,,37437,31,,,1,75,,37439,31,,,1,31,,37441,31,,,1,56,,37442,31,,,1,19,,37443,31,,,1,19,,37444,31,,,1,62,,37445,31,,,1,28,,37446,31,,,1,69,,37447,31,,,1,30,,37448,31,,,1,70,,37449,31,,,1,30,,37450,31,,,1
7100,'CPWeekday',1623,,39674,5,,,1,20,,39675,5,,,1,60,,39678,5,,,1,20,,39676,5,,,1,30,,39677,5,,,1
7101,'CPWeekday',800,,39679,22,,,1,26,,39681,22,,,1,24,,39680,22,,,1
