701,'CPWeekday',235,,30425,31,,,1,77,,30426,31,,,1,47,,30427,31,,,1,81,,30428,31,,,1,67,,30438,31,,,1,24,,30435,31,,,1,174,,30429,31,,,1,42,,30437,31,,,1,63,,30436,31,,,1,132,,30430,31,,,1,278,,30431,31,,,1,284,,30432,31,,,1,299,,30433,31,,,1,241,,30434,31,,,1
701,'MAHoliday1',435,,30439,31,,,1,79,,30440,31,,,1,23,,30441,31,,,1,22,,30442,31,,,1,61,,30443,31,,,1,24,,30444,31,,,1,62,,30445,31,,,1,23,,30446,31,,,1,22,,30447,31,,,1,62,,30448,31,,,1,23,,30449,31,,,1,21,,30450,31,,,1,62,,30451,31,,,1,23,,30452,31,,,1,62,,30453,31,,,1,22,,30454,31,,,1,21,,30455,31,,,1,63,,30456,31,,,1,21,,30457,31,,,1,24,,30458,31,,,1,65,,30459,31,,,1,24,,30460,31,,,1,64,,30461,31,,,1,24,,30462,31,,,1,24,,30463,31,,,1,65,,30464,31,,,1,24,,30465,31,,,1,64,,30466,31,,,1,24,,30467,31,,,1,23,,30468,31,,,1,64,,30469,31,,,1,24,,30470,31,,,1,64,,30471,31,,,1,24,,30472,31,,,1,24,,30473,31,,,1,62,,30474,31,,,1,24,,30475,31,,,1,64,,30476,31,,,1,23,,30477,31,,,1,24,,30478,31,,,1,61,,30479,31,,,1,22,,30480,31,,,1,22,,30481,31,,,1,63,,30482,31,,,1,23,,30483,31,,,1,62,,30484,31,,,1,22,,30485,31,,,1,22,,30486,31,,,1,61,,30487,31,,,1,22,,30488,31,,,1,20,,30489,31,,,1,59,,30490,31,,,1
701,'MASaturday',428,,30491,31,,,1,20,,30492,31,,,1,60,,30493,31,,,1,22,,30494,31,,,1,21,,30495,31,,,1,62,,30496,31,,,1,23,,30497,31,,,1,64,,30498,31,,,1,23,,30499,31,,,1,22,,30500,31,,,1,61,,30501,31,,,1,21,,30502,31,,,1,23,,30503,31,,,1,66,,30504,31,,,1,24,,30505,31,,,1,65,,30506,31,,,1,27,,30507,31,,,1,25,,30508,31,,,1,63,,30509,31,,,1,25,,30510,31,,,1,65,,30511,31,,,1,24,,30512,31,,,1,25,,30513,31,,,1,66,,30514,31,,,1,25,,30515,31,,,1,65,,30516,31,,,1,24,,30517,31,,,1,66,,30518,31,,,1,25,,30519,31,,,1,25,,30520,31,,,1,65,,30521,31,,,1,25,,30522,31,,,1,65,,30523,31,,,1,24,,30524,31,,,1,23,,30525,31,,,1,64,,30526,31,,,1,25,,30527,31,,,1,65,,30528,31,,,1,24,,30529,31,,,1,22,,30530,31,,,1,62,,30531,31,,,1,22,,30532,31,,,1,60,,30533,31,,,1,21,,30534,31,,,1,23,,30535,31,,,1,63,,30536,31,,,1,23,,30537,31,,,1,22,,30538,31,,,1,61,,30539,31,,,1,20,,30540,31,,,1,20,,30541,31,,,1,60,,30542,31,,,1,21,,30543,31,,,1,21,,30544,31,,,1,60,,30545,31,,,1
701,'MASunday',435,,30546,31,,,1,79,,30547,31,,,1,23,,30548,31,,,1,22,,30549,31,,,1,61,,30550,31,,,1,24,,30551,31,,,1,62,,30552,31,,,1,23,,30553,31,,,1,22,,30554,31,,,1,62,,30555,31,,,1,23,,30556,31,,,1,21,,30557,31,,,1,62,,30558,31,,,1,23,,30559,31,,,1,62,,30560,31,,,1,22,,30561,31,,,1,21,,30562,31,,,1,63,,30563,31,,,1,21,,30564,31,,,1,24,,30565,31,,,1,65,,30566,31,,,1,24,,30567,31,,,1,64,,30568,31,,,1,24,,30569,31,,,1,24,,30570,31,,,1,65,,30571,31,,,1,24,,30572,31,,,1,64,,30573,31,,,1,24,,30574,31,,,1,23,,30575,31,,,1,64,,30576,31,,,1,24,,30577,31,,,1,64,,30578,31,,,1,24,,30579,31,,,1,24,,30580,31,,,1,62,,30581,31,,,1,24,,30582,31,,,1,64,,30583,31,,,1,23,,30584,31,,,1,24,,30585,31,,,1,61,,30586,31,,,1,22,,30587,31,,,1,22,,30588,31,,,1,63,,30589,31,,,1,23,,30590,31,,,1,62,,30591,31,,,1,22,,30592,31,,,1,22,,30593,31,,,1,61,,30594,31,,,1,22,,30595,31,,,1,20,,30596,31,,,1,59,,30597,31,,,1
701,'MAWeekday',553,,30598,31,,,1,63,,30599,31,,,1,27,,30635,31,,,1,83,,30600,31,,,1,106,,30601,31,,,1,24,,30602,31,,,1,63,,30634,31,,,1,92,,30603,31,,,1,28,,30636,31,,,1,65,,30604,31,,,1,26,,30605,31,,,1,25,,30606,31,,,1,91,,30607,31,,,1,64,,30608,31,,,1,19,,30637,31,,,1,20,,30609,31,,,1,64,,30610,31,,,1,25,,30611,31,,,1,91,,30612,31,,,1,28,,30613,31,,,1,67,,30614,31,,,1,25,,30615,31,,,1,65,,30616,31,,,1,26,,30617,31,,,1,88,,30618,31,,,1,23,,30619,31,,,1,64,,30620,31,,,1,23,,30621,31,,,1,63,,30622,31,,,1,20,,30623,31,,,1,86,,30624,31,,,1,22,,30625,31,,,1,22,,30626,31,,,1,75,,30627,31,,,1,33,,30628,31,,,1,73,,30629,31,,,1,76,,30630,31,,,1,37,,30631,31,,,1,72,,30632,31,,,1,38,,30633,31,,,1
3901,'CPHoliday1',708,,36282,5,,,1,40,,36277,5,,,1,80,,36271,5,,,1,80,,36268,5,,,1,42,,36283,5,,,1,82,,36280,5,,,1,84,,36272,5,,,1,85,,36267,5,,,1,45,,36284,5,,,1,85,,36278,5,,,1,85,,36273,5,,,1,85,,36266,5,,,1,45,,36285,5,,,1,86,,36279,5,,,1,85,,36274,5,,,1,85,,36265,5,,,1,45,,36286,5,,,1,83,,36275,5,,,1,82,,36270,5,,,1,42,,36264,5,,,1,80,,36281,5,,,1,80,,36276,5,,,1,36,,36269,5,,,1,70,,36263,5,,,1
3901,'CPSaturday',919,,36291,5,,,1,288,,36290,5,,,1,229,,36292,5,,,1,70,,36289,5,,,1,230,,36293,5,,,1,70,,36288,5,,,1,227,,36294,5,,,1,26,,36287,5,,,1
3901,'CPSunday',708,,36314,5,,,1,40,,36309,5,,,1,80,,36303,5,,,1,80,,36300,5,,,1,42,,36315,5,,,1,82,,36312,5,,,1,84,,36304,5,,,1,85,,36299,5,,,1,45,,36316,5,,,1,85,,36310,5,,,1,85,,36305,5,,,1,85,,36298,5,,,1,45,,36317,5,,,1,86,,36311,5,,,1,85,,36306,5,,,1,85,,36297,5,,,1,45,,36318,5,,,1,83,,36307,5,,,1,82,,36302,5,,,1,42,,36296,5,,,1,80,,36313,5,,,1,80,,36308,5,,,1,36,,36301,5,,,1,70,,36295,5,,,1
3901,'MASaturday',705,,36339,5,,,1,26,,36335,5,,,1,26,,36334,5,,,1,66,,36328,5,,,1,28,,36343,5,,,1,96,,36336,5,,,1,68,,36331,5,,,1,28,,36327,5,,,1,68,,36325,5,,,1,28,,36342,5,,,1,96,,36337,5,,,1,70,,36332,5,,,1,31,,36323,5,,,1,70,,36319,5,,,1,130,,36338,5,,,1,70,,36329,5,,,1,30,,36324,5,,,1,70,,36320,5,,,1,130,,36340,5,,,1,70,,36330,5,,,1,29,,36322,5,,,1,70,,36321,5,,,1,120,,36341,5,,,1,24,,36333,5,,,1,60,,36326,5,,,1
3901,'MAWeekday',438,,36344,5,,,1,15,,36345,5,,,1,55,,36346,5,,,1,15,,36347,5,,,1,16,,36348,5,,,1,18,,36349,5,,,1,60,,36350,5,,,1,21,,36351,5,,,1,64,,36352,5,,,1,24,,36353,5,,,1,23,,36354,5,,,1,60,,36355,5,,,1,19,,36356,5,,,1,19,,36357,5,,,1,62,,36358,5,,,1,24,,36359,5,,,1,76,,36360,5,,,1,36,,36361,5,,,1,75,,36362,5,,,1,36,,36363,5,,,1,76,,36364,5,,,1,75,,36365,5,,,1,36,,36366,5,,,1,61,,36367,5,,,1,22,,36368,5,,,1,20,,36369,5,,,1,61,,36370,5,,,1,21,,36371,5,,,1,21,,36372,5,,,1,62,,36373,5,,,1,22,,36374,5,,,1,22,,36375,5,,,1,59,,36376,5,,,1,17,,36377,5,,,1,18,,36378,5,,,1,59,,36379,5,,,1,20,,36380,5,,,1,19,,36381,5,,,1,62,,36382,5,,,1,22,,36383,5,,,1,23,,36384,5,,,1,72,,36385,5,,,1,79,,36386,5,,,1,39,,36387,5,,,1,78,,36388,5,,,1,78,,36389,5,,,1,38,,36390,5,,,1,78,,36391,5,,,1,38,,36392,5,,,1
4300,'CPWeekday',453,,36936,6,,,1,80,,36943,6,,,1,80,,36939,6,,,1,40,,36941,6,,,1,80,,36937,6,,,1,80,,36944,6,,,1,40,,36940,6,,,1,80,,36942,6,,,1,80,,36938,6,,,1
