701,'CPWeekday',231,,30425,26,,,1,77,,30426,26,,,1,46,,30427,26,,,1,81,,30428,26,,,1,66,,30438,26,,,1,24,,30435,26,,,1,133,,30429,26,,,1,83,,30437,26,,,1,63,,30436,26,,,1,132,,30430,26,,,1,278,,30431,26,,,1,243,,30432,26,,,1,299,,30433,26,,,1,282,,30434,26,,,1
701,'MAHoliday1',430,,30439,26,,,1,80,,30440,26,,,1,23,,30441,26,,,1,22,,30442,26,,,1,61,,30443,26,,,1,23,,30444,26,,,1,62,,30445,26,,,1,23,,30446,26,,,1,22,,30447,26,,,1,62,,30448,26,,,1,23,,30449,26,,,1,21,,30450,26,,,1,62,,30451,26,,,1,23,,30452,26,,,1,22,,30453,26,,,1,62,,30454,26,,,1,21,,30455,26,,,1,62,,30456,26,,,1,21,,30457,26,,,1,24,,30458,26,,,1,65,,30459,26,,,1,24,,30460,26,,,1,64,,30461,26,,,1,24,,30462,26,,,1,24,,30463,26,,,1,65,,30464,26,,,1,24,,30465,26,,,1,64,,30466,26,,,1,24,,30467,26,,,1,23,,30468,26,,,1,64,,30469,26,,,1,24,,30470,26,,,1,64,,30471,26,,,1,24,,30472,26,,,1,24,,30473,26,,,1,63,,30474,26,,,1,24,,30475,26,,,1,64,,30476,26,,,1,23,,30477,26,,,1,24,,30478,26,,,1,61,,30479,26,,,1,22,,30480,26,,,1,22,,30481,26,,,1,63,,30482,26,,,1,23,,30483,26,,,1,62,,30484,26,,,1,22,,30485,26,,,1,22,,30486,26,,,1,61,,30487,26,,,1,22,,30488,26,,,1,20,,30489,26,,,1,59,,30490,26,,,1
701,'MASaturday',423,,30491,26,,,1,20,,30492,26,,,1,60,,30493,26,,,1,22,,30494,26,,,1,21,,30495,26,,,1,62,,30496,26,,,1,23,,30497,26,,,1,23,,30498,26,,,1,63,,30499,26,,,1,22,,30500,26,,,1,62,,30501,26,,,1,21,,30502,26,,,1,23,,30503,26,,,1,65,,30504,26,,,1,24,,30505,26,,,1,25,,30506,26,,,1,67,,30507,26,,,1,25,,30508,26,,,1,63,,30509,26,,,1,25,,30510,26,,,1,65,,30511,26,,,1,24,,30512,26,,,1,25,,30513,26,,,1,66,,30514,26,,,1,25,,30515,26,,,1,65,,30516,26,,,1,24,,30517,26,,,1,26,,30518,26,,,1,65,,30519,26,,,1,25,,30520,26,,,1,65,,30521,26,,,1,25,,30522,26,,,1,65,,30523,26,,,1,24,,30524,26,,,1,23,,30525,26,,,1,64,,30526,26,,,1,25,,30527,26,,,1,66,,30528,26,,,1,24,,30529,26,,,1,22,,30530,26,,,1,62,,30531,26,,,1,22,,30532,26,,,1,20,,30533,26,,,1,61,,30534,26,,,1,23,,30535,26,,,1,63,,30536,26,,,1,23,,30537,26,,,1,22,,30538,26,,,1,61,,30539,26,,,1,20,,30540,26,,,1,20,,30541,26,,,1,60,,30542,26,,,1,21,,30543,26,,,1,21,,30544,26,,,1,60,,30545,26,,,1
701,'MASunday',430,,30546,26,,,1,80,,30547,26,,,1,23,,30548,26,,,1,22,,30549,26,,,1,61,,30550,26,,,1,23,,30551,26,,,1,62,,30552,26,,,1,23,,30553,26,,,1,22,,30554,26,,,1,62,,30555,26,,,1,23,,30556,26,,,1,21,,30557,26,,,1,62,,30558,26,,,1,23,,30559,26,,,1,22,,30560,26,,,1,62,,30561,26,,,1,21,,30562,26,,,1,62,,30563,26,,,1,21,,30564,26,,,1,24,,30565,26,,,1,65,,30566,26,,,1,24,,30567,26,,,1,64,,30568,26,,,1,24,,30569,26,,,1,24,,30570,26,,,1,65,,30571,26,,,1,24,,30572,26,,,1,64,,30573,26,,,1,24,,30574,26,,,1,23,,30575,26,,,1,64,,30576,26,,,1,24,,30577,26,,,1,64,,30578,26,,,1,24,,30579,26,,,1,24,,30580,26,,,1,63,,30581,26,,,1,24,,30582,26,,,1,64,,30583,26,,,1,23,,30584,26,,,1,24,,30585,26,,,1,61,,30586,26,,,1,22,,30587,26,,,1,22,,30588,26,,,1,63,,30589,26,,,1,23,,30590,26,,,1,62,,30591,26,,,1,22,,30592,26,,,1,22,,30593,26,,,1,61,,30594,26,,,1,22,,30595,26,,,1,20,,30596,26,,,1,59,,30597,26,,,1
701,'MAWeekday',547,,30598,26,,,1,63,,30599,26,,,1,26,,30635,26,,,1,83,,30600,26,,,1,107,,30601,26,,,1,24,,30602,26,,,1,63,,30634,26,,,1,92,,30603,26,,,1,28,,30636,26,,,1,25,,30604,26,,,1,66,,30605,26,,,1,25,,30606,26,,,1,91,,30607,26,,,1,63,,30608,26,,,1,19,,30637,26,,,1,20,,30609,26,,,1,64,,30610,26,,,1,25,,30611,26,,,1,91,,30612,26,,,1,28,,30613,26,,,1,66,,30614,26,,,1,25,,30615,26,,,1,66,,30616,26,,,1,26,,30617,26,,,1,88,,30618,26,,,1,23,,30619,26,,,1,65,,30620,26,,,1,23,,30621,26,,,1,23,,30622,26,,,1,60,,30623,26,,,1,86,,30624,26,,,1,22,,30625,26,,,1,22,,30626,26,,,1,75,,30627,26,,,1,34,,30628,26,,,1,73,,30629,26,,,1,76,,30630,26,,,1,37,,30631,26,,,1,73,,30632,26,,,1,38,,30633,26,,,1
3901,'CPHoliday1',703,,36282,1,,,1,40,,36277,1,,,1,80,,36271,1,,,1,80,,36268,1,,,1,42,,36283,1,,,1,82,,36280,1,,,1,84,,36272,1,,,1,45,,36267,1,,,1,85,,36284,1,,,1,85,,36278,1,,,1,85,,36273,1,,,1,45,,36266,1,,,1,85,,36285,1,,,1,85,,36279,1,,,1,85,,36274,1,,,1,45,,36265,1,,,1,85,,36286,1,,,1,84,,36275,1,,,1,82,,36270,1,,,1,42,,36264,1,,,1,80,,36281,1,,,1,80,,36276,1,,,1,36,,36269,1,,,1,70,,36263,1,,,1
3901,'CPSaturday',914,,36291,1,,,1,288,,36290,1,,,1,228,,36292,1,,,1,70,,36289,1,,,1,230,,36293,1,,,1,70,,36288,1,,,1,228,,36294,1,,,1,26,,36287,1,,,1
3901,'CPSunday',703,,36314,1,,,1,40,,36309,1,,,1,80,,36303,1,,,1,80,,36300,1,,,1,42,,36315,1,,,1,82,,36312,1,,,1,84,,36304,1,,,1,45,,36299,1,,,1,85,,36316,1,,,1,85,,36310,1,,,1,85,,36305,1,,,1,45,,36298,1,,,1,85,,36317,1,,,1,85,,36311,1,,,1,85,,36306,1,,,1,45,,36297,1,,,1,85,,36318,1,,,1,84,,36307,1,,,1,82,,36302,1,,,1,42,,36296,1,,,1,80,,36313,1,,,1,80,,36308,1,,,1,36,,36301,1,,,1,70,,36295,1,,,1
3901,'MASaturday',701,,36339,1,,,1,25,,36335,1,,,1,26,,36334,1,,,1,66,,36328,1,,,1,28,,36343,1,,,1,96,,36336,1,,,1,68,,36331,1,,,1,28,,36327,1,,,1,68,,36325,1,,,1,28,,36342,1,,,1,96,,36337,1,,,1,70,,36332,1,,,1,30,,36323,1,,,1,70,,36319,1,,,1,130,,36338,1,,,1,70,,36329,1,,,1,30,,36324,1,,,1,70,,36320,1,,,1,130,,36340,1,,,1,70,,36330,1,,,1,30,,36322,1,,,1,70,,36321,1,,,1,120,,36341,1,,,1,25,,36333,1,,,1,60,,36326,1,,,1
3901,'MAWeekday',433,,36344,1,,,1,15,,36345,1,,,1,55,,36346,1,,,1,15,,36347,1,,,1,16,,36348,1,,,1,18,,36349,1,,,1,59,,36350,1,,,1,21,,36351,1,,,1,23,,36352,1,,,1,64,,36353,1,,,1,23,,36354,1,,,1,60,,36355,1,,,1,19,,36356,1,,,1,19,,36357,1,,,1,62,,36358,1,,,1,24,,36359,1,,,1,77,,36360,1,,,1,36,,36361,1,,,1,76,,36362,1,,,1,36,,36363,1,,,1,76,,36364,1,,,1,75,,36365,1,,,1,35,,36366,1,,,1,21,,36367,1,,,1,62,,36368,1,,,1,20,,36369,1,,,1,60,,36370,1,,,1,21,,36371,1,,,1,21,,36372,1,,,1,61,,36373,1,,,1,22,,36374,1,,,1,22,,36375,1,,,1,60,,36376,1,,,1,17,,36377,1,,,1,18,,36378,1,,,1,59,,36379,1,,,1,20,,36380,1,,,1,20,,36381,1,,,1,62,,36382,1,,,1,22,,36383,1,,,1,23,,36384,1,,,1,73,,36385,1,,,1,79,,36386,1,,,1,39,,36387,1,,,1,78,,36388,1,,,1,38,,36389,1,,,1,78,,36390,1,,,1,78,,36391,1,,,1,38,,36392,1,,,1
10701,'MAHoliday1',837,,40723,14,,,1,70,,40724,14,,,1,30,,40725,14,,,1,70,,40726,14,,,1,17,,40727,14,,,1,18,,40728,14,,,1,58,,40729,14,,,1,18,,40730,14,,,1,18,,40731,14,,,1,18,,40732,14,,,1,58,,40733,14,,,1,20,,40734,14,,,1,18,,40735,14,,,1,59,,40736,14,,,1,18,,40737,14,,,1,18,,40738,14,,,1,58,,40739,14,,,1,19,,40740,14,,,1,19,,40741,14,,,1,60,,40742,14,,,1,21,,40743,14,,,1,21,,40744,14,,,1,59,,40745,14,,,1,19,,40746,14,,,1,20,,40747,14,,,1,60,,40748,14,,,1,21,,40749,14,,,1,19,,40750,14,,,1,60,,40751,14,,,1,20,,40752,14,,,1,17,,40753,14,,,1,17,,40754,14,,,1,57,,40755,14,,,1,17,,40756,14,,,1,18,,40757,14,,,1,74,,40758,14,,,1,35,,40759,14,,,1,69,,40760,14,,,1,24,,40761,14,,,1
10701,'MASaturday',839,,40762,14,,,1,70,,40763,14,,,1,27,,40764,14,,,1,69,,40765,14,,,1,19,,40766,14,,,1,19,,40767,14,,,1,59,,40768,14,,,1,18,,40769,14,,,1,18,,40770,14,,,1,18,,40771,14,,,1,57,,40772,14,,,1,18,,40773,14,,,1,18,,40774,14,,,1,59,,40775,14,,,1,21,,40776,14,,,1,20,,40777,14,,,1,61,,40778,14,,,1,17,,40779,14,,,1,19,,40780,14,,,1,58,,40781,14,,,1,20,,40782,14,,,1,19,,40783,14,,,1,60,,40784,14,,,1,18,,40785,14,,,1,20,,40786,14,,,1,60,,40787,14,,,1,21,,40788,14,,,1,18,,40789,14,,,1,17,,40790,14,,,1,56,,40791,14,,,1,18,,40792,14,,,1,18,,40793,14,,,1,59,,40794,14,,,1,19,,40795,14,,,1,21,,40796,14,,,1,74,,40797,14,,,1,34,,40798,14,,,1,70,,40799,14,,,1,24,,40800,14,,,1
10701,'MASunday',837,,40801,14,,,1,70,,40802,14,,,1,30,,40803,14,,,1,70,,40804,14,,,1,17,,40805,14,,,1,18,,40806,14,,,1,58,,40807,14,,,1,18,,40808,14,,,1,18,,40809,14,,,1,18,,40810,14,,,1,58,,40811,14,,,1,20,,40812,14,,,1,18,,40813,14,,,1,59,,40814,14,,,1,18,,40815,14,,,1,18,,40816,14,,,1,58,,40817,14,,,1,19,,40818,14,,,1,19,,40819,14,,,1,60,,40820,14,,,1,21,,40821,14,,,1,21,,40822,14,,,1,59,,40823,14,,,1,19,,40824,14,,,1,20,,40825,14,,,1,60,,40826,14,,,1,21,,40827,14,,,1,19,,40828,14,,,1,60,,40829,14,,,1,20,,40830,14,,,1,17,,40831,14,,,1,17,,40832,14,,,1,57,,40833,14,,,1,17,,40834,14,,,1,18,,40835,14,,,1,74,,40836,14,,,1,35,,40837,14,,,1,69,,40838,14,,,1,24,,40839,14,,,1
10701,'MAWeekday',526,,40840,14,,,1,32,,40841,14,,,1,55,,40842,14,,,1,15,,40843,14,,,1,18,,40844,14,,,1,55,,40845,14,,,1,17,,40846,14,,,1,15,,40847,14,,,1,15,,40848,14,,,1,55,,40849,14,,,1,13,,40850,14,,,1,12,,40851,14,,,1,12,,40852,14,,,1,14,,40853,14,,,1,51,,40854,14,,,1,14,,40855,14,,,1,15,,40856,14,,,1,14,,40857,14,,,1,54,,40858,14,,,1,15,,40859,14,,,1,15,,40860,14,,,1,15,,40861,14,,,1,55,,40862,14,,,1,13,,40863,14,,,1,15,,40864,14,,,1,16,,40865,14,,,1,55,,40866,14,,,1,16,,40867,14,,,1,15,,40868,14,,,1,16,,40869,14,,,1,55,,40870,14,,,1,15,,40871,14,,,1,15,,40872,14,,,1,16,,40873,14,,,1,55,,40874,14,,,1,16,,40875,14,,,1,17,,40876,14,,,1,16,,40877,14,,,1,55,,40878,14,,,1,11,,40879,14,,,1,9,,40880,14,,,1,12,,40881,14,,,1,11,,40882,14,,,1,52,,40883,14,,,1,12,,40884,14,,,1,13,,40885,14,,,1,11,,40886,14,,,1,10,,40887,14,,,1,52,,40888,14,,,1,12,,40889,14,,,1,12,,40890,14,,,1,10,,40891,14,,,1,11,,40892,14,,,1,12,,40893,14,,,1,51,,40894,14,,,1,9,,40895,14,,,1,11,,40896,14,,,1,12,,40897,14,,,1,15,,40898,14,,,1,55,,40899,14,,,1,16,,40900,14,,,1,13,,40901,14,,,1,61,,40902,14,,,1,20,,40903,14,,,1,21,,40904,14,,,1,58,,40905,14,,,1,18,,40906,14,,,1,17,,40907,14,,,1,18,,40908,14,,,1,58,,40909,14,,,1,19,,40910,14,,,1,19,,40911,14,,,1,59,,40912,14,,,1,20,,40913,14,,,1,25,,40914,14,,,1
10900,'CPHoliday1',811,,40978,3,,,1,25,,40972,3,,,1,65,,40965,3,,,1,26,,40960,3,,,1,25,,40958,3,,,1,60,,40957,3,,,1,20,,40979,3,,,1,20,,40971,3,,,1,60,,40968,3,,,1,20,,40951,3,,,1,20,,40961,3,,,1,61,,40952,3,,,1,20,,40950,3,,,1,20,,40977,3,,,1,61,,40973,3,,,1,20,,40966,3,,,1,20,,40948,3,,,1,60,,40962,3,,,1,20,,40953,3,,,1,20,,40947,3,,,1,60,,40980,3,,,1,20,,40974,3,,,1,20,,40967,3,,,1,60,,40944,3,,,1,20,,40959,3,,,1,20,,40954,3,,,1,60,,40945,3,,,1,20,,40981,3,,,1,20,,40975,3,,,1,60,,40964,3,,,1,20,,40941,3,,,1,20,,40963,3,,,1,59,,40955,3,,,1,20,,40946,3,,,1,20,,40982,3,,,1,60,,40976,3,,,1,20,,40970,3,,,1,20,,40942,3,,,1,64,,40956,3,,,1,25,,40949,3,,,1,70,,40983,3,,,1,30,,40969,3,,,1,70,,40943,3,,,1
10900,'CPSaturday',722,,41030,3,,,1,20,,41024,3,,,1,60,,41016,3,,,1,20,,41010,3,,,1,21,,41003,3,,,1,60,,41002,3,,,1,20,,41029,3,,,1,20,,41022,3,,,1,60,,41015,3,,,1,20,,41001,3,,,1,18,,41008,3,,,1,18,,41004,3,,,1,58,,40994,3,,,1,18,,40995,3,,,1,18,,41031,3,,,1,58,,41023,3,,,1,18,,41018,3,,,1,18,,40993,3,,,1,58,,41009,3,,,1,18,,41005,3,,,1,18,,40996,3,,,1,18,,40992,3,,,1,58,,41032,3,,,1,19,,41025,3,,,1,18,,41017,3,,,1,60,,40991,3,,,1,20,,41013,3,,,1,20,,41006,3,,,1,60,,40999,3,,,1,20,,40988,3,,,1,20,,41034,3,,,1,60,,41028,3,,,1,20,,41020,3,,,1,20,,40987,3,,,1,58,,41011,3,,,1,18,,41007,3,,,1,18,,40997,3,,,1,58,,40986,3,,,1,18,,41033,3,,,1,16,,41026,3,,,1,16,,41021,3,,,1,60,,40990,3,,,1,25,,41014,3,,,1,65,,41000,3,,,1,24,,40985,3,,,1,22,,41027,3,,,1,62,,41019,3,,,1,22,,40989,3,,,1,22,,41012,3,,,1,62,,40998,3,,,1,22,,40984,3,,,1
10900,'CPSunday',811,,41072,3,,,1,25,,41066,3,,,1,65,,41059,3,,,1,26,,41054,3,,,1,25,,41052,3,,,1,60,,41051,3,,,1,20,,41073,3,,,1,20,,41065,3,,,1,60,,41062,3,,,1,20,,41045,3,,,1,20,,41055,3,,,1,61,,41046,3,,,1,20,,41044,3,,,1,20,,41071,3,,,1,61,,41067,3,,,1,20,,41060,3,,,1,20,,41042,3,,,1,60,,41056,3,,,1,20,,41047,3,,,1,20,,41041,3,,,1,60,,41074,3,,,1,20,,41068,3,,,1,20,,41061,3,,,1,60,,41038,3,,,1,20,,41053,3,,,1,20,,41048,3,,,1,60,,41039,3,,,1,20,,41075,3,,,1,20,,41069,3,,,1,60,,41058,3,,,1,20,,41035,3,,,1,20,,41057,3,,,1,59,,41049,3,,,1,20,,41040,3,,,1,20,,41076,3,,,1,60,,41070,3,,,1,20,,41064,3,,,1,20,,41036,3,,,1,64,,41050,3,,,1,25,,41043,3,,,1,70,,41077,3,,,1,30,,41063,3,,,1,70,,41037,3,,,1
10900,'CPWeekday',522,,41078,3,,,1,25,,41079,3,,,1,65,,41080,3,,,1,15,,41081,3,,,1,15,,41082,3,,,1,15,,41083,3,,,1,56,,41084,3,,,1,15,,41085,3,,,1,15,,41086,3,,,1,15,,41087,3,,,1,56,,41088,3,,,1,15,,41089,3,,,1,15,,41090,3,,,1,15,,41091,3,,,1,54,,41092,3,,,1,15,,41093,3,,,1,15,,41094,3,,,1,15,,41095,3,,,1,54,,41096,3,,,1,15,,41097,3,,,1,15,,41098,3,,,1,15,,41099,3,,,1,55,,41100,3,,,1,15,,41101,3,,,1,15,,41102,3,,,1,15,,41103,3,,,1,56,,41104,3,,,1,15,,41105,3,,,1,15,,41106,3,,,1,15,,41107,3,,,1,56,,41108,3,,,1,15,,41109,3,,,1,16,,41110,3,,,1,55,,41111,3,,,1,15,,41112,3,,,1,15,,41113,3,,,1,15,,41114,3,,,1,55,,41115,3,,,1,16,,41116,3,,,1,10,,41117,3,,,1,10,,41118,3,,,1,10,,41119,3,,,1,10,,41120,3,,,1,50,,41121,3,,,1,10,,41122,3,,,1,9,,41123,3,,,1,9,,41124,3,,,1,9,,41125,3,,,1,9,,41126,3,,,1,49,,41127,3,,,1,9,,41128,3,,,1,10,,41129,3,,,1,9,,41130,3,,,1,8,,41131,3,,,1,8,,41132,3,,,1,9,,41133,3,,,1,49,,41134,3,,,1,8,,41135,3,,,1,9,,41136,3,,,1,9,,41137,3,,,1,9,,41138,3,,,1,9,,41139,3,,,1,9,,41140,3,,,1,49,,41141,3,,,1,9,,41142,3,,,1,15,,41143,3,,,1,15,,41144,3,,,1,15,,41145,3,,,1,55,,41146,3,,,1,15,,41147,3,,,1,15,,41148,3,,,1,15,,41149,3,,,1,53,,41150,3,,,1,15,,41151,3,,,1,15,,41152,3,,,1,15,,41153,3,,,1,55,,41154,3,,,1,18,,41155,3,,,1,20,,41156,3,,,1,60,,41157,3,,,1,20,,41158,3,,,1,22,,41159,3,,,1
13501,'CPWeekday',619,,41772,3,,,1,15,,41773,3,,,1,15,,41774,3,,,1,55,,41775,3,,,1,15,,41776,3,,,1,15,,41777,3,,,1,15,,41778,3,,,1,55,,41779,3,,,1,15,,41780,3,,,1,15,,41781,3,,,1,15,,41782,3,,,1,55,,41783,3,,,1,15,,41784,3,,,1,540,,41785,3,,,1,55,,41786,3,,,1,15,,41787,3,,,1,15,,41788,3,,,1,15,,41789,3,,,1,55,,41790,3,,,1,15,,41791,3,,,1,15,,41792,3,,,1,15,,41793,3,,,1,55,,41794,3,,,1,15,,41795,3,,,1,15,,41796,3,,,1,15,,41797,3,,,1,55,,41798,3,,,1
