600,'CPHoliday1',814,,29991,41,,,1,42,,29992,41,,,1,81,,29993,41,,,1,85,,29994,41,,,1,82,,29995,41,,,1,45,,29996,41,,,1,86,,29997,41,,,1,86,,29998,41,,,1,89,,29999,41,,,1,48,,30000,41,,,1,87,,30001,41,,,1,89,,30002,41,,,1,88,,30003,41,,,1,87,,30004,41,,,1,44,,30005,41,,,1,81,,30006,41,,,1,81,,30007,41,,,1,41,,30008,41,,,1,79,,30009,41,,,1
600,'CPSaturday',543,,30010,41,,,1,78,,30011,41,,,1,38,,30012,41,,,1,79,,30013,41,,,1,82,,30014,41,,,1,81,,30015,41,,,1,42,,30016,41,,,1,83,,30017,41,,,1,87,,30018,41,,,1,44,,30019,41,,,1,85,,30020,41,,,1,87,,30021,41,,,1,86,,30022,41,,,1,44,,30023,41,,,1,84,,30024,41,,,1,85,,30025,41,,,1,85,,30026,41,,,1,44,,30027,41,,,1,83,,30028,41,,,1,84,,30029,41,,,1,84,,30030,41,,,1,42,,30031,41,,,1,84,,30032,41,,,1,82,,30033,41,,,1,40,,30034,41,,,1,80,,30035,41,,,1,80,,30036,41,,,1
600,'CPSunday',814,,30037,41,,,1,42,,30038,41,,,1,81,,30039,41,,,1,85,,30040,41,,,1,82,,30041,41,,,1,45,,30042,41,,,1,86,,30043,41,,,1,86,,30044,41,,,1,89,,30045,41,,,1,48,,30046,41,,,1,87,,30047,41,,,1,89,,30048,41,,,1,88,,30049,41,,,1,87,,30050,41,,,1,44,,30051,41,,,1,81,,30052,41,,,1,81,,30053,41,,,1,41,,30054,41,,,1,79,,30055,41,,,1
600,'CPWeekday',528,,30101,41,,,1,27,,30092,41,,,1,72,,30090,41,,,1,28,,30095,41,,,1,65,,30089,41,,,1,36,,30088,41,,,1,70,,30093,41,,,1,33,,30087,41,,,1,69,,30086,41,,,1,29,,30094,41,,,1,70,,30075,41,,,1,30,,30073,41,,,1,70,,30097,41,,,1,30,,30077,41,,,1,71,,30072,41,,,1,30,,30096,41,,,1,71,,30076,41,,,1,30,,30071,41,,,1,71,,30091,41,,,1,26,,30070,41,,,1,65,,30078,41,,,1,24,,30064,41,,,1,64,,30098,41,,,1,25,,30063,41,,,1,66,,30074,41,,,1,26,,30065,41,,,1,26,,30099,41,,,1,65,,30062,41,,,1,25,,30079,41,,,1,62,,30067,41,,,1,22,,30100,41,,,1,21,,30061,41,,,1,66,,30081,41,,,1,27,,30068,41,,,1,67,,30060,41,,,1,27,,30083,41,,,1,67,,30066,41,,,1,28,,30059,41,,,1,28,,30080,41,,,1,66,,30069,41,,,1,26,,30058,41,,,1,75,,30084,41,,,1,35,,30057,41,,,1,73,,30082,41,,,1,75,,30056,41,,,1,36,,30085,41,,,1
800,'CPSaturday',708,,30649,39,,,1,42,,30639,39,,,1,84,,30650,39,,,1,85,,30645,39,,,1,86,,30651,39,,,1,48,,30640,39,,,1,90,,30652,39,,,1,90,,30641,39,,,1,91,,30653,39,,,1,95,,30646,39,,,1,93,,30654,39,,,1,93,,30647,39,,,1,53,,30658,39,,,1,92,,30638,39,,,1,93,,30656,39,,,1,90,,30648,39,,,1,88,,30659,39,,,1,86,,30642,39,,,1,46,,30660,39,,,1,86,,30643,39,,,1,84,,30655,39,,,1,82,,30644,39,,,1,43,,30657,39,,,1
800,'CPWeekday',527,,30689,39,,,1,31,,30691,39,,,1,71,,30688,39,,,1,73,,30690,39,,,1,36,,30685,39,,,1,78,,30686,39,,,1,39,,30687,39,,,1,76,,30682,39,,,1,74,,30683,39,,,1,36,,30684,39,,,1,76,,30681,39,,,1,35,,30680,39,,,1,75,,30679,39,,,1,77,,30678,39,,,1,37,,30677,39,,,1,79,,30676,39,,,1,85,,30675,39,,,1,43,,30674,39,,,1,76,,30673,39,,,1,80,,30672,39,,,1,40,,30666,39,,,1,79,,30671,39,,,1,32,,30665,39,,,1,73,,30661,39,,,1,72,,30670,39,,,1,41,,30663,39,,,1,82,,30668,39,,,1,82,,30664,39,,,1,42,,30669,39,,,1,81,,30662,39,,,1,82,,30667,39,,,1
2600,'CPHoliday1',637,,33833,7,,,1,65,,33834,7,,,1,26,,33836,16,,,1,25,,33837,16,,,1,67,,33838,16,,,1,26,,33839,16,,,1,67,,33840,16,,,1,28,,33841,16,,,1,68,,33842,16,,,1,28,,33843,16,,,1,68,,33844,16,,,1,29,,33845,16,,,1,67,,33846,16,,,1,21,,33847,16,,,1,20,,33848,16,,,1,63,,33849,16,,,1,24,,33850,16,,,1,24,,33851,16,,,1,65,,33852,16,,,1,22,,33853,16,,,1,62,,33854,16,,,1,22,,33855,16,,,1,22,,33856,16,,,1,64,,33857,16,,,1,25,,33858,16,,,1,23,,33859,16,,,1,63,,33860,16,,,1,24,,33861,16,,,1,62,,33862,16,,,1,22,,33863,16,,,1,22,,33864,16,,,1,61,,33865,16,,,1,21,,33866,16,,,1,26,,33867,16,,,1,68,,33868,16,,,1,27,,33869,16,,,1,68,,33870,16,,,1,27,,33871,16,,,1,65,,33872,16,,,1,26,,33873,16,,,1,65,,33874,16,,,1,26,,33875,16,,,1,26,,33876,16,,,1,64,,33877,16,,,1,23,,33878,16,,,1,64,,33879,16,,,1
2600,'CPSaturday',450,,33880,16,,,1,60,,33881,16,,,1,21,,33882,16,,,1,20,,33883,16,,,1,63,,33884,16,,,1,22,,33885,16,,,1,22,,33886,16,,,1,63,,33887,16,,,1,22,,33888,16,,,1,64,,33889,16,,,1,22,,33890,16,,,1,22,,33891,16,,,1,65,,33892,16,,,1,24,,33893,16,,,1,64,,33894,16,,,1,25,,33895,16,,,1,18,,33896,16,,,1,59,,33897,16,,,1,19,,33898,16,,,1,20,,33899,16,,,1,61,,33900,16,,,1,19,,33901,16,,,1,18,,33902,16,,,1,58,,33903,16,,,1,16,,33904,16,,,1,16,,33905,16,,,1,16,,33906,16,,,1,56,,33907,16,,,1,14,,33908,16,,,1,14,,33909,16,,,1,14,,33910,16,,,1,54,,33911,16,,,1,14,,33912,16,,,1,14,,33913,16,,,1,14,,33914,16,,,1,14,,33915,16,,,1,54,,33916,16,,,1,14,,33917,16,,,1,14,,33918,16,,,1,15,,33919,16,,,1,55,,33920,16,,,1,14,,33921,16,,,1,15,,33922,16,,,1,15,,33923,16,,,1,54,,33924,16,,,1,14,,33925,16,,,1,14,,33926,16,,,1,14,,33927,16,,,1,52,,33928,16,,,1,11,,33929,16,,,1,12,,33930,16,,,1,16,,33931,16,,,1,63,,33932,16,,,1,24,,33933,16,,,1,24,,33934,16,,,1,64,,33935,16,,,1,20,,33936,16,,,1,18,,33937,16,,,1,57,,33938,16,,,1,17,,33939,16,,,1,18,,33940,16,,,1,61,,33941,16,,,1,24,,33942,16,,,1,24,,33943,16,,,1,66,,33944,16,,,1,28,,33945,16,,,1,66,,33946,16,,,1,22,,33947,16,,,1,20,,33948,16,,,1,59,,33949,16,,,1,20,,33950,16,0,32 44 34 35 36 37,1
2600,'CPSunday',637,,33951,7,,,1,65,,33952,7,,,1,26,,33954,16,,,1,25,,33955,16,,,1,67,,33956,16,,,1,26,,33957,16,,,1,67,,33958,16,,,1,28,,33959,16,,,1,68,,33960,16,,,1,28,,33961,16,,,1,68,,33962,16,,,1,29,,33963,16,,,1,67,,33964,16,,,1,21,,33965,16,,,1,20,,33966,16,,,1,63,,33967,16,,,1,24,,33968,16,,,1,24,,33969,16,,,1,65,,33970,16,,,1,22,,33971,16,,,1,62,,33972,16,,,1,22,,33973,16,,,1,22,,33974,16,,,1,64,,33975,16,,,1,25,,33976,16,,,1,23,,33977,16,,,1,63,,33978,16,,,1,24,,33979,16,,,1,62,,33980,16,,,1,22,,33981,16,,,1,22,,33982,16,,,1,61,,33983,16,,,1,21,,33984,16,,,1,26,,33985,16,,,1,68,,33986,16,,,1,27,,33987,16,,,1,68,,33988,16,,,1,27,,33989,16,,,1,65,,33990,16,,,1,26,,33991,16,,,1,65,,33992,16,,,1,26,,33993,16,,,1,26,,33994,16,,,1,64,,33995,16,,,1,23,,33996,16,,,1,64,,33997,16,,,1
37101,'CPWeekday',1403,,41801,27,,,1
