2400,'MAWeekday',548,,19598,,,1,71,,19599,,,1,36,,19600,,,1,75,,19601,,,1,76,,19602,,,1,35,,19603,,,1,74,,19604,,,1,35,,19605,,,1,69,,19606,,,1,410,,19607,,,1,71,,19608,,,1,34,,19609,,,1,76,,19610,,,1,36,,19611,,,1,76,,19612,,,1,37,,19613,,,1,74,,19614,,,1
2401,'MAWeekday',506,,19615,,,1,31,,19616,,,1,80,,19617,,,1,31,,19618,,,1,78,,19619,,,1,33,,19620,,,1,77,,19621,,,1,77,,19622,,,1,32,,19623,,,1,71,,19624,,,1,332,,19625,,,1,77,,19626,,,1,76,,19627,,,1,35,,19628,,,1,76,,19629,,,1,36,,19630,,,1,76,,19631,,,1,33,,19632,,,1,75,,19633,,,1
10700,'MAHoliday1',832,,26192,,,1,71,,26164,,,1,31,,26168,,,1,69,,26169,,,1,23,,26187,,,1,18,,26197,,,1,59,,26165,,,1,19,,26166,,,1,18,,26167,,,1,18,,26175,,,1,58,,26170,,,1,19,,26188,,,1,18,,26196,,,1,59,,26172,,,1,21,,26174,,,1,22,,26173,,,1,60,,26178,,,1,20,,26171,,,1,20,,26189,,,1,60,,26198,,,1,20,,26179,,,1,20,,26177,,,1,60,,26180,,,1,20,,26176,,,1,20,,26186,,,1,59,,26191,,,1,19,,26199,,,1,20,,26182,,,1,60,,26185,,,1,19,,26181,,,1,20,,26183,,,1,59,,26184,,,1,19,,26190,,,1,16,,26200,,,1,68,,26193,,,1,29,,26195,,,1,67,,26194,,,1
10700,'MASaturday',832,,26229,,,1,71,,26201,,,1,31,,26205,,,1,69,,26209,,,1,23,,26224,,,1,18,,26233,,,1,59,,26203,,,1,19,,26202,,,1,18,,26204,,,1,18,,26213,,,1,58,,26210,,,1,19,,26225,,,1,18,,26234,,,1,59,,26208,,,1,21,,26206,,,1,22,,26207,,,1,60,,26218,,,1,20,,26212,,,1,20,,26228,,,1,60,,26236,,,1,20,,26211,,,1,20,,26217,,,1,60,,26215,,,1,20,,26219,,,1,20,,26214,,,1,59,,26226,,,1,19,,26235,,,1,20,,26216,,,1,60,,26220,,,1,19,,26221,,,1,20,,26222,,,1,59,,26223,,,1,19,,26227,,,1,16,,26237,,,1,68,,26230,,,1,29,,26232,,,1,67,,26231,,,1
10700,'MASunday',832,,26266,,,1,71,,26238,,,1,31,,26242,,,1,69,,26243,,,1,23,,26261,,,1,18,,26271,,,1,59,,26239,,,1,19,,26240,,,1,18,,26241,,,1,18,,26249,,,1,58,,26244,,,1,19,,26262,,,1,18,,26270,,,1,59,,26246,,,1,21,,26248,,,1,22,,26247,,,1,60,,26252,,,1,20,,26245,,,1,20,,26263,,,1,60,,26272,,,1,20,,26253,,,1,20,,26251,,,1,60,,26254,,,1,20,,26250,,,1,20,,26260,,,1,59,,26265,,,1,19,,26273,,,1,20,,26256,,,1,60,,26259,,,1,19,,26255,,,1,20,,26257,,,1,59,,26258,,,1,19,,26264,,,1,16,,26274,,,1,68,,26267,,,1,29,,26269,,,1,67,,26268,,,1
10700,'MAWeekday',527,,26334,,,1,28,,26327,,,1,56,,26323,,,1,16,,26341,,,1,16,,26321,,,1,16,,26324,,,1,56,,26309,,,1,15,,26310,,,1,16,,26338,,,1,55,,26316,,,1,15,,26326,,,1,14,,26317,,,1,14,,26342,,,1,15,,26308,,,1,54,,26307,,,1,12,,26325,,,1,12,,26314,,,1,14,,26300,,,1,54,,26337,,,1,14,,26305,,,1,14,,26329,,,1,15,,26319,,,1,55,,26347,,,1,15,,26298,,,1,15,,26295,,,1,15,,26313,,,1,55,,26301,,,1,15,,26335,,,1,15,,26292,,,1,15,,26333,,,1,57,,26320,,,1,15,,26346,,,1,15,,26303,,,1,17,,26289,,,1,56,,26311,,,1,15,,26299,,,1,15,,26339,,,1,17,,26293,,,1,54,,26330,,,1,15,,26318,,,1,15,,26340,,,1,13,,26282,,,1,52,,26302,,,1,12,,26283,,,1,12,,26286,,,1,13,,26280,,,1,10,,26312,,,1,50,,26297,,,1,11,,26336,,,1,11,,26290,,,1,12,,26277,,,1,12,,26328,,,1,12,,26322,,,1,51,,26343,,,1,11,,26276,,,1,12,,26304,,,1,12,,26281,,,1,11,,26287,,,1,54,,26315,,,1,15,,26306,,,1,18,,26294,,,1,59,,26331,,,1,19,,26344,,,1,20,,26278,,,1,60,,26279,,,1,19,,26288,,,1,20,,26296,,,1,60,,26291,,,1,18,,26332,,,1,19,,26345,,,1,20,,26275,,,1,60,,26284,,,1,20,,26285,,,1
10701,'MAHoliday1',825,,26351,,,1,30,,26360,,,1,69,,26377,,,1,30,,26349,,,1,59,,26348,,,1,18,,26350,,,1,18,,26361,,,1,58,,26352,,,1,18,,26372,,,1,18,,26380,,,1,58,,26354,,,1,18,,26353,,,1,18,,26355,,,1,19,,26362,,,1,58,,26356,,,1,20,,26373,,,1,21,,26381,,,1,60,,26358,,,1,20,,26359,,,1,20,,26357,,,1,60,,26364,,,1,21,,26365,,,1,20,,26374,,,1,60,,26382,,,1,20,,26363,,,1,20,,26368,,,1,61,,26371,,,1,20,,26367,,,1,19,,26366,,,1,60,,26375,,,1,19,,26383,,,1,20,,26370,,,1,59,,26369,,,1,20,,26376,,,1,74,,26378,,,1,35,,26384,,,1,66,,26379,,,1
10701,'MASaturday',825,,26391,,,1,30,,26397,,,1,69,,26412,,,1,30,,26385,,,1,59,,26386,,,1,18,,26387,,,1,18,,26405,,,1,58,,26394,,,1,18,,26410,,,1,18,,26417,,,1,58,,26390,,,1,18,,26389,,,1,18,,26388,,,1,19,,26398,,,1,58,,26392,,,1,20,,26413,,,1,21,,26418,,,1,60,,26393,,,1,20,,26396,,,1,20,,26395,,,1,60,,26402,,,1,21,,26406,,,1,20,,26411,,,1,60,,26420,,,1,20,,26404,,,1,20,,26399,,,1,61,,26401,,,1,20,,26400,,,1,19,,26403,,,1,60,,26414,,,1,19,,26419,,,1,20,,26407,,,1,59,,26408,,,1,20,,26409,,,1,74,,26415,,,1,35,,26421,,,1,66,,26416,,,1
10701,'MASunday',825,,26425,,,1,30,,26434,,,1,69,,26451,,,1,30,,26423,,,1,59,,26422,,,1,18,,26424,,,1,18,,26435,,,1,58,,26426,,,1,18,,26446,,,1,18,,26454,,,1,58,,26428,,,1,18,,26427,,,1,18,,26429,,,1,19,,26436,,,1,58,,26430,,,1,20,,26447,,,1,21,,26455,,,1,60,,26432,,,1,20,,26433,,,1,20,,26431,,,1,60,,26438,,,1,21,,26439,,,1,20,,26448,,,1,60,,26456,,,1,20,,26437,,,1,20,,26442,,,1,61,,26445,,,1,20,,26441,,,1,19,,26440,,,1,60,,26449,,,1,19,,26457,,,1,20,,26444,,,1,59,,26443,,,1,20,,26450,,,1,74,,26452,,,1,35,,26458,,,1,66,,26453,,,1
10701,'MAWeekday',515,,26526,,,1,30,,26508,,,1,55,,26507,,,1,15,,26506,,,1,16,,26519,,,1,16,,26505,,,1,56,,26512,,,1,16,,26500,,,1,15,,26525,,,1,12,,26498,,,1,13,,26492,,,1,52,,26509,,,1,14,,26495,,,1,15,,26490,,,1,14,,26521,,,1,54,,26491,,,1,15,,26514,,,1,15,,26504,,,1,15,,26531,,,1,55,,26479,,,1,15,,26488,,,1,15,,26493,,,1,15,,26480,,,1,55,,26522,,,1,15,,26474,,,1,15,,26511,,,1,15,,26501,,,1,55,,26532,,,1,15,,26482,,,1,15,,26473,,,1,15,,26496,,,1,55,,26483,,,1,15,,26520,,,1,16,,26475,,,1,16,,26516,,,1,55,,26503,,,1,15,,26530,,,1,17,,26487,,,1,16,,26467,,,1,55,,26470,,,1,15,,26494,,,1,12,,26485,,,1,12,,26518,,,1,52,,26478,,,1,12,,26465,,,1,11,,26513,,,1,12,,26502,,,1,12,,26527,,,1,52,,26459,,,1,10,,26484,,,1,13,,26466,,,1,12,,26469,,,1,12,,26460,,,1,50,,26497,,,1,10,,26481,,,1,10,,26523,,,1,11,,26477,,,1,12,,26463,,,1,12,,26515,,,1,52,,26499,,,1,11,,26524,,,1,10,,26461,,,1,19,,26468,,,1,60,,26472,,,1,20,,26489,,,1,20,,26476,,,1,60,,26510,,,1,20,,26528,,,1,21,,26462,,,1,60,,26464,,,1,19,,26471,,,1,25,,26486,,,1,65,,26517,,,1,23,,26529,,,1
