4400,'CPHoliday1',726,,36977,1,,,1,82,,36978,1,,,1,42,,36976,1,,,1,84,,36974,1,,,1,70,,36973,1,,,1,30,,36975,1,,,1,70,,36971,1,,,1,31,,36970,1,,,1,69,,36972,1,,,1,31,,36968,1,,,1,71,,36969,1,,,1,31,,36966,1,,,1,71,,36967,1,,,1,31,,36965,1,,,1,71,,36964,1,,,1,31,,36963,1,,,1,71,,36962,1,,,1,31,,36961,1,,,1,71,,36960,1,,,1,45,,36956,1,,,1,86,,36957,1,,,1,85,,36955,1,,,1,85,,36958,1,,,1,43,,36954,1,,,1,80,,36959,1,,,1
4400,'CPSaturday',730,,37001,1,,,1,85,,37002,1,,,1,85,,37000,1,,,1,45,,36998,1,,,1,85,,36999,1,,,1,85,,36997,1,,,1,85,,36996,1,,,1,45,,36993,1,,,1,70,,36995,1,,,1,30,,36994,1,,,1,70,,36992,1,,,1,32,,36991,1,,,1,72,,36990,1,,,1,32,,36989,1,,,1,72,,36988,1,,,1,32,,36986,1,,,1,72,,36985,1,,,1,32,,36984,1,,,1,72,,36987,1,,,1,72,,36981,1,,,1,44,,36980,1,,,1,84,,36982,1,,,1,84,,36979,1,,,1,42,,36983,1,,,1
4400,'CPSunday',726,,37026,1,,,1,82,,37027,1,,,1,42,,37025,1,,,1,84,,37023,1,,,1,70,,37022,1,,,1,30,,37024,1,,,1,70,,37020,1,,,1,31,,37019,1,,,1,69,,37021,1,,,1,31,,37017,1,,,1,71,,37018,1,,,1,31,,37015,1,,,1,71,,37016,1,,,1,31,,37014,1,,,1,71,,37013,1,,,1,31,,37012,1,,,1,71,,37011,1,,,1,31,,37010,1,,,1,71,,37009,1,,,1,45,,37005,1,,,1,86,,37006,1,,,1,85,,37004,1,,,1,85,,37007,1,,,1,43,,37003,1,,,1,80,,37008,1,,,1
4400,'CPWeekday',535,,37028,1,,,1,22,,37029,1,,,1,64,,37030,1,,,1,26,,37031,1,,,1,66,,37032,1,,,1,26,,37033,1,,,1,68,,37034,1,,,1,28,,37035,1,,,1,66,,37036,1,,,1,26,,37037,1,,,1,26,,37038,1,,,1,66,,37039,1,,,1,26,,37040,1,,,1,65,,37041,1,,,1,25,,37042,1,,,1,65,,37043,1,,,1,25,,37044,1,,,1,25,,37045,1,,,1,65,,37046,1,,,1,25,,37047,1,,,1,60,,37048,1,,,1,16,,37049,1,,,1,16,,37050,1,,,1,16,,37051,1,,,1,56,,37052,1,,,1,16,,37053,1,,,1,16,,37054,1,,,1,16,,37055,1,,,1,56,,37056,1,,,1,16,,37057,1,,,1,16,,37058,1,,,1,16,,37059,1,,,1,56,,37060,1,,,1,16,,37061,1,,,1,18,,37062,1,,,1,58,,37063,1,,,1,16,,37064,1,,,1,16,,37065,1,,,1,16,,37066,1,,,1,56,,37067,1,,,1,16,,37068,1,,,1,16,,37069,1,,,1,18,,37070,1,,,1,62,,37071,1,,,1,25,,37072,1,,,1,78,,37073,1,,,1,88,,37074,1,,,1,48,,37075,1,,,1,88,,37076,1,,,1,88,,37077,1,,,1,90,,37078,1,,,1
4401,'CPHoliday1',757,,37103,47,4,,1,82,,37104,47,4,,1,85,,37102,47,4,,1,84,,37101,47,4,,1,44,,37100,47,4,,1,73,,37098,47,4,,1,34,,37099,47,4,,1,71,,37096,47,4,,1,71,,37097,47,4,,1,31,,37094,47,4,,1,71,,37095,47,4,,1,31,,37093,47,4,,1,71,,37092,47,4,,1,31,,37091,47,4,,1,71,,37090,47,4,,1,31,,37089,47,4,,1,71,,37088,47,4,,1,30,,37087,47,4,,1,71,,37082,47,4,,1,31,,37083,47,4,,1,85,,37081,47,4,,1,84,,37086,47,4,,1,42,,37080,47,4,,1,80,,37084,47,4,,1,82,,37079,47,4,,1,40,,37085,47,4,,1
4401,'CPSaturday',804,,37130,47,4,,1,45,,37128,47,4,,1,88,,37129,47,4,,1,85,,37126,47,4,,1,85,,37127,47,4,,1,45,,37125,47,4,,1,85,,37123,47,4,,1,70,,37124,47,4,,1,30,,37121,47,4,,1,71,,37122,47,4,,1,31,,37120,47,4,,1,72,,37119,47,4,,1,32,,37118,47,4,,1,72,,37117,47,4,,1,32,,37116,47,4,,1,71,,37113,47,4,,1,32,,37112,47,4,,1,72,,37114,47,4,,1,32,,37111,47,4,,1,70,,37109,47,4,,1,31,,37115,47,4,,1,68,,37107,47,4,,1,84,,37106,47,4,,1,44,,37108,47,4,,1,82,,37105,47,4,,1,82,,37110,47,4,,1
4401,'CPSunday',757,,37155,47,4,,1,82,,37156,47,4,,1,85,,37154,47,4,,1,84,,37153,47,4,,1,44,,37152,47,4,,1,73,,37150,47,4,,1,34,,37151,47,4,,1,71,,37148,47,4,,1,71,,37149,47,4,,1,31,,37146,47,4,,1,71,,37147,47,4,,1,31,,37145,47,4,,1,71,,37144,47,4,,1,31,,37143,47,4,,1,71,,37142,47,4,,1,31,,37141,47,4,,1,71,,37140,47,4,,1,30,,37139,47,4,,1,71,,37134,47,4,,1,31,,37135,47,4,,1,85,,37133,47,4,,1,84,,37138,47,4,,1,42,,37132,47,4,,1,80,,37136,47,4,,1,82,,37131,47,4,,1,40,,37137,47,4,,1
4401,'CPWeekday',522,,37157,47,4,,1,20,,37158,47,4,,1,63,,37159,47,4,,1,25,,37160,47,4,,1,17,,37161,47,4,,1,55,,37162,47,4,,1,16,,37163,47,4,,1,16,,37164,47,4,,1,16,,37165,47,4,,1,56,,37166,47,4,,1,17,,37167,47,4,,1,16,,37168,47,4,,1,16,,37169,47,4,,1,56,,37170,47,4,,1,16,,37171,47,4,,1,16,,37172,47,4,,1,15,,37173,47,4,,1,55,,37174,47,4,,1,15,,37175,47,4,,1,15,,37176,47,4,,1,15,,37177,47,4,,1,62,,37178,47,4,,1,26,,37179,47,4,,1,66,,37180,47,4,,1,26,,37181,47,4,,1,66,,37182,47,4,,1,26,,37183,47,4,,1,26,,37184,47,4,,1,66,,37185,47,4,,1,26,,37186,47,4,,1,68,,37187,47,4,,1,28,,37188,47,4,,1,68,,37189,47,4,,1,28,,37190,47,4,,1,66,,37191,47,4,,1,26,,37192,47,4,,1,26,,37193,47,4,,1,66,,37194,47,4,,1,26,,37195,47,4,,1,65,,37196,47,4,,1,26,,37197,47,4,,1,66,,37198,47,4,,1,24,,37199,47,4,,1,26,,37200,47,4,,1,70,,37201,47,4,,1,78,,37202,47,4,,1,45,,37203,47,4,,1,82,,37204,47,4,,1,85,,37205,47,4,,1,90,,37206,47,4,,1,50,,37207,47,4,,1
12600,'CPWeekday',650,,41696,1,,,1,60,,41697,1,,,1,20,,41698,1,,,1,20,,41699,1,,,1,60,,41700,1,,,1,20,,41701,1,,,1,20,,41702,1,,,1,60,,41703,1,,,1,20,,41704,1,,,1,470,,41705,1,,,1,20,,41706,1,,,1,20,,41707,1,,,1,60,,41708,1,,,1,20,,41709,1,,,1,20,,41710,1,,,1,62,,41711,1,,,1,22,,41712,1,,,1,22,,41713,1,,,1,62,,41714,1,,,1,22,,41715,1,,,1,20,,41716,1,,,1,60,,41717,1,,,1,20,,41718,1,,,1,20,,41719,1,,,1,60,,41720,1,,,1
12601,'CPWeekday',733,,41721,14,4,,1,22,,41722,14,4,,1,63,,41723,14,4,,1,24,,41724,14,4,,1,61,,41725,14,4,,1,18,,41726,14,4,,1,20,,41727,14,4,,1,60,,41728,14,4,,1,19,,41729,14,4,,1,19,,41730,14,4,,1,19,,41731,14,4,,1,59,,41732,14,4,,1,435,,41733,14,4,,1,62,,41734,14,4,,1,21,,41735,14,4,,1,22,,41736,14,4,,1,61,,41737,14,4,,1,21,,41738,14,4,,1,61,,41739,14,4,,1,18,,41740,14,4,,1,21,,41741,14,4,,1,61,,41742,14,4,,1,17,,41743,14,4,,1,19,,41744,14,4,,1
