3801,'CPHoliday1',810,,36037,5,,,1,90,,36035,5,,,1,55,,36041,5,,,1,95,,36038,5,,,1,95,,36036,5,,,1,95,,36046,5,,,1,95,,36040,5,,,1,95,,36039,5,,,1,95,,36045,5,,,1,96,,36043,5,,,1,95,,36044,5,,,1,94,,36047,5,,,1,95,,36042,5,,,1,95,,36048,5,,,1
3801,'CPSaturday',604,,36049,5,,,1,25,,36050,5,,,1,25,,36051,5,,,1,70,,36052,5,,,1,30,,36053,5,,,1,70,,36054,5,,,1,30,,36055,5,,,1,71,,36056,5,,,1,32,,36057,5,,,1,73,,36058,5,,,1,74,,36059,5,,,1,34,,36060,5,,,1,74,,36061,5,,,1,34,,36062,5,,,1,74,,36063,5,,,1,34,,36064,5,,,1,74,,36065,5,,,1,74,,36066,5,,,1,34,,36067,5,,,1,74,,36068,5,,,1,35,,36069,5,,,1,74,,36070,5,,,1,35,,36071,5,,,1,75,,36072,5,,,1,74,,36073,5,,,1,34,,36074,5,,,1,72,,36075,5,,,1,32,,36076,5,,,1,70,,36077,5,,,1,30,,36078,5,,,1,70,,36079,5,,,1,27,,36080,5,,,1,68,,36081,5,,,1,28,,36082,5,,,1
3801,'CPSunday',810,,36085,5,,,1,90,,36083,5,,,1,55,,36089,5,,,1,95,,36086,5,,,1,95,,36084,5,,,1,95,,36094,5,,,1,95,,36088,5,,,1,95,,36087,5,,,1,95,,36093,5,,,1,96,,36091,5,,,1,95,,36092,5,,,1,94,,36095,5,,,1,95,,36090,5,,,1,95,,36096,5,,,1
3801,'CPWeekday',514,,36120,5,,,1,30,,36128,5,,,1,67,,36121,5,,,1,28,,36118,5,,,1,68,,36111,5,,,1,30,,36110,5,,,1,71,,36119,5,,,1,30,,36130,5,,,1,72,,36125,5,,,1,35,,36113,5,,,1,75,,36109,5,,,1,39,,36105,5,,,1,80,,36132,5,,,1,80,,36124,5,,,1,40,,36112,5,,,1,70,,36106,5,,,1,26,,36104,5,,,1,66,,36103,5,,,1,31,,36129,5,,,1,70,,36122,5,,,1,30,,36101,5,,,1,68,,36117,5,,,1,28,,36108,5,,,1,70,,36100,5,,,1,30,,36102,5,,,1,69,,36131,5,,,1,28,,36123,5,,,1,68,,36098,5,,,1,28,,36116,5,,,1,70,,36107,5,,,1,40,,36097,5,,,1,90,,36126,5,,,1,89,,36114,5,,,1,86,,36099,5,,,1,86,,36127,5,,,1,41,,36115,5,,,1
3900,'CPHoliday1',550,,36153,5,,,1,78,,36147,5,,,1,78,,36142,5,,,1,38,,36138,5,,,1,80,,36154,5,,,1,82,,36145,5,,,1,42,,36143,5,,,1,83,,36137,5,,,1,82,,36152,5,,,1,44,,36146,5,,,1,85,,36139,5,,,1,85,,36136,5,,,1,85,,36155,5,,,1,45,,36149,5,,,1,85,,36140,5,,,1,85,,36135,5,,,1,85,,36156,5,,,1,45,,36148,5,,,1,85,,36141,5,,,1,84,,36134,5,,,1,83,,36151,5,,,1,42,,36150,5,,,1,82,,36144,5,,,1,75,,36133,5,,,1
3900,'CPSaturday',753,,36161,5,,,1,283,,36160,5,,,1,298,,36159,5,,,1,270,,36162,5,,,1,30,,36158,5,,,1,270,,36163,5,,,1,30,,36157,5,,,1,214,,36164,5,,,1
3900,'CPSunday',550,,36185,5,,,1,78,,36179,5,,,1,78,,36174,5,,,1,38,,36170,5,,,1,80,,36186,5,,,1,82,,36177,5,,,1,42,,36175,5,,,1,83,,36169,5,,,1,82,,36184,5,,,1,44,,36178,5,,,1,85,,36171,5,,,1,85,,36168,5,,,1,85,,36187,5,,,1,45,,36181,5,,,1,85,,36172,5,,,1,85,,36167,5,,,1,85,,36188,5,,,1,45,,36180,5,,,1,85,,36173,5,,,1,84,,36166,5,,,1,83,,36183,5,,,1,42,,36182,5,,,1,82,,36176,5,,,1,75,,36165,5,,,1
3900,'MASaturday',548,,36212,5,,,1,65,,36211,5,,,1,25,,36205,5,,,1,65,,36204,5,,,1,25,,36215,5,,,1,91,,36206,5,,,1,26,,36199,5,,,1,66,,36197,5,,,1,29,,36198,5,,,1,68,,36214,5,,,1,96,,36210,5,,,1,30,,36200,5,,,1,70,,36194,5,,,1,30,,36192,5,,,1,70,,36213,5,,,1,100,,36209,5,,,1,30,,36203,5,,,1,70,,36195,5,,,1,30,,36190,5,,,1,170,,36207,5,,,1,30,,36202,5,,,1,70,,36193,5,,,1,30,,36189,5,,,1,170,,36208,5,,,1,27,,36201,5,,,1,26,,36196,5,,,1,66,,36191,5,,,1
3900,'MAWeekday',507,,36217,5,,,1,21,,36218,5,,,1,21,,36219,5,,,1,59,,36220,5,,,1,18,,36221,5,,,1,19,,36222,5,,,1,59,,36223,5,,,1,20,,36224,5,,,1,22,,36225,5,,,1,63,,36226,5,,,1,24,,36227,5,,,1,70,,36228,5,,,1,38,,36229,5,,,1,77,,36230,5,,,1,38,,36231,5,,,1,77,,36232,5,,,1,77,,36233,5,,,1,35,,36234,5,,,1,74,,36235,5,,,1,26,,36236,5,,,1,66,,36237,5,,,1,18,,36238,5,,,1,18,,36239,5,,,1,61,,36240,5,,,1,22,,36241,5,,,1,18,,36242,5,,,1,59,,36243,5,,,1,18,,36244,5,,,1,19,,36245,5,,,1,62,,36246,5,,,1,22,,36247,5,,,1,22,,36248,5,,,1,63,,36249,5,,,1,22,,36250,5,,,1,23,,36251,5,,,1,63,,36252,5,,,1,19,,36253,5,,,1,76,,36254,5,,,1,41,,36255,5,,,1,82,,36256,5,,,1,82,,36257,5,,,1,37,,36258,5,,,1,75,,36259,5,,,1,75,,36260,5,,,1,35,,36261,5,,,1,74,,36262,5,,,1
4301,'CPWeekday',1423,,36947,5,,,1,80,,36945,5,,,1,40,,36950,5,,,1,80,,36952,5,,,1,80,,36948,5,,,1,42,,36946,5,,,1,82,,36951,5,,,1,82,,36953,5,,,1,40,,36949,5,,,1
9001,'CPWeekday',438,,39779,5,,,1,65,,39780,5,,,1,25,,39781,5,,,1,30,,39782,5,,,1,70,,39783,5,,,1,30,,39784,5,,,1,70,,39785,5,,,1,30,,39786,5,,,1,70,,39787,5,,,1,28,,39788,5,,,1,90,,39789,5,,,1,91,,39790,5,,,1,90,,39791,5,,,1,90,,39792,5,,,1,90,,39793,5,,,1,50,,39794,5,,,1,72,,39795,5,,,1,30,,39796,5,,,1,70,,39797,5,,,1,30,,39798,5,,,1,70,,39799,5,,,1,30,,39800,5,,,1,70,,39801,5,,,1,30,,39802,5,,,1,70,,39803,5,,,1,30,,39804,5,,,1,70,,39805,5,,,1,72,,39806,5,,,1,33,,39807,5,,,1,86,,39808,5,,,1,85,,39809,5,,,1,47,,39810,5,,,1,84,,39811,5,,,1
