3800,'CPHoliday1',839,,21969,69,,,1,94,,21980,69,,,1,94,,21970,69,,,1,91,,21971,69,,,1,98,,21976,69,,,1,97,,21973,69,,,1,96,,21972,69,,,1,95,,21979,69,,,1,97,,21974,69,,,1,55,,21978,69,,,1,93,,21975,69,,,1,94,,21977,69,,,1,93,,21981,69,,,1,92,,21983,69,,,1,88,,21982,69,,,1
3800,'CPSaturday',727,,21998,69,,,1,78,,21999,69,,,1,30,,22000,69,,,1,73,,22001,69,,,1,31,,22002,69,,,1,71,,22003,69,,,1,34,,22004,69,,,1,74,,22005,69,,,1,31,,22006,69,,,1,74,,22007,69,,,1,34,,22008,69,,,1,74,,22009,69,,,1,75,,22010,69,,,1,34,,22011,69,,,1,77,,22012,69,,,1,35,,22013,69,,,1,75,,22014,69,,,1,76,,22015,69,,,1,34,,21984,69,,,1,73,,21985,69,,,1,34,,21986,69,,,1,73,,21987,69,,,1,33,,21988,69,,,1,70,,21989,69,,,1,31,,21990,69,,,1,72,,21991,69,,,1,32,,21992,69,,,1,68,,21993,69,,,1,30,,21994,69,,,1,68,,21995,69,,,1,27,,21996,69,,,1,63,,21997,69,,,1
3800,'CPSunday',839,,22016,69,,,1,94,,22027,69,,,1,94,,22017,69,,,1,91,,22018,69,,,1,98,,22023,69,,,1,97,,22020,69,,,1,96,,22019,69,,,1,95,,22026,69,,,1,97,,22021,69,,,1,55,,22025,69,,,1,93,,22022,69,,,1,94,,22024,69,,,1,93,,22028,69,,,1,92,,22030,69,,,1,88,,22029,69,,,1
3800,'CPWeekday',504,,22062,8,,,1,21,,22066,76,,,1,31,,22055,76,,,1,63,,22054,76,,,1,30,,22052,76,,,1,68,,22051,76,,,1,30,,22053,76,,,1,74,,22063,76,,,1,27,,22069,59,,,1,5,,22057,76,,,1,75,,22046,76,,,1,75,,22044,76,,,1,38,,22043,76,,,1,78,,22067,76,,,1,40,,22058,76,,,1,78,,22045,76,,,1,77,,22040,76,,,1,36,,22039,76,,,1,75,,22064,76,,,1,78,,22059,76,,,1,16,,22038,76,,,1,35,,22049,76,,,1,73,,22041,76,,,1,30,,22036,76,,,1,69,,22037,76,,,1,28,,22068,76,,,1,68,,22060,76,,,1,30,,22035,76,,,1,67,,22050,76,,,1,31,,22042,76,,,1,69,,22032,76,,,1,33,,22065,76,,,1,73,,22056,76,,,1,25,,22031,76,,,1,66,,22047,76,,,1,84,,22033,76,,,1,44,,22061,76,,,1,83,,22048,76,,,1,81,,22034,76,,,1
3901,'CPHoliday1',807,,22319,74,,,1,41,,22314,74,,,1,81,,22308,74,,,1,82,,22305,74,,,1,44,,22320,74,,,1,83,,22317,74,,,1,85,,22309,74,,,1,86,,22304,74,,,1,45,,22321,74,,,1,84,,22315,74,,,1,85,,22310,74,,,1,86,,22303,74,,,1,45,,22322,74,,,1,85,,22316,74,,,1,85,,22311,74,,,1,82,,22302,74,,,1,43,,22323,74,,,1,80,,22312,74,,,1,81,,22307,74,,,1,42,,22301,74,,,1,78,,22318,74,,,1,79,,22313,74,,,1,36,,22306,74,,,1,70,,22300,74,,,1
3901,'CPSaturday',952,,22329,74,,,1,69,,22328,74,,,1,225,,22330,74,,,1,70,,22327,74,,,1,234,,22331,74,,,1,68,,22326,74,,,1,225,,22332,74,,,1,70,,22325,74,,,1,218,,22333,74,,,1,26,,22324,74,,,1
3901,'CPSunday',807,,22353,74,,,1,41,,22348,74,,,1,81,,22342,74,,,1,82,,22339,74,,,1,44,,22354,74,,,1,83,,22351,74,,,1,85,,22343,74,,,1,86,,22338,74,,,1,45,,22355,74,,,1,84,,22349,74,,,1,85,,22344,74,,,1,86,,22337,74,,,1,45,,22356,74,,,1,85,,22350,74,,,1,85,,22345,74,,,1,82,,22336,74,,,1,43,,22357,74,,,1,80,,22346,74,,,1,81,,22341,74,,,1,42,,22335,74,,,1,78,,22352,74,,,1,79,,22347,74,,,1,36,,22340,74,,,1,70,,22334,74,,,1
3901,'MASaturday',800,,22378,74,,,1,27,,22374,74,,,1,27,,22373,74,,,1,67,,22367,74,,,1,128,,22375,74,,,1,69,,22370,74,,,1,28,,22366,74,,,1,70,,22364,74,,,1,128,,22376,74,,,1,73,,22371,74,,,1,32,,22362,74,,,1,71,,22358,74,,,1,127,,22377,74,,,1,70,,22368,74,,,1,29,,22363,74,,,1,67,,22359,74,,,1,127,,22379,74,,,1,67,,22369,74,,,1,29,,22361,74,,,1,67,,22360,74,,,1,116,,22380,74,,,1,22,,22372,74,,,1,59,,22365,74,,,1
3901,'MAWeekday',531,,22381,75,,,1,17,,22382,75,,,1,59,,22383,75,,,1,19,,22384,75,,,1,17,,22385,75,,,1,59,,22386,75,,,1,23,,22387,75,,,1,25,,22388,75,,,1,64,,22389,75,,,1,26,,22390,75,,,1,62,,22391,75,,,1,21,,22392,75,,,1,17,,22393,75,,,1,19,,22394,75,,,1,58,,22395,75,,,1,23,,22396,74,,,1,73,,22397,74,,,1,35,,22398,74,,,1,75,,22399,74,,,1,32,,22400,74,,,1,74,,22401,74,,,1,77,,22402,74,,,1,43,,22403,74,,,1,68,,22404,75,,,1,25,,22405,75,,,1,60,,22406,75,,,1,22,,22407,75,,,1,24,,22408,75,,,1,60,,22409,75,,,1,24,,22410,75,,,1,21,,22411,75,,,1,62,,22412,75,,,1,17,,22413,75,,,1,15,,22414,75,,,1,56,,22415,75,,,1,17,,22416,75,,,1,19,,22417,75,,,1,18,,22418,75,,,1,60,,22419,75,,,1,19,,22420,74,,,1,20,,22421,74,,,1,71,,22422,74,,,1,78,,22423,74,,,1,35,,22424,74,,,1,78,,22425,74,,,1,37,,22426,74,,,1,76,,22427,74,,,1,74,,22428,74,,,1,38,,22429,74,,,1
4300,'CPWeekday',546,,22973,66,,,1,82,,22980,66,,,1,81,,22976,66,,,1,40,,22978,66,,,1,80,,22974,66,,,1,80,,22981,66,,,1,37,,22977,66,,,1,76,,22979,66,,,1,80,,22975,66,,,1
9001,'CPWeekday',452,,25822,21,,,1,65,,25823,21,,,1,25,,25824,21,,,1,73,,25825,21,,,1,30,,25826,21,,,1,72,,25827,21,,,1,30,,25828,21,,,1,70,,25829,21,,,1,30,,25830,21,,,1,67,,25831,21,,,1,89,,25832,21,,,1,50,,25833,21,,,1,90,,25834,21,,,1,90,,25835,21,,,1,91,,25836,21,,,1,92,,25837,21,,,1,32,,25838,21,,,1,70,,25839,21,,,1,30,,25840,21,,,1,71,,25841,21,,,1,30,,25842,21,,,1,70,,25843,21,,,1,30,,25844,21,,,1,69,,25845,21,,,1,30,,25846,21,,,1,68,,25847,21,,,1,30,,25848,21,,,1,71,,25849,21,,,1,33,,25850,21,,,1,84,,25851,21,,,1,85,,25852,21,,,1,87,,25853,21,,,1,44,,25854,21,,,1
