701,'CPHoliday1',2338,,16460,36,,,1
701,'CPSunday',2338,,16461,36,,,1
701,'CPWeekday',240,,16463,36,,,1,81,,16465,36,,,1,81,,16462,36,,,1,44,,16464,36,,,1
701,'MAHoliday1',439,,16503,36,,,1,80,,16502,36,,,1,22,,16504,36,,,1,62,,16493,36,,,1,22,,16512,36,,,1,23,,16494,36,,,1,64,,16492,36,,,1,23,,16491,36,,,1,24,,16507,36,,,1,63,,16490,36,,,1,23,,16516,36,,,1,64,,16495,36,,,1,23,,16483,36,,,1,24,,16482,36,,,1,63,,16506,36,,,1,23,,16486,36,,,1,63,,16515,36,,,1,24,,16496,36,,,1,24,,16477,36,,,1,66,,16475,36,,,1,25,,16508,36,,,1,62,,16474,36,,,1,19,,16485,36,,,1,19,,16514,36,,,1,61,,16497,36,,,1,20,,16478,36,,,1,23,,16473,36,,,1,63,,16505,36,,,1,23,,16469,36,,,1,23,,16487,36,,,1,60,,16513,36,,,1,19,,16498,36,,,1,20,,16476,36,,,1,62,,16470,36,,,1,23,,16509,36,,,1,63,,16468,36,,,1,23,,16484,36,,,1,23,,16518,36,,,1,62,,16501,36,,,1,21,,16479,36,,,1,20,,16471,36,,,1,61,,16510,36,,,1,21,,16467,36,,,1,21,,16488,36,,,1,61,,16517,36,,,1,22,,16500,36,,,1,61,,16480,36,,,1,19,,16472,36,,,1,20,,16511,36,,,1,19,,16466,36,,,1,60,,16489,36,,,1,40,,16499,36,,,1,59,,16481,36,,,1
701,'MASaturday',435,,16576,36,,,1,21,,16575,36,,,1,62,,16574,36,,,1,22,,16573,36,,,1,62,,16572,36,,,1,24,,16571,36,,,1,25,,16570,36,,,1,65,,16568,36,,,1,25,,16569,36,,,1,63,,16567,36,,,1,23,,16566,36,,,1,22,,16565,36,,,1,64,,16560,36,,,1,26,,16561,36,,,1,68,,16556,36,,,1,27,,16562,36,,,1,66,,16555,36,,,1,26,,16554,36,,,1,26,,16553,36,,,1,67,,16552,36,,,1,26,,16551,36,,,1,60,,16550,36,,,1,20,,16557,36,,,1,20,,16546,36,,,1,60,,16544,36,,,1,20,,16542,36,,,1,20,,16543,36,,,1,60,,16541,36,,,1,22,,16540,36,,,1,22,,16539,36,,,1,63,,16558,36,,,1,23,,16547,36,,,1,23,,16535,36,,,1,62,,16534,36,,,1,20,,16533,36,,,1,60,,16536,36,,,1,19,,16532,36,,,1,19,,16531,36,,,1,20,,16559,36,,,1,59,,16545,36,,,1,22,,16530,36,,,1,61,,16529,36,,,1,21,,16526,36,,,1,21,,16537,36,,,1,60,,16527,36,,,1,19,,16524,36,,,1,19,,16564,36,,,1,19,,16549,36,,,1,58,,16523,36,,,1,19,,16522,36,,,1,19,,16521,36,,,1,59,,16538,36,,,1,19,,16528,36,,,1,19,,16520,36,,,1,58,,16563,36,,,1,19,,16548,36,,,1,19,,16525,36,,,1,57,,16519,36,,,1,18,,16577,36,,,1
701,'MASunday',439,,16615,36,,,1,80,,16614,36,,,1,22,,16616,36,,,1,62,,16605,36,,,1,22,,16624,36,,,1,23,,16606,36,,,1,64,,16604,36,,,1,23,,16603,36,,,1,24,,16619,36,,,1,63,,16602,36,,,1,23,,16628,36,,,1,64,,16607,36,,,1,23,,16595,36,,,1,24,,16594,36,,,1,63,,16618,36,,,1,23,,16598,36,,,1,63,,16627,36,,,1,24,,16608,36,,,1,24,,16589,36,,,1,66,,16587,36,,,1,25,,16620,36,,,1,62,,16586,36,,,1,19,,16597,36,,,1,19,,16626,36,,,1,61,,16609,36,,,1,20,,16590,36,,,1,23,,16585,36,,,1,63,,16617,36,,,1,23,,16581,36,,,1,23,,16599,36,,,1,60,,16625,36,,,1,19,,16610,36,,,1,20,,16588,36,,,1,62,,16582,36,,,1,23,,16621,36,,,1,63,,16580,36,,,1,23,,16596,36,,,1,23,,16630,36,,,1,62,,16613,36,,,1,21,,16591,36,,,1,20,,16583,36,,,1,61,,16622,36,,,1,21,,16579,36,,,1,21,,16600,36,,,1,61,,16629,36,,,1,22,,16612,36,,,1,61,,16592,36,,,1,19,,16584,36,,,1,20,,16623,36,,,1,19,,16578,36,,,1,60,,16601,36,,,1,40,,16611,36,,,1,59,,16593,36,,,1
701,'MAWeekday',511,,16631,36,,,1,21,,16632,36,,,1,19,,16633,36,,,1,60,,16634,36,,,1,20,,16635,36,,,1,23,,16636,36,,,1,63,,16637,36,,,1,24,,16638,36,,,1,66,,16639,36,,,1,27,,16640,36,,,1,66,,16641,36,,,1,19,,16642,36,,,1,20,,16643,36,,,1,62,,16644,36,,,1,23,,16645,36,,,1,23,,16646,36,,,1,66,,16647,36,,,1,30,,16648,36,,,1,70,,16649,36,,,1,25,,16650,36,,,1,67,,16651,36,,,1,25,,16652,36,,,1,25,,16653,36,,,1,65,,16654,36,,,1,23,,16655,36,,,1,64,,16656,36,,,1,25,,16657,36,,,1,24,,16658,36,,,1,67,,16659,36,,,1,25,,16660,36,,,1,66,,16661,36,,,1,26,,16662,36,,,1,64,,16663,36,,,1,24,,16664,36,,,1,25,,16665,36,,,1,64,,16666,36,,,1,23,,16667,36,,,1,64,,16668,36,,,1,21,,16669,36,,,1,26,,16670,36,,,1,65,,16671,36,,,1,24,,16672,36,,,1,64,,16673,36,,,1,33,,16674,36,,,1,73,,16675,36,,,1,32,,16676,36,,,1,76,,16677,36,,,1,32,,16678,36,,,1,74,,16679,36,,,1,31,,16680,36,,,1
3901,'CPHoliday1',711,,22319,10,,,1,40,,22314,10,,,1,80,,22308,10,,,1,80,,22305,10,,,1,42,,22320,10,,,1,82,,22317,10,,,1,84,,22309,10,,,1,85,,22304,10,,,1,45,,22321,10,,,1,85,,22315,10,,,1,85,,22310,10,,,1,85,,22303,10,,,1,45,,22322,10,,,1,86,,22316,10,,,1,85,,22311,10,,,1,85,,22302,10,,,1,45,,22323,10,,,1,83,,22312,10,,,1,82,,22307,10,,,1,42,,22301,10,,,1,80,,22318,10,,,1,80,,22313,10,,,1,36,,22306,10,,,1,70,,22300,10,,,1
3901,'CPSaturday',854,,22329,10,,,1,68,,22328,10,,,1,220,,22330,10,,,1,68,,22327,10,,,1,230,,22331,10,,,1,70,,22326,10,,,1,229,,22332,10,,,1,70,,22325,10,,,1,227,,22333,10,,,1,66,,22324,10,,,1
3901,'CPSunday',711,,22353,10,,,1,40,,22348,10,,,1,80,,22342,10,,,1,80,,22339,10,,,1,42,,22354,10,,,1,82,,22351,10,,,1,84,,22343,10,,,1,85,,22338,10,,,1,45,,22355,10,,,1,85,,22349,10,,,1,85,,22344,10,,,1,85,,22337,10,,,1,45,,22356,10,,,1,86,,22350,10,,,1,85,,22345,10,,,1,85,,22336,10,,,1,45,,22357,10,,,1,83,,22346,10,,,1,82,,22341,10,,,1,42,,22335,10,,,1,80,,22352,10,,,1,80,,22347,10,,,1,36,,22340,10,,,1,70,,22334,10,,,1
3901,'MASaturday',708,,22378,10,,,1,26,,22374,10,,,1,66,,22373,10,,,1,26,,22367,10,,,1,124,,22375,10,,,1,68,,22370,10,,,1,28,,22366,10,,,1,68,,22364,10,,,1,124,,22376,10,,,1,70,,22371,10,,,1,31,,22362,10,,,1,71,,22358,10,,,1,129,,22377,10,,,1,70,,22368,10,,,1,30,,22363,10,,,1,70,,22359,10,,,1,130,,22379,10,,,1,70,,22369,10,,,1,29,,22361,10,,,1,70,,22360,10,,,1,120,,22380,10,,,1,24,,22372,10,,,1,60,,22365,10,,,1
3901,'MAWeekday',441,,22381,10,,,1,15,,22382,10,,,1,55,,22383,10,,,1,15,,22384,10,,,1,16,,22385,10,,,1,58,,22386,10,,,1,20,,22387,10,,,1,22,,22388,10,,,1,64,,22389,10,,,1,24,,22390,10,,,1,23,,22391,10,,,1,60,,22392,10,,,1,19,,22393,10,,,1,19,,22394,10,,,1,62,,22395,10,,,1,24,,22396,10,,,1,75,,22397,10,,,1,36,,22398,10,,,1,75,,22399,10,,,1,36,,22400,10,,,1,76,,22401,10,,,1,75,,22402,10,,,1,37,,22403,10,,,1,61,,22404,10,,,1,22,,22405,10,,,1,20,,22406,10,,,1,61,,22407,10,,,1,21,,22408,10,,,1,21,,22409,10,,,1,62,,22410,10,,,1,22,,22411,10,,,1,22,,22412,10,,,1,59,,22413,10,,,1,17,,22414,10,,,1,18,,22415,10,,,1,59,,22416,10,,,1,20,,22417,10,,,1,19,,22418,10,,,1,61,,22419,10,,,1,22,,22420,10,,,1,23,,22421,10,,,1,72,,22422,10,,,1,79,,22423,10,,,1,39,,22424,10,,,1,78,,22425,10,,,1,78,,22426,10,,,1,38,,22427,10,,,1,78,,22428,10,,,1,38,,22429,10,,,1
4300,'CPWeekday',457,,22973,11,,,1,80,,22980,11,,,1,80,,22976,11,,,1,40,,22978,11,,,1,80,,22974,11,,,1,80,,22981,11,,,1,40,,22977,11,,,1,79,,22979,11,,,1,80,,22975,11,,,1
7401,'CPWeekday',513,,25775,13,,,1,42,,25776,13,,,1,85,,25777,13,,,1,85,,25778,13,,,1,86,,25779,13,,,1,45,,25780,13,,,1,84,,25781,13,,,1,90,,25782,13,,,1,420,,25783,13,,,1,87,,25784,13,,,1,87,,25785,13,,,1,86,,25786,13,,,1,45,,25787,13,,,1,84,,25788,13,,,1,85,,25789,13,,,1,85,,25790,13,,,1,40,,25791,13,,,1
