601,'CPHoliday1',832,,15901,,,1,80,,15902,,,1,42,,15903,,,1,84,,15904,,,1,86,,15905,,,1,86,,15906,,,1,46,,15907,,,1,86,,15908,,,1,88,,15909,,,1,88,,15910,,,1,88,,15911,,,1,48,,15912,,,1,88,,15913,,,1,86,,15914,,,1,84,,15915,,,1,42,,15916,,,1,80,,15917,,,1,80,,15918,,,1
601,'CPSaturday',559,,15919,,,1,78,,15920,,,1,80,,15921,,,1,40,,15922,,,1,80,,15923,,,1,82,,15924,,,1,82,,15925,,,1,44,,15926,,,1,85,,15927,,,1,85,,15928,,,1,85,,15929,,,1,45,,15930,,,1,85,,15931,,,1,85,,15932,,,1,85,,15933,,,1,45,,15934,,,1,85,,15935,,,1,85,,15936,,,1,85,,15937,,,1,44,,15938,,,1,84,,15939,,,1,84,,15940,,,1,42,,15941,,,1,82,,15942,,,1,80,,15943,,,1,40,,15944,,,1
601,'CPSunday',832,,15945,,,1,80,,15946,,,1,42,,15947,,,1,84,,15948,,,1,86,,15949,,,1,86,,15950,,,1,46,,15951,,,1,86,,15952,,,1,88,,15953,,,1,88,,15954,,,1,88,,15955,,,1,48,,15956,,,1,88,,15957,,,1,86,,15958,,,1,84,,15959,,,1,42,,15960,,,1,80,,15961,,,1,80,,15962,,,1
601,'CPWeekday',517,,16006,,,1,28,,16002,,,1,70,,15996,,,1,30,,15995,,,1,70,,15999,,,1,17,,15963,,,1,13,,15994,,,1,70,,15993,,,1,30,,16000,,,1,70,,15992,,,1,30,,15991,,,1,70,,16001,,,1,30,,15981,,,1,70,,15979,,,1,30,,15998,,,1,70,,15980,,,1,30,,15978,,,1,70,,16003,,,1,30,,15982,,,1,70,,15977,,,1,30,,15997,,,1,71,,15973,,,1,28,,15983,,,1,66,,15971,,,1,24,,16004,,,1,24,,15970,,,1,64,,15984,,,1,24,,15972,,,1,64,,16005,,,1,26,,15969,,,1,65,,15989,,,1,30,,15975,,,1,70,,15968,,,1,30,,15986,,,1,28,,15974,,,1,68,,15967,,,1,28,,15988,,,1,66,,15976,,,1,26,,15966,,,1,78,,15987,,,1,78,,15965,,,1,38,,15985,,,1,76,,15964,,,1,35,,15990,,,1
801,'CPSaturday',555,,16521,,,1,81,,16515,,,1,81,,16522,,,1,42,,16510,,,1,85,,16523,,,1,85,,16513,,,1,86,,16524,,,1,89,,16512,,,1,50,,16525,,,1,91,,16519,,,1,91,,16526,,,1,93,,16511,,,1,93,,16520,,,1,93,,16516,,,1,93,,16528,,,1,93,,16509,,,1,52,,16530,,,1,90,,16518,,,1,89,,16531,,,1,86,,16514,,,1,86,,16527,,,1,46,,16517,,,1,87,,16529,,,1
801,'CPWeekday',537,,16566,,,1,71,,16565,,,1,33,,16561,,,1,72,,16564,,,1,14,,16532,,,1,12,,16534,,,1,3,,16535,,,1,60,,16563,,,1,25,,16562,,,1,78,,16560,,,1,37,,16559,,,1,78,,16557,,,1,34,,16558,,,1,75,,16556,,,1,75,,16554,,,1,35,,16555,,,1,75,,16553,,,1,38,,16552,,,1,57,,16536,,,1,21,,16533,,,1,2,,16551,,,1,84,,16550,,,1,43,,16549,,,1,79,,16545,,,1,79,,16543,,,1,39,,16542,,,1,77,,16547,,,1,73,,16538,,,1,33,,16537,,,1,73,,16544,,,1,40,,16539,,,1,81,,16548,,,1,82,,16541,,,1,42,,16546,,,1,83,,16540,,,1
2601,'CPHoliday1',703,,19892,,,1,26,,19893,,,1,26,,19894,,,1,65,,19895,,,1,26,,19896,,,1,66,,19897,,,1,26,,19898,,,1,69,,19899,,,1,29,,19900,,,1,69,,19901,,,1,28,,19902,,,1,68,,19903,,,1,29,,19904,,,1,20,,19905,,,1,61,,19906,,,1,22,,19907,,,1,22,,19908,,,1,64,,19909,,,1,24,,19910,,,1,64,,19911,,,1,24,,19912,,,1,24,,19913,,,1,64,,19914,,,1,22,,19915,,,1,62,,19916,,,1,22,,19917,,,1,22,,19918,,,1,63,,19919,,,1,24,,19920,,,1,22,,19921,,,1,61,,19922,,,1,22,,19923,,,1,62,,19924,,,1,21,,19925,,,1,27,,19926,,,1,67,,19927,,,1,28,,19928,,,1,68,,19929,,,1,28,,19930,,,1,67,,19931,,,1,26,,19932,,,1,26,,19933,,,1,65,,19934,,,1,23,,19935,,,1,63,,19936,,,1,22,,19937,,,1,24,,19938,,,1
2601,'CPSaturday',528,,19939,,,1,20,,20007,,,1,62,,19940,,,1,21,,19941,,,1,26,,19942,,,1,60,,19943,,,1,20,,19944,,,1,22,,19945,,,1,62,,19946,,,1,22,,19947,,,1,63,,19948,,,1,25,,19949,,,1,24,,19950,,,1,64,,19951,,,1,24,,19952,,,1,65,,19953,,,1,24,,19954,,,1,26,,19955,,,1,64,,19956,,,1,20,,19957,,,1,60,,19958,,,1,20,,19959,,,1,20,,19960,,,1,60,,19961,,,1,21,,19962,,,1,18,,19963,,,1,18,,19964,,,1,57,,19965,,,1,16,,19966,,,1,16,,19967,,,1,56,,19968,,,1,14,,19969,,,1,14,,19970,,,1,14,,19971,,,1,54,,19972,,,1,14,,19973,,,1,13,,19974,,,1,14,,19975,,,1,14,,19976,,,1,54,,19977,,,1,14,,19978,,,1,14,,19979,,,1,15,,19980,,,1,55,,19981,,,1,15,,19982,,,1,14,,19983,,,1,14,,19984,,,1,54,,19985,,,1,15,,19986,,,1,15,,19987,,,1,20,,19988,,,1,58,,19989,,,1,20,,19990,,,1,19,,19991,,,1,62,,19992,,,1,22,,19993,,,1,22,,19994,,,1,62,,19995,,,1,18,,19996,,,1,17,,19997,,,1,58,,19998,,,1,18,,19999,,,1,16,,20000,,,1,62,,20001,,,1,22,,20002,,,1,28,,20003,,,1,67,,20004,,,1,28,,20005,,,1,68,,20006,,,1
2601,'CPSunday',703,,20008,,,1,26,,20009,,,1,26,,20010,,,1,65,,20011,,,1,26,,20012,,,1,66,,20013,,,1,26,,20014,,,1,69,,20015,,,1,29,,20016,,,1,69,,20017,,,1,28,,20018,,,1,68,,20019,,,1,29,,20020,,,1,20,,20021,,,1,61,,20022,,,1,22,,20023,,,1,22,,20024,,,1,64,,20025,,,1,24,,20026,,,1,64,,20027,,,1,24,,20028,,,1,24,,20029,,,1,64,,20030,,,1,22,,20031,,,1,62,,20032,,,1,22,,20033,,,1,22,,20034,,,1,63,,20035,,,1,24,,20036,,,1,22,,20037,,,1,61,,20038,,,1,22,,20039,,,1,62,,20040,,,1,21,,20041,,,1,27,,20042,,,1,67,,20043,,,1,28,,20044,,,1,68,,20045,,,1,28,,20046,,,1,67,,20047,,,1,26,,20048,,,1,26,,20049,,,1,65,,20050,,,1,23,,20051,,,1,63,,20052,,,1,22,,20053,,,1,24,,20054,,,1
31200,'CPWeekday',752,,27504,,,1
