'25DE22-CPBlock-Holiday1-14',600,74500,,'',1,8000,,'',1,8000,,'',1,4200,,'',1,8200,,'',1,8400,,'',1,4600,,'',1,8600,,'',1,8800,,'',1,8800,,'',1,8800,,'',1,4800,,'',1,8800,,'',1,8800,,'',1,8600,,'',1,8400,,'',1,4200,,'',1,8200,,'',1,7900,,'',1
'25DE22-CPBlock-Holiday1-14',601,90000,4,'',1,4300,4,'',1,8200,4,'',1,8400,4,'',1,4600,4,'',1,8800,4,'',1,8800,4,'',1,8600,4,'',1,8900,4,'',1,4800,4,'',1,8700,4,'',1,8700,4,'',1,8800,4,'',1,4300,4,'',1,8300,4,'',1,8200,4,'',1,7900,4,'',1,3800,4,'',1
'25DE22-CPBlock-Holiday2-15',600,51600,,'',1,3700,,'',1,7800,,'',1,7800,,'',1,4000,,'',1,8000,,'',1,8200,,'',1,4200,,'',1,8400,,'',1,8400,,'',1,8500,,'',1,4500,,'',1,8500,,'',1,8500,,'',1,8500,,'',1,4500,,'',1,8500,,'',1,8400,,'',1,8400,,'',1,4400,,'',1,8400,,'',1,8400,,'',1,8400,,'',1,4400,,'',1,8200,,'',1,8200,,'',1,4000,,'',1
'25DE22-CPBlock-Holiday2-15',601,62400,4,'',1,8000,4,'',1,4100,4,'',1,8200,4,'',1,8200,4,'',1,4200,4,'',1,8200,4,'',1,8600,4,'',1,8600,4,'',1,4500,4,'',1,8600,4,'',1,8500,4,'',1,8400,4,'',1,4500,4,'',1,8500,4,'',1,8400,4,'',1,8500,4,'',1,4300,4,'',1,8500,4,'',1,8400,4,'',1,4300,4,'',1,8300,4,'',1,8100,4,'',1,8100,4,'',1,3900,4,'',1,7900,4,'',1
'25DE22-CPBlock-Holiday3-16',600,74500,,'',1,8000,,'',1,8000,,'',1,4200,,'',1,8200,,'',1,8400,,'',1,4600,,'',1,8600,,'',1,8800,,'',1,8800,,'',1,8800,,'',1,4800,,'',1,8800,,'',1,8800,,'',1,8600,,'',1,8400,,'',1,4200,,'',1,8200,,'',1,7900,,'',1
'25DE22-CPBlock-Holiday3-16',601,90000,4,'',1,4300,4,'',1,8200,4,'',1,8400,4,'',1,4600,4,'',1,8800,4,'',1,8800,4,'',1,8600,4,'',1,8900,4,'',1,4800,4,'',1,8700,4,'',1,8700,4,'',1,8800,4,'',1,4300,4,'',1,8300,4,'',1,8200,4,'',1,7900,4,'',1,3800,4,'',1
'25DE22-CPBlock-Saturday-12',600,51600,,'',1,3700,,'',1,7800,,'',1,7800,,'',1,4000,,'',1,8000,,'',1,8200,,'',1,4200,,'',1,8400,,'',1,8400,,'',1,8500,,'',1,4500,,'',1,8500,,'',1,8500,,'',1,8500,,'',1,4500,,'',1,8500,,'',1,8400,,'',1,8400,,'',1,4400,,'',1,8400,,'',1,8400,,'',1,8400,,'',1,4400,,'',1,8200,,'',1,8200,,'',1,4000,,'',1
'25DE22-CPBlock-Saturday-12',601,62400,4,'',1,8000,4,'',1,4100,4,'',1,8200,4,'',1,8200,4,'',1,4200,4,'',1,8200,4,'',1,8600,4,'',1,8600,4,'',1,4500,4,'',1,8600,4,'',1,8500,4,'',1,8400,4,'',1,4500,4,'',1,8500,4,'',1,8400,4,'',1,8500,4,'',1,4300,4,'',1,8500,4,'',1,8400,4,'',1,4300,4,'',1,8300,4,'',1,8100,4,'',1,8100,4,'',1,3900,4,'',1,7900,4,'',1
'25DE22-CPBlock-Sunday-13',600,74500,,'',1,8000,,'',1,8000,,'',1,4200,,'',1,8200,,'',1,8400,,'',1,4600,,'',1,8600,,'',1,8800,,'',1,8800,,'',1,8800,,'',1,4800,,'',1,8800,,'',1,8800,,'',1,8600,,'',1,8400,,'',1,4200,,'',1,8200,,'',1,7900,,'',1
'25DE22-CPBlock-Sunday-13',601,90000,4,'',1,4300,4,'',1,8200,4,'',1,8400,4,'',1,4600,4,'',1,8800,4,'',1,8800,4,'',1,8600,4,'',1,8900,4,'',1,4800,4,'',1,8700,4,'',1,8700,4,'',1,8800,4,'',1,4300,4,'',1,8300,4,'',1,8200,4,'',1,7900,4,'',1,3800,4,'',1
'25DE22-CPBlock-Weekday-11',600,50000,,'',1,2600,,'',1,2800,,'',1,6800,,'',1,2800,,'',1,7000,,'',1,3000,,'',1,7000,,'',1,3000,,'',1,7000,,'',1,3000,,'',1,7000,,'',1,3000,,'',1,7000,,'',1,3000,,'',1,7000,,'',1,3000,,'',1,7000,,'',1,3000,,'',1,6400,,'',1,2400,,'',1,6400,,'',1,2600,,'',1,2600,,'',1,6600,,'',1,2600,,'',1,6600,,'',1,2600,,'',1,6600,,'',1,2400,,'',1,2200,,'',1,6200,,'',1,2600,,'',1,6800,,'',1,2800,,'',1,6800,,'',1,2800,,'',1,2800,,'',1,6800,,'',1,2600,,'',1,6600,,'',1,3600,,'',1,7600,,'',1,7600,,'',1,3600,,'',1,7600,,'',1
'25DE22-CPBlock-Weekday-11',601,52200,4,'',1,2200,4,'',1,7000,4,'',1,3100,4,'',1,7100,4,'',1,3100,4,'',1,7300,4,'',1,3000,4,'',1,7000,4,'',1,3000,4,'',1,7000,4,'',1,2900,4,'',1,6900,4,'',1,3000,4,'',1,6900,4,'',1,3000,4,'',1,7000,4,'',1,3200,4,'',1,7100,4,'',1,3000,4,'',1,7100,4,'',1,3100,4,'',1,6800,4,'',1,2600,4,'',1,6400,4,'',1,2400,4,'',1,2400,4,'',1,6400,4,'',1,2400,4,'',1,6500,4,'',1,2500,4,'',1,6800,4,'',1,2900,4,'',1,6900,4,'',1,2600,4,'',1,2800,4,'',1,6700,4,'',1,2500,4,'',1,6600,4,'',1,3800,4,'',1,7600,4,'',1,7800,4,'',1,3500,4,'',1,7500,4,'',1
