'25DE22-CPBlock-Holiday1-14',2900,73000,4,'',1,8800,4,'',1,9100,4,'',1,9100,4,'',1,5000,4,'',1,9200,4,'',1,9100,4,'',1,9000,4,'',1,9000,4,'',1,9000,4,'',1,5200,4,'',1,9000,4,'',1,8900,4,'',1,8900,4,'',1,8800,4,'',1,8900,4,'',1,4900,4,'',1,9000,4,'',1,9000,4,'',1,8900,4,'',1,9000,4,'',1,4800,4,'',1,8500,4,'',1
'25DE22-CPBlock-Holiday1-14',2901,65800,,'',1,8600,,'',1,9000,,'',1,9000,,'',1,9000,,'',1,9000,,'',1,5000,,'',1,9000,,'',1,9000,,'',1,9000,,'',1,9000,,'',1,9000,,'',1,5000,,'',1,9000,,'',1,9000,,'',1,9000,,'',1,9000,,'',1,9000,,'',1,5000,,'',1,9000,,'',1,9000,,'',1,9000,,'',1,8500,,'',1
'25DE22-CPBlock-Holiday2-15',2900,44900,4,'',1,7100,4,'',1,3000,4,'',1,7300,4,'',1,3200,4,'',1,7200,4,'',1,7500,4,'',1,3400,4,'',1,7400,4,'',1,3600,4,'',1,7600,4,'',1,3400,4,'',1,7400,4,'',1,7400,4,'',1,3400,4,'',1,7400,4,'',1,3500,4,'',1,7600,4,'',1,3600,4,'',1,7700,4,'',1,7600,4,'',1,3600,4,'',1,7600,4,'',1,7600,4,'',1,3500,4,'',1,7500,4,'',1,3500,4,'',1,7600,4,'',1,3200,4,'',1,7300,4,'',1,8800,4,'',1,8700,4,'',1,4700,4,'',1,8900,4,'',1,9100,4,'',1,9100,4,'',1
'25DE22-CPBlock-Holiday2-15',2901,50000,,'',1,3200,,'',1,7200,,'',1,3200,,'',1,7200,,'',1,3400,,'',1,7400,,'',1,3400,,'',1,7400,,'',1,3400,,'',1,7400,,'',1,7400,,'',1,3400,,'',1,7400,,'',1,3400,,'',1,7400,,'',1,3600,,'',1,7600,,'',1,7600,,'',1,3600,,'',1,7600,,'',1,3600,,'',1,7600,,'',1,7600,,'',1,3600,,'',1,7600,,'',1,8000,,'',1,4000,,'',1,9000,,'',1,9000,,'',1,9000,,'',1,9000,,'',1,5000,,'',1,9100,,'',1
'25DE22-CPBlock-Holiday3-16',2900,73000,4,'',1,8800,4,'',1,9100,4,'',1,9100,4,'',1,5000,4,'',1,9200,4,'',1,9100,4,'',1,9000,4,'',1,9000,4,'',1,9000,4,'',1,5200,4,'',1,9000,4,'',1,8900,4,'',1,8900,4,'',1,8800,4,'',1,8900,4,'',1,4900,4,'',1,9000,4,'',1,9000,4,'',1,8900,4,'',1,9000,4,'',1,4800,4,'',1,8500,4,'',1
'25DE22-CPBlock-Holiday3-16',2901,65800,,'',1,8600,,'',1,9000,,'',1,9000,,'',1,9000,,'',1,9000,,'',1,5000,,'',1,9000,,'',1,9000,,'',1,9000,,'',1,9000,,'',1,9000,,'',1,5000,,'',1,9000,,'',1,9000,,'',1,9000,,'',1,9000,,'',1,9000,,'',1,5000,,'',1,9000,,'',1,9000,,'',1,9000,,'',1,8500,,'',1
'25DE22-CPBlock-Saturday-12',2900,44900,4,'',1,7100,4,'',1,3000,4,'',1,7300,4,'',1,3200,4,'',1,7200,4,'',1,7500,4,'',1,3400,4,'',1,7400,4,'',1,3600,4,'',1,7600,4,'',1,3400,4,'',1,7400,4,'',1,7400,4,'',1,3400,4,'',1,7400,4,'',1,3500,4,'',1,7600,4,'',1,3600,4,'',1,7700,4,'',1,7600,4,'',1,3600,4,'',1,7600,4,'',1,7600,4,'',1,3500,4,'',1,7500,4,'',1,3500,4,'',1,7600,4,'',1,3200,4,'',1,7300,4,'',1,8800,4,'',1,8700,4,'',1,4700,4,'',1,8900,4,'',1,9100,4,'',1,9100,4,'',1
'25DE22-CPBlock-Saturday-12',2901,50000,,'',1,3200,,'',1,7200,,'',1,3200,,'',1,7200,,'',1,3400,,'',1,7400,,'',1,3400,,'',1,7400,,'',1,3400,,'',1,7400,,'',1,7400,,'',1,3400,,'',1,7400,,'',1,3400,,'',1,7400,,'',1,3600,,'',1,7600,,'',1,7600,,'',1,3600,,'',1,7600,,'',1,3600,,'',1,7600,,'',1,7600,,'',1,3600,,'',1,7600,,'',1,8000,,'',1,4000,,'',1,9000,,'',1,9000,,'',1,9000,,'',1,9000,,'',1,5000,,'',1,9100,,'',1
'25DE22-CPBlock-Sunday-13',2900,73000,4,'',1,8800,4,'',1,9100,4,'',1,9100,4,'',1,5000,4,'',1,9200,4,'',1,9100,4,'',1,9000,4,'',1,9000,4,'',1,9000,4,'',1,5200,4,'',1,9000,4,'',1,8900,4,'',1,8900,4,'',1,8800,4,'',1,8900,4,'',1,4900,4,'',1,9000,4,'',1,9000,4,'',1,8900,4,'',1,9000,4,'',1,4800,4,'',1,8500,4,'',1
'25DE22-CPBlock-Sunday-13',2901,65800,,'',1,8600,,'',1,9000,,'',1,9000,,'',1,9000,,'',1,9000,,'',1,5000,,'',1,9000,,'',1,9000,,'',1,9000,,'',1,9000,,'',1,9000,,'',1,5000,,'',1,9000,,'',1,9000,,'',1,9000,,'',1,9000,,'',1,9000,,'',1,5000,,'',1,9000,,'',1,9000,,'',1,9000,,'',1,8500,,'',1
'25DE22-CPBlock-Weekday-11',2900,42000,4,'',1,3100,4,'',1,6000,4,'',1,3500,4,'',1,7500,4,'',1,3700,4,'',1,8000,4,'',1,7600,4,'',1,3800,4,'',1,7900,4,'',1,7800,4,'',1,3700,4,'',1,7900,4,'',1,7800,4,'',1,3800,4,'',1,7900,4,'',1,3800,4,'',1,7800,4,'',1,7800,4,'',1,3900,4,'',1,8000,4,'',1,8000,4,'',1,3900,4,'',1,7900,4,'',1,7800,4,'',1,3900,4,'',1,7200,4,'',1,3300,4,'',1,8700,4,'',1,9000,4,'',1,9000,4,'',1,8900,4,'',1,4800,4,'',1,8800,4,'',1
'25DE22-CPBlock-Weekday-11',2901,42000,,'',1,3200,,'',1,7400,,'',1,7400,,'',1,3600,,'',1,7600,,'',1,3600,,'',1,7800,,'',1,7800,,'',1,3800,,'',1,7800,,'',1,3800,,'',1,7800,,'',1,7800,,'',1,3800,,'',1,7800,,'',1,7800,,'',1,3800,,'',1,7800,,'',1,8000,,'',1,4000,,'',1,8000,,'',1,8000,,'',1,3800,,'',1,7800,,'',1,9000,,'',1,9100,,'',1,5100,,'',1,9100,,'',1,9100,,'',1,9100,,'',1,9100,,'',1
