501,'MAHoliday1',751,,15624,,,1,68,,15625,,,1,29,,15626,,,1,70,,15627,,,1,33,,15628,,,1,72,,15629,,,1,32,,15630,,,1,72,,15631,,,1,32,,15632,,,1,73,,15633,,,1,74,,15634,,,1,34,,15635,,,1,73,,15636,,,1,34,,15637,,,1,74,,15638,,,1,34,,15639,,,1,73,,15640,,,1,74,,15641,,,1,32,,15642,,,1,71,,15643,,,1,32,,15644,,,1,72,,15645,,,1,32,,15646,,,1,69,,15647,,,1,32,,15648,,,1,68,,15649,,,1,29,,15650,,,1,70,,15651,,,1,26,,15652,,,1,68,,15653,,,1
501,'MASaturday',609,,15654,,,1,28,,15655,,,1,67,,15656,,,1,28,,15657,,,1,70,,15658,,,1,28,,15659,,,1,28,,15660,,,1,71,,15661,,,1,22,,15662,,,1,60,,15663,,,1,24,,15664,,,1,68,,15665,,,1,27,,15666,,,1,28,,15667,,,1,70,,15668,,,1,28,,15669,,,1,68,,15670,,,1,28,,15671,,,1,68,,15672,,,1,28,,15673,,,1,68,,15674,,,1,28,,15675,,,1,68,,15676,,,1,28,,15677,,,1,67,,15678,,,1,26,,15679,,,1,68,,15680,,,1,28,,15681,,,1,28,,15682,,,1,65,,15683,,,1,26,,15684,,,1,66,,15685,,,1,25,,15686,,,1,64,,15687,,,1,23,,15688,,,1,22,,15689,,,1,64,,15690,,,1,22,,15691,,,1,74,,15692,,,1,35,,15693,,,1,77,,15694,,,1,36,,15695,,,1,76,,15696,,,1
501,'MASunday',751,,15697,,,1,68,,15698,,,1,29,,15699,,,1,70,,15700,,,1,33,,15701,,,1,72,,15702,,,1,32,,15703,,,1,72,,15704,,,1,32,,15705,,,1,73,,15706,,,1,74,,15707,,,1,34,,15708,,,1,73,,15709,,,1,34,,15710,,,1,74,,15711,,,1,34,,15712,,,1,73,,15713,,,1,74,,15714,,,1,32,,15715,,,1,71,,15716,,,1,32,,15717,,,1,72,,15718,,,1,32,,15719,,,1,69,,15720,,,1,32,,15721,,,1,68,,15722,,,1,29,,15723,,,1,70,,15724,,,1,26,,15725,,,1,68,,15726,,,1
501,'MAWeekday',441,,15728,,,1,70,,15731,,,1,35,,15727,,,1,13,,15739,,,1,55,,15743,,,1,17,,15729,,,1,14,,15756,,,1,55,,15730,,,1,15,,15738,,,1,15,,15735,,,1,17,,15748,,,1,55,,15754,,,1,15,,15733,,,1,16,,15745,,,1,14,,15737,,,1,54,,15734,,,1,15,,15755,,,1,15,,15732,,,1,14,,15744,,,1,14,,15740,,,1,69,,15757,,,1,30,,15746,,,1,69,,15742,,,1,29,,15741,,,1,71,,15736,,,1,30,,15758,,,1,68,,15747,,,1,29,,15749,,,1,72,,15752,,,1,32,,15750,,,1,70,,15763,,,1,30,,15753,,,1,73,,15751,,,1,27,,15759,,,1,55,,15765,,,1,15,,15762,,,1,15,,15771,,,1,15,,15760,,,1,55,,15777,,,1,15,,15769,,,1,15,,15761,,,1,15,,15772,,,1,55,,15766,,,1,14,,15781,,,1,12,,15767,,,1,13,,15770,,,1,53,,15764,,,1,17,,15775,,,1,18,,15778,,,1,60,,15768,,,1,18,,15773,,,1,18,,15783,,,1,19,,15776,,,1,59,,15774,,,1,19,,15780,,,1,20,,15779,,,1,81,,15784,,,1,81,,15782,,,1,39,,15785,,,1,79,,15786,,,1,79,,15787,,,1
2300,'CPHoliday1',816,,19278,,,1,29,,19279,,,1,68,,19280,,,1,28,,19281,,,1,69,,19282,,,1,29,,19283,,,1,20,,19284,,,1,60,,19285,,,1,23,,19286,,,1,65,,19287,,,1,24,,19288,,,1,25,,19289,,,1,64,,19290,,,1,25,,19291,,,1,64,,19292,,,1,24,,19293,,,1,24,,19294,,,1,66,,19295,,,1,25,,19296,,,1,65,,19297,,,1,25,,19298,,,1,65,,19299,,,1,23,,19300,,,1,24,,19301,,,1,63,,19302,,,1,24,,19303,,,1,65,,19304,,,1,25,,19270,,,1,28,,19271,,,1,72,,19272,,,1,31,,19273,,,1,72,,19274,,,1,29,,19275,,,1,70,,19276,,,1,30,,19277,,,1
2300,'CPSaturday',544,,19305,,,1,66,,19306,,,1,29,,19307,,,1,69,,19308,,,1,28,,19309,,,1,68,,19310,,,1,28,,19311,,,1,69,,19312,,,1,29,,19313,,,1,29,,19314,,,1,69,,19315,,,1,22,,19316,,,1,67,,19317,,,1,24,,19318,,,1,65,,19319,,,1,24,,19320,,,1,24,,19321,,,1,67,,19322,,,1,26,,19323,,,1,66,,19324,,,1,26,,19325,,,1,66,,19326,,,1,26,,19327,,,1,26,,19328,,,1,66,,19329,,,1,25,,19330,,,1,65,,19331,,,1,25,,19332,,,1,65,,19333,,,1,25,,19334,,,1,25,,19335,,,1,65,,19336,,,1,24,,19337,,,1,65,,19338,,,1,30,,19339,,,1,69,,19340,,,1,29,,19341,,,1,70,,19342,,,1,28,,19343,,,1,68,,19344,,,1,26,,19345,,,1,26,,19346,,,1,65,,19347,,,1,25,,19348,,,1,64,,19349,,,1
2300,'CPSunday',816,,19358,,,1,29,,19359,,,1,68,,19360,,,1,28,,19361,,,1,69,,19362,,,1,29,,19363,,,1,20,,19364,,,1,60,,19365,,,1,23,,19366,,,1,65,,19367,,,1,24,,19368,,,1,25,,19369,,,1,64,,19370,,,1,25,,19371,,,1,64,,19372,,,1,24,,19373,,,1,24,,19374,,,1,66,,19375,,,1,25,,19376,,,1,65,,19377,,,1,25,,19378,,,1,65,,19379,,,1,23,,19380,,,1,24,,19381,,,1,63,,19382,,,1,24,,19383,,,1,65,,19384,,,1,25,,19350,,,1,28,,19351,,,1,72,,19352,,,1,31,,19353,,,1,72,,19354,,,1,29,,19355,,,1,70,,19356,,,1,30,,19357,,,1
2300,'CPWeekday',449,,19427,,,1,59,,19410,,,1,23,,19408,,,1,21,,19407,,,1,62,,19424,,,1,23,,19411,,,1,63,,19406,,,1,27,,19395,,,1,24,,19425,,,1,64,,19412,,,1,27,,19393,,,1,65,,19392,,,1,26,,19426,,,1,26,,19413,,,1,67,,19396,,,1,26,,19391,,,1,64,,19428,,,1,23,,19409,,,1,65,,19394,,,1,26,,19390,,,1,26,,19432,,,1,65,,19417,,,1,27,,19398,,,1,66,,19389,,,1,26,,19430,,,1,67,,19420,,,1,27,,19400,,,1,66,,19388,,,1,26,,19429,,,1,29,,19418,,,1,68,,19399,,,1,28,,19387,,,1,65,,19431,,,1,28,,19421,,,1,65,,19397,,,1,28,,19386,,,1,75,,19419,,,1,30,,19401,,,1,70,,19385,,,1,30,,19422,,,1,75,,19402,,,1,42,,19416,,,1,83,,19403,,,1,79,,19414,,,1,35,,19404,,,1,76,,19415,,,1,74,,19405,,,1,34,,19423,,,1
3101,'CPHoliday1',712,,20868,,,1,100,,20869,,,1,30,,20870,,,1,70,,20871,,,1,30,,20872,,,1,70,,20873,,,1,30,,20874,,,1,70,,20875,,,1,30,,20876,,,1,70,,20877,,,1,30,,20878,,,1,70,,20879,,,1,28,,20880,,,1,72,,20881,,,1,30,,20882,,,1,70,,20883,,,1,33,,20884,,,1,70,,20885,,,1,30,,20886,,,1,70,,20887,,,1,30,,20888,,,1,70,,20889,,,1,30,,20890,,,1,70,,20891,,,1,30,,20892,,,1,70,,20893,,,1,30,,20894,,,1,70,,20895,,,1,30,,20896,,,1,70,,20897,,,1
3101,'CPSaturday',603,,20898,,,1,100,,20899,,,1,107,,20900,,,1,34,,20901,,,1,68,,20902,,,1,30,,20903,,,1,71,,20904,,,1,26,,20905,,,1,68,,20906,,,1,35,,20907,,,1,70,,20908,,,1,30,,20909,,,1,70,,20910,,,1,30,,20911,,,1,70,,20912,,,1,30,,20913,,,1,71,,20914,,,1,32,,20915,,,1,70,,20916,,,1,30,,20917,,,1,70,,20918,,,1,30,,20919,,,1,70,,20920,,,1,30,,20921,,,1,70,,20922,,,1,30,,20923,,,1,70,,20924,,,1,30,,20925,,,1,70,,20926,,,1,30,,20927,,,1,70,,20928,,,1,32,,20929,,,1,60,,20930,,,1
3101,'CPSunday',712,,20931,,,1,100,,20932,,,1,30,,20933,,,1,70,,20934,,,1,30,,20935,,,1,70,,20936,,,1,30,,20937,,,1,70,,20938,,,1,30,,20939,,,1,70,,20940,,,1,30,,20941,,,1,70,,20942,,,1,28,,20943,,,1,72,,20944,,,1,30,,20945,,,1,70,,20946,,,1,33,,20947,,,1,70,,20948,,,1,30,,20949,,,1,70,,20950,,,1,30,,20951,,,1,70,,20952,,,1,30,,20953,,,1,70,,20954,,,1,30,,20955,,,1,70,,20956,,,1,30,,20957,,,1,70,,20958,,,1,30,,20959,,,1,70,,20960,,,1
3101,'CPWeekday',427,,20961,,,1,30,,20962,,,1,70,,20963,,,1,30,,20964,,,1,70,,20965,,,1,32,,20966,,,1,66,,20967,,,1,18,,20968,,,1,58,,20969,,,1,28,,20970,,,1,16,,20971,,,1,63,,20972,,,1,23,,20973,,,1,74,,20974,,,1,30,,20975,,,1,70,,20976,,,1,30,,20977,,,1,70,,20978,,,1,30,,20979,,,1,70,,20980,,,1,30,,20981,,,1,70,,20982,,,1,30,,20983,,,1,70,,20984,,,1,20,,20985,,,1,20,,20986,,,1,60,,20987,,,1,23,,20988,,,1,19,,20989,,,1,58,,20990,,,1,23,,20991,,,1,17,,20992,,,1,60,,20993,,,1,19,,20994,,,1,23,,20995,,,1,58,,20996,,,1,32,,20997,,,1,72,,20998,,,1,30,,20999,,,1,70,,21000,,,1,30,,21001,,,1,70,,21002,,,1,30,,21003,,,1,70,,21004,,,1,30,,21005,,,1,70,,21006,,,1,30,,21007,,,1,70,,21008,,,1,30,,21009,,,1,70,,21010,,,1
