6800,'CPHoliday1',1053,,25346,,,1,105,,25345,,,1,146,,25348,,,1,110,,25347,,,1,112,,25353,,,1,112,,25351,,,1,110,,25350,,,1,109,,25349,,,1,145,,25352,,,1
6800,'CPSaturday',715,,25368,,,1,104,,25367,,,1,106,,25365,,,1,107,,25366,,,1,111,,25364,,,1,110,,25362,,,1,150,,25363,,,1,111,,25361,,,1,112,,25360,,,1,114,,25359,,,1,114,,25358,,,1,152,,25357,,,1,110,,25356,,,1,105,,25355,,,1,102,,25354,,,1
6800,'CPSunday',1053,,25370,,,1,105,,25369,,,1,146,,25372,,,1,110,,25371,,,1,112,,25377,,,1,112,,25375,,,1,110,,25374,,,1,109,,25373,,,1,145,,25376,,,1
6800,'CPWeekday',513,,25378,,,1,108,,25379,,,1,113,,25380,,,1,117,,25381,,,1,157,,25382,,,1,117,,25383,,,1,117,,25384,,,1,116,,25385,,,1,159,,25386,,,1,119,,25387,,,1,119,,25388,,,1,158,,25389,,,1,115,,25390,,,1,111,,25391,,,1,108,,25392,,,1,107,,25393,,,1,100,,25394,,,1
10700,'MAHoliday1',800,,26192,,,1,32,,26164,,,1,72,,26168,,,1,30,,26169,,,1,24,,26187,,,1,58,,26197,,,1,18,,26165,,,1,18,,26166,,,1,58,,26167,,,1,18,,26175,,,1,18,,26170,,,1,58,,26188,,,1,18,,26196,,,1,18,,26172,,,1,18,,26174,,,1,60,,26173,,,1,20,,26178,,,1,20,,26171,,,1,60,,26189,,,1,20,,26198,,,1,20,,26179,,,1,60,,26177,,,1,20,,26180,,,1,20,,26176,,,1,60,,26186,,,1,20,,26191,,,1,20,,26199,,,1,60,,26182,,,1,20,,26185,,,1,20,,26181,,,1,60,,26183,,,1,20,,26184,,,1,20,,26190,,,1,60,,26200,,,1,30,,26193,,,1,70,,26195,,,1,27,,26194,,,1
10700,'MASaturday',800,,26229,,,1,32,,26201,,,1,72,,26205,,,1,30,,26209,,,1,24,,26224,,,1,58,,26233,,,1,18,,26203,,,1,18,,26202,,,1,58,,26204,,,1,18,,26213,,,1,18,,26210,,,1,58,,26225,,,1,18,,26234,,,1,18,,26208,,,1,18,,26206,,,1,60,,26207,,,1,20,,26218,,,1,20,,26212,,,1,60,,26228,,,1,20,,26236,,,1,20,,26211,,,1,60,,26217,,,1,20,,26215,,,1,20,,26219,,,1,60,,26214,,,1,20,,26226,,,1,20,,26235,,,1,60,,26216,,,1,20,,26220,,,1,20,,26221,,,1,60,,26222,,,1,20,,26223,,,1,20,,26227,,,1,60,,26237,,,1,30,,26230,,,1,70,,26232,,,1,27,,26231,,,1
10700,'MASunday',800,,26266,,,1,32,,26238,,,1,72,,26242,,,1,30,,26243,,,1,24,,26261,,,1,58,,26271,,,1,18,,26239,,,1,18,,26240,,,1,58,,26241,,,1,18,,26249,,,1,18,,26244,,,1,58,,26262,,,1,18,,26270,,,1,18,,26246,,,1,18,,26248,,,1,60,,26247,,,1,20,,26252,,,1,20,,26245,,,1,60,,26263,,,1,20,,26272,,,1,20,,26253,,,1,60,,26251,,,1,20,,26254,,,1,20,,26250,,,1,60,,26260,,,1,20,,26265,,,1,20,,26273,,,1,60,,26256,,,1,20,,26259,,,1,20,,26255,,,1,60,,26257,,,1,20,,26258,,,1,20,,26264,,,1,60,,26274,,,1,30,,26267,,,1,70,,26269,,,1,27,,26268,,,1
10700,'MAWeekday',500,,26334,,,1,25,,26327,,,1,15,,26323,,,1,15,,26341,,,1,55,,26321,,,1,15,,26324,,,1,15,,26309,,,1,15,,26310,,,1,55,,26338,,,1,15,,26316,,,1,15,,26326,,,1,15,,26317,,,1,55,,26342,,,1,15,,26308,,,1,15,,26307,,,1,12,,26325,,,1,52,,26314,,,1,15,,26300,,,1,15,,26337,,,1,15,,26305,,,1,55,,26329,,,1,15,,26319,,,1,15,,26347,,,1,15,,26298,,,1,55,,26295,,,1,15,,26313,,,1,15,,26301,,,1,15,,26335,,,1,55,,26292,,,1,15,,26333,,,1,15,,26320,,,1,15,,26346,,,1,55,,26303,,,1,15,,26289,,,1,15,,26311,,,1,15,,26299,,,1,55,,26339,,,1,15,,26293,,,1,15,,26330,,,1,15,,26318,,,1,55,,26340,,,1,12,,26282,,,1,12,,26302,,,1,12,,26283,,,1,12,,26286,,,1,52,,26280,,,1,10,,26312,,,1,10,,26297,,,1,10,,26336,,,1,12,,26290,,,1,12,,26277,,,1,52,,26328,,,1,12,,26322,,,1,12,,26343,,,1,12,,26276,,,1,12,,26304,,,1,52,,26281,,,1,12,,26287,,,1,15,,26315,,,1,15,,26306,,,1,60,,26294,,,1,20,,26331,,,1,20,,26344,,,1,60,,26278,,,1,20,,26279,,,1,20,,26288,,,1,60,,26296,,,1,20,,26291,,,1,20,,26332,,,1,60,,26345,,,1,20,,26275,,,1,20,,26284,,,1,60,,26285,,,1
10901,'CPHoliday1',724,,26813,,,1,25,,26806,,,1,66,,26802,,,1,26,,26795,,,1,66,,26794,,,1,26,,26812,,,1,25,,26807,,,1,60,,26801,,,1,21,,26791,,,1,20,,26796,,,1,61,,26786,,,1,20,,26784,,,1,60,,26814,,,1,21,,26808,,,1,21,,26800,,,1,60,,26785,,,1,20,,26793,,,1,20,,26787,,,1,60,,26780,,,1,20,,26815,,,1,20,,26809,,,1,60,,26799,,,1,19,,26779,,,1,19,,26798,,,1,19,,26790,,,1,60,,26781,,,1,20,,26818,,,1,20,,26811,,,1,60,,26803,,,1,20,,26776,,,1,20,,26797,,,1,60,,26792,,,1,20,,26783,,,1,20,,26816,,,1,60,,26810,,,1,20,,26804,,,1,66,,26778,,,1,24,,26789,,,1,26,,26782,,,1,65,,26817,,,1,25,,26805,,,1,70,,26777,,,1,30,,26788,,,1
10901,'CPSaturday',635,,26864,,,1,20,,26857,,,1,61,,26850,,,1,21,,26843,,,1,20,,26842,,,1,61,,26835,,,1,20,,26865,,,1,20,,26858,,,1,60,,26851,,,1,21,,26844,,,1,20,,26834,,,1,60,,26836,,,1,20,,26837,,,1,18,,26866,,,1,58,,26859,,,1,18,,26854,,,1,18,,26828,,,1,58,,26847,,,1,19,,26841,,,1,19,,26830,,,1,58,,26826,,,1,18,,26867,,,1,18,,26863,,,1,18,,26855,,,1,58,,26825,,,1,19,,26846,,,1,18,,26838,,,1,58,,26829,,,1,20,,26827,,,1,20,,26869,,,1,60,,26861,,,1,20,,26852,,,1,20,,26822,,,1,60,,26845,,,1,20,,26839,,,1,20,,26831,,,1,60,,26821,,,1,19,,26868,,,1,18,,26860,,,1,58,,26853,,,1,17,,26823,,,1,18,,26848,,,1,58,,26840,,,1,18,,26832,,,1,17,,26820,,,1,24,,26862,,,1,65,,26856,,,1,25,,26824,,,1,65,,26849,,,1,20,,26833,,,1,22,,26819,,,1
10901,'CPSunday',724,,26907,,,1,25,,26900,,,1,66,,26896,,,1,26,,26889,,,1,66,,26888,,,1,26,,26906,,,1,25,,26901,,,1,60,,26895,,,1,21,,26885,,,1,20,,26890,,,1,61,,26880,,,1,20,,26878,,,1,60,,26908,,,1,21,,26902,,,1,21,,26894,,,1,60,,26879,,,1,20,,26887,,,1,20,,26881,,,1,60,,26874,,,1,20,,26909,,,1,20,,26903,,,1,60,,26893,,,1,19,,26873,,,1,19,,26892,,,1,19,,26884,,,1,60,,26875,,,1,20,,26912,,,1,20,,26905,,,1,60,,26897,,,1,20,,26870,,,1,20,,26891,,,1,60,,26886,,,1,20,,26877,,,1,20,,26910,,,1,60,,26904,,,1,20,,26898,,,1,66,,26872,,,1,24,,26883,,,1,26,,26876,,,1,65,,26911,,,1,25,,26899,,,1,70,,26871,,,1,30,,26882,,,1
10901,'CPWeekday',429,,26913,,,1,25,,26914,,,1,67,,26915,,,1,26,,26916,,,1,60,,26917,,,1,18,,26918,,,1,16,,26919,,,1,10,,26920,,,1,50,,26921,,,1,11,,26922,,,1,11,,26923,,,1,11,,26924,,,1,10,,26925,,,1,10,,26926,,,1,50,,26927,,,1,10,,26928,,,1,10,,26929,,,1,10,,26930,,,1,10,,26931,,,1,10,,26932,,,1,50,,26933,,,1,10,,26934,,,1,9,,26935,,,1,9,,26936,,,1,10,,26937,,,1,10,,26938,,,1,50,,26939,,,1,10,,26940,,,1,8,,26941,,,1,10,,26942,,,1,15,,26943,,,1,55,,26944,,,1,15,,26945,,,1,15,,26946,,,1,15,,26947,,,1,55,,26948,,,1,15,,26949,,,1,15,,26950,,,1,15,,26951,,,1,55,,26952,,,1,15,,26953,,,1,15,,26954,,,1,15,,26955,,,1,55,,26956,,,1,15,,26957,,,1,16,,26958,,,1,15,,26959,,,1,56,,26960,,,1,16,,26961,,,1,15,,26962,,,1,15,,26963,,,1,55,,26964,,,1,15,,26965,,,1,15,,26966,,,1,15,,26967,,,1,55,,26968,,,1,15,,26969,,,1,15,,26970,,,1,15,,26971,,,1,55,,26972,,,1,14,,26973,,,1,13,,26974,,,1,15,,26975,,,1,55,,26976,,,1,16,,26977,,,1,13,,26978,,,1,15,,26979,,,1,15,,26980,,,1,55,,26981,,,1,15,,26982,,,1,15,,26983,,,1,15,,26984,,,1,55,,26985,,,1,13,,26986,,,1,15,,26987,,,1,15,,26988,,,1,55,,26989,,,1,16,,26990,,,1,15,,26991,,,1,58,,26992,,,1
