901,'CPHoliday1',631,,16729,,,1,86,,16728,,,1,87,,16727,,,1,51,,16726,,,1,89,,16720,,,1,90,,16719,,,1,88,,16725,,,1,78,,16716,,,1,36,,16714,,,1,76,,16724,,,1,37,,16717,,,1,77,,16718,,,1,77,,16721,,,1,38,,16709,,,1,77,,16710,,,1,37,,16723,,,1,77,,16708,,,1,77,,16712,,,1,37,,16722,,,1,78,,16707,,,1,85,,16711,,,1,93,,16706,,,1,50,,16713,,,1,89,,16705,,,1,90,,16715,,,1
901,'CPSaturday',621,,16763,,,1,32,,16764,,,1,73,,16762,,,1,31,,16760,,,1,73,,16761,,,1,74,,16749,,,1,34,,16757,,,1,75,,16748,,,1,33,,16740,,,1,75,,16751,,,1,36,,16744,,,1,79,,16737,,,1,78,,16752,,,1,38,,16743,,,1,77,,16736,,,1,80,,16753,,,1,39,,16745,,,1,78,,16735,,,1,78,,16754,,,1,39,,16746,,,1,76,,16734,,,1,37,,16755,,,1,75,,16738,,,1,75,,16733,,,1,35,,16756,,,1,75,,16741,,,1,33,,16732,,,1,74,,16758,,,1,33,,16739,,,1,73,,16731,,,1,74,,16750,,,1,32,,16742,,,1,69,,16730,,,1,27,,16759,,,1,27,,16747,,,1
901,'CPSunday',631,,16789,,,1,86,,16788,,,1,87,,16787,,,1,51,,16786,,,1,89,,16780,,,1,90,,16779,,,1,88,,16785,,,1,78,,16776,,,1,36,,16774,,,1,76,,16784,,,1,37,,16777,,,1,77,,16778,,,1,77,,16781,,,1,38,,16769,,,1,77,,16770,,,1,37,,16783,,,1,77,,16768,,,1,77,,16772,,,1,37,,16782,,,1,78,,16767,,,1,85,,16771,,,1,93,,16766,,,1,50,,16773,,,1,89,,16765,,,1,90,,16775,,,1
901,'CPWeekday',525,,16834,,,1,27,,16835,,,1,62,,16836,,,1,23,,16837,,,1,21,,16838,,,1,62,,16828,,,1,22,,16830,,,1,63,,16832,,,1,27,,16831,,,1,24,,16833,,,1,65,,16829,,,1,25,,16823,,,1,66,,16826,,,1,24,,16825,,,1,20,,16827,,,1,59,,16822,,,1,29,,16824,,,1,70,,16820,,,1,30,,16821,,,1,71,,16818,,,1,30,,16819,,,1,68,,16817,,,1,19,,16816,,,1,20,,16815,,,1,67,,16814,,,1,30,,16813,,,1,70,,16812,,,1,31,,16811,,,1,62,,16810,,,1,23,,16809,,,1,67,,16808,,,1,27,,16807,,,1,28,,16806,,,1,64,,16800,,,1,24,,16801,,,1,67,,16797,,,1,28,,16796,,,1,69,,16795,,,1,29,,16802,,,1,69,,16798,,,1,27,,16792,,,1,66,,16791,,,1,27,,16803,,,1,23,,16799,,,1,67,,16793,,,1,25,,16790,,,1,67,,16804,,,1,44,,16794,,,1,84,,16805,,,1
1301,'CPHoliday1',728,,17824,,,1,77,,17825,,,1,36,,17826,,,1,76,,17827,,,1,39,,17828,,,1,80,,17829,,,1,79,,17830,,,1,40,,17831,,,1,81,,17832,,,1,81,,17833,,,1,41,,17834,,,1,81,,17835,,,1,82,,17836,,,1,82,,17837,,,1,41,,17838,,,1,81,,17839,,,1,82,,17840,,,1,42,,17841,,,1,80,,17842,,,1,79,,17843,,,1,40,,17844,,,1,80,,17845,,,1,74,,17846,,,1,36,,17847,,,1,88,,17848,,,1,88,,17849,,,1,88,,17850,,,1
1301,'CPSaturday',537,,17851,,,1,76,,17852,,,1,37,,17853,,,1,78,,17854,,,1,76,,17855,,,1,39,,17856,,,1,78,,17857,,,1,38,,17858,,,1,79,,17859,,,1,73,,17860,,,1,32,,17861,,,1,72,,17862,,,1,32,,17863,,,1,74,,17864,,,1,34,,17865,,,1,74,,17866,,,1,74,,17867,,,1,33,,17868,,,1,74,,17869,,,1,34,,17870,,,1,74,,17871,,,1,32,,17872,,,1,72,,17873,,,1,31,,17874,,,1,72,,17875,,,1,30,,17876,,,1,70,,17877,,,1,30,,17878,,,1,70,,17879,,,1,30,,17880,,,1,66,,17881,,,1,27,,17882,,,1,87,,17883,,,1,88,,17884,,,1,88,,17885,,,1
1301,'CPSunday',728,,17886,,,1,77,,17887,,,1,36,,17888,,,1,76,,17889,,,1,39,,17890,,,1,80,,17891,,,1,79,,17892,,,1,40,,17893,,,1,81,,17894,,,1,81,,17895,,,1,41,,17896,,,1,81,,17897,,,1,82,,17898,,,1,82,,17899,,,1,41,,17900,,,1,81,,17901,,,1,82,,17902,,,1,42,,17903,,,1,80,,17904,,,1,79,,17905,,,1,40,,17906,,,1,80,,17907,,,1,74,,17908,,,1,36,,17909,,,1,88,,17910,,,1,88,,17911,,,1,88,,17912,,,1
1301,'CPWeekday',444,,17916,,,1,61,,17917,,,1,22,,17918,,,1,20,,17919,,,1,64,,17920,,,1,27,,17921,,,1,68,,17922,,,1,27,,17923,,,1,7,,17914,,,1,60,,17924,,,1,15,,17915,,,1,2,,17913,,,1,9,,17925,,,1,26,,17926,,,1,67,,17927,,,1,27,,17928,,,1,67,,17929,,,1,26,,17930,,,1,66,,17931,,,1,24,,17932,,,1,24,,17933,,,1,64,,17934,,,1,24,,17935,,,1,64,,17936,,,1,24,,17937,,,1,27,,17938,,,1,68,,17939,,,1,23,,17940,,,1,60,,17941,,,1,22,,17942,,,1,25,,17943,,,1,66,,17944,,,1,25,,17945,,,1,65,,17946,,,1,25,,17947,,,1,24,,17948,,,1,64,,17949,,,1,21,,17950,,,1,62,,17951,,,1,21,,17952,,,1,21,,17953,,,1,62,,17954,,,1,24,,17955,,,1,69,,17956,,,1,29,,17957,,,1,69,,17958,,,1,27,,17959,,,1,28,,17960,,,1,90,,17961,,,1,89,,17962,,,1,90,,17963,,,1,88,,17964,,,1
4600,'CPHoliday1',805,,23251,,,1,40,,23252,,,1,80,,23253,,,1,80,,23254,,,1,40,,23255,,,1,80,,23256,,,1,80,,23257,,,1,40,,23258,,,1,82,,23259,,,1,82,,23260,,,1,42,,23261,,,1,83,,23262,,,1,82,,23263,,,1,42,,23264,,,1,82,,23265,,,1,82,,23266,,,1,82,,23267,,,1,44,,23268,,,1,84,,23269,,,1,83,,23270,,,1
4600,'CPSaturday',716,,23271,,,1,41,,23272,,,1,80,,23273,,,1,81,,23274,,,1,40,,23275,,,1,80,,23276,,,1,82,,23277,,,1,82,,23278,,,1,42,,23279,,,1,83,,23280,,,1,84,,23281,,,1,44,,23282,,,1,84,,23283,,,1,84,,23284,,,1,84,,23285,,,1,43,,23286,,,1,84,,23287,,,1,84,,23288,,,1,84,,23289,,,1,41,,23290,,,1,80,,23291,,,1,80,,23292,,,1,40,,23293,,,1
4600,'CPSunday',805,,23294,,,1,40,,23295,,,1,80,,23296,,,1,80,,23297,,,1,40,,23298,,,1,80,,23299,,,1,80,,23300,,,1,40,,23301,,,1,82,,23302,,,1,82,,23303,,,1,42,,23304,,,1,83,,23305,,,1,82,,23306,,,1,42,,23307,,,1,82,,23308,,,1,82,,23309,,,1,82,,23310,,,1,44,,23311,,,1,84,,23312,,,1,83,,23313,,,1
4600,'CPWeekday',455,,23343,,,1,91,,23342,,,1,80,,23338,,,1,83,,23344,,,1,32,,23314,,,1,12,,23339,,,1,87,,23341,,,1,85,,23345,,,1,85,,23340,,,1,44,,23322,,,1,84,,23333,,,1,84,,23330,,,1,85,,23334,,,1,44,,23329,,,1,86,,23331,,,1,21,,23316,,,1,67,,23332,,,1,88,,23335,,,1,88,,23326,,,1,46,,23324,,,1,86,,23336,,,1,86,,23323,,,1,84,,23337,,,1,43,,23325,,,1,84,,23327,,,1,82,,23328,,,1,42,,23317,,,1,81,,23320,,,1,80,,23319,,,1,38,,23318,,,1,77,,23321,,,1
4900,'CPWeekday',921,,23734,4,,1,84,,23731,4,,1,44,,23732,4,,1,85,,23729,4,,1,86,,23730,4,,1,88,,23727,4,,1,48,,23728,4,,1,90,,23726,4,,1,88,,23721,4,,1
4901,'CPWeekday',934,,23758,0,30 18 31 14 13 32,1,85,,23759,0,30 18 31 14 13 32,1,85,,23757,0,30 18 31 14 13 32,1,45,,23756,0,30 18 31 14 13 32,1,86,,23754,0,30 18 31 14 13 32,1,86,,23755,0,30 18 31 14 13 32,1,86,,23753,0,30 18 31 14 13 32,1,48,,23752,0,30 18 31 14 13 32,1,88,,23746,0,30 18 31 14 13 32,1
