1001,'CPHoliday1',721,,31196,2,,,1,30,,31195,2,,,1,70,,31194,2,,,1,32,,31193,2,,,1,72,,31192,2,,,1,32,,31191,2,,,1,73,,31190,2,,,1,73,,31189,2,,,1,35,,31188,2,,,1,75,,31186,2,,,1,35,,31187,2,,,1,75,,31185,2,,,1,35,,31184,2,,,1,75,,31182,2,,,1,76,,31183,2,,,1,36,,31181,2,,,1,76,,31177,2,,,1,36,,31179,2,,,1,76,,31175,2,,,1,76,,31174,2,,,1,34,,31178,2,,,1,74,,31171,2,,,1,34,,31172,2,,,1,74,,31169,2,,,1,34,,31176,2,,,1,74,,31173,2,,,1,74,,31168,2,,,1,32,,31167,2,,,1,72,,31180,2,,,1,30,,31170,2,,,1
1001,'CPSaturday',614,,31236,2,,,1,24,,31234,2,,,1,65,,31235,2,,,1,25,,31232,2,,,1,25,,31233,2,,,1,65,,31229,2,,,1,25,,31230,2,,,1,67,,31228,2,,,1,27,,31231,2,,,1,67,,31226,2,,,1,27,,31227,2,,,1,28,,31225,2,,,1,68,,31224,2,,,1,28,,31223,2,,,1,68,,31222,2,,,1,29,,31221,2,,,1,69,,31220,2,,,1,29,,31218,2,,,1,68,,31219,2,,,1,29,,31217,2,,,1,69,,31216,2,,,1,30,,31211,2,,,1,70,,31212,2,,,1,29,,31207,2,,,1,69,,31206,2,,,1,28,,31210,2,,,1,68,,31205,2,,,1,28,,31215,2,,,1,68,,31204,2,,,1,28,,31201,2,,,1,68,,31208,2,,,1,26,,31198,2,,,1,26,,31214,2,,,1,65,,31202,2,,,1,26,,31200,2,,,1,66,,31209,2,,,1,26,,31199,2,,,1,67,,31213,2,,,1,24,,31203,2,,,1,24,,31197,2,,,1
1001,'CPSunday',721,,31266,2,,,1,30,,31265,2,,,1,70,,31264,2,,,1,32,,31263,2,,,1,72,,31262,2,,,1,32,,31261,2,,,1,73,,31260,2,,,1,73,,31259,2,,,1,35,,31258,2,,,1,75,,31256,2,,,1,35,,31257,2,,,1,75,,31255,2,,,1,35,,31254,2,,,1,75,,31252,2,,,1,76,,31253,2,,,1,36,,31251,2,,,1,76,,31247,2,,,1,36,,31249,2,,,1,76,,31245,2,,,1,76,,31244,2,,,1,34,,31248,2,,,1,74,,31241,2,,,1,34,,31242,2,,,1,74,,31239,2,,,1,34,,31246,2,,,1,74,,31243,2,,,1,74,,31238,2,,,1,32,,31237,2,,,1,72,,31250,2,,,1,30,,31240,2,,,1
1001,'CPWeekday',439,,31316,2,,,1,20,,31312,2,,,1,60,,31315,2,,,1,22,,31314,2,,,1,60,,31313,2,,,1,22,,31310,2,,,1,25,,31311,2,,,1,65,,31309,2,,,1,25,,31308,2,,,1,66,,31307,2,,,1,26,,31306,2,,,1,25,,31304,2,,,1,65,,31305,2,,,1,25,,31303,2,,,1,65,,31302,2,,,1,25,,31301,2,,,1,65,,31300,2,,,1,25,,31299,2,,,1,25,,31298,2,,,1,65,,31297,2,,,1,25,,31296,2,,,1,65,,31295,2,,,1,25,,31294,2,,,1,26,,31292,2,,,1,66,,31293,2,,,1,26,,31287,2,,,1,67,,31284,2,,,1,27,,31286,2,,,1,67,,31285,2,,,1,24,,31279,2,,,1,22,,31278,2,,,1,62,,31289,2,,,1,22,,31283,2,,,1,62,,31276,2,,,1,22,,31275,2,,,1,23,,31277,2,,,1,64,,31274,2,,,1,20,,31273,2,,,1,20,,31291,2,,,1,63,,31280,2,,,1,23,,31272,2,,,1,23,,31270,2,,,1,74,,31271,2,,,1,74,,31288,2,,,1,32,,31282,2,,,1,72,,31268,2,,,1,31,,31269,2,,,1,70,,31290,2,,,1,29,,31281,2,,,1,68,,31267,2,,,1
3801,'CPHoliday1',807,,36037,2,,,1,50,,36035,2,,,1,95,,36041,2,,,1,95,,36038,2,,,1,95,,36036,2,,,1,95,,36046,2,,,1,95,,36040,2,,,1,95,,36039,2,,,1,95,,36045,2,,,1,95,,36043,2,,,1,95,,36044,2,,,1,95,,36047,2,,,1,95,,36042,2,,,1,55,,36048,2,,,1
3801,'CPSaturday',601,,36049,2,,,1,25,,36050,2,,,1,25,,36051,2,,,1,70,,36052,2,,,1,30,,36053,2,,,1,70,,36054,2,,,1,30,,36055,2,,,1,71,,36056,2,,,1,32,,36057,2,,,1,72,,36058,2,,,1,74,,36059,2,,,1,34,,36060,2,,,1,74,,36061,2,,,1,34,,36062,2,,,1,74,,36063,2,,,1,34,,36064,2,,,1,74,,36065,2,,,1,34,,36066,2,,,1,74,,36067,2,,,1,74,,36068,2,,,1,35,,36069,2,,,1,75,,36070,2,,,1,35,,36071,2,,,1,75,,36072,2,,,1,74,,36073,2,,,1,34,,36074,2,,,1,72,,36075,2,,,1,32,,36076,2,,,1,70,,36077,2,,,1,30,,36078,2,,,1,70,,36079,2,,,1,27,,36080,2,,,1,68,,36081,2,,,1,28,,36082,2,,,1
3801,'CPSunday',807,,36085,2,,,1,50,,36083,2,,,1,95,,36089,2,,,1,95,,36086,2,,,1,95,,36084,2,,,1,95,,36094,2,,,1,95,,36088,2,,,1,95,,36087,2,,,1,95,,36093,2,,,1,95,,36091,2,,,1,95,,36092,2,,,1,95,,36095,2,,,1,95,,36090,2,,,1,55,,36096,2,,,1
3801,'CPWeekday',511,,36120,2,,,1,30,,36128,2,,,1,67,,36121,2,,,1,28,,36118,2,,,1,68,,36111,2,,,1,30,,36110,2,,,1,70,,36119,2,,,1,30,,36130,2,,,1,72,,36125,2,,,1,35,,36113,2,,,1,75,,36109,2,,,1,40,,36105,2,,,1,80,,36132,2,,,1,80,,36124,2,,,1,40,,36112,2,,,1,70,,36106,2,,,1,26,,36104,2,,,1,66,,36103,2,,,1,30,,36129,2,,,1,70,,36122,2,,,1,30,,36101,2,,,1,68,,36117,2,,,1,28,,36108,2,,,1,70,,36100,2,,,1,30,,36102,2,,,1,70,,36131,2,,,1,28,,36123,2,,,1,68,,36098,2,,,1,28,,36116,2,,,1,70,,36107,2,,,1,40,,36097,2,,,1,90,,36126,2,,,1,89,,36114,2,,,1,86,,36099,2,,,1,46,,36127,2,,,1,82,,36115,2,,,1
3900,'CPHoliday1',548,,36153,2,,,1,78,,36147,2,,,1,78,,36142,2,,,1,38,,36138,2,,,1,80,,36154,2,,,1,82,,36145,2,,,1,42,,36143,2,,,1,82,,36137,2,,,1,82,,36152,2,,,1,44,,36146,2,,,1,85,,36139,2,,,1,85,,36136,2,,,1,85,,36155,2,,,1,45,,36149,2,,,1,85,,36140,2,,,1,85,,36135,2,,,1,85,,36156,2,,,1,45,,36148,2,,,1,85,,36141,2,,,1,84,,36134,2,,,1,84,,36151,2,,,1,42,,36150,2,,,1,82,,36144,2,,,1,75,,36133,2,,,1
3900,'CPSaturday',751,,36161,2,,,1,282,,36160,2,,,1,298,,36159,2,,,1,271,,36162,2,,,1,30,,36158,2,,,1,269,,36163,2,,,1,30,,36157,2,,,1,215,,36164,2,,,1
3900,'CPSunday',548,,36185,2,,,1,78,,36179,2,,,1,78,,36174,2,,,1,38,,36170,2,,,1,80,,36186,2,,,1,82,,36177,2,,,1,42,,36175,2,,,1,82,,36169,2,,,1,82,,36184,2,,,1,44,,36178,2,,,1,85,,36171,2,,,1,85,,36168,2,,,1,85,,36187,2,,,1,45,,36181,2,,,1,85,,36172,2,,,1,85,,36167,2,,,1,85,,36188,2,,,1,45,,36180,2,,,1,85,,36173,2,,,1,84,,36166,2,,,1,84,,36183,2,,,1,42,,36182,2,,,1,82,,36176,2,,,1,75,,36165,2,,,1
3900,'MASaturday',546,,36212,2,,,1,65,,36211,2,,,1,25,,36205,2,,,1,65,,36204,2,,,1,25,,36215,2,,,1,91,,36206,2,,,1,26,,36199,2,,,1,66,,36197,2,,,1,28,,36198,2,,,1,68,,36214,2,,,1,96,,36210,2,,,1,30,,36200,2,,,1,70,,36194,2,,,1,30,,36192,2,,,1,70,,36213,2,,,1,100,,36209,2,,,1,30,,36203,2,,,1,71,,36195,2,,,1,30,,36190,2,,,1,169,,36207,2,,,1,30,,36202,2,,,1,70,,36193,2,,,1,30,,36189,2,,,1,170,,36208,2,,,1,28,,36201,2,,,1,26,,36196,2,,,1,66,,36191,2,,,1
3900,'MAWeekday',505,,36217,2,,,1,21,,36218,2,,,1,21,,36219,2,,,1,59,,36220,2,,,1,18,,36221,2,,,1,18,,36222,2,,,1,59,,36223,2,,,1,20,,36224,2,,,1,22,,36225,2,,,1,63,,36226,2,,,1,24,,36227,2,,,1,70,,36228,2,,,1,38,,36229,2,,,1,77,,36230,2,,,1,38,,36231,2,,,1,77,,36232,2,,,1,77,,36233,2,,,1,35,,36234,2,,,1,74,,36235,2,,,1,26,,36236,2,,,1,66,,36237,2,,,1,19,,36238,2,,,1,18,,36239,2,,,1,61,,36240,2,,,1,22,,36241,2,,,1,18,,36242,2,,,1,58,,36243,2,,,1,18,,36244,2,,,1,19,,36245,2,,,1,62,,36246,2,,,1,22,,36247,2,,,1,22,,36248,2,,,1,63,,36249,2,,,1,23,,36250,2,,,1,22,,36251,2,,,1,63,,36252,2,,,1,19,,36253,2,,,1,76,,36254,2,,,1,42,,36255,2,,,1,82,,36256,2,,,1,82,,36257,2,,,1,37,,36258,2,,,1,75,,36259,2,,,1,75,,36260,2,,,1,35,,36261,2,,,1,74,,36262,2,,,1
4301,'CPWeekday',1421,,36947,2,,,1,80,,36945,2,,,1,40,,36950,2,,,1,80,,36952,2,,,1,80,,36948,2,,,1,42,,36946,2,,,1,82,,36951,2,,,1,82,,36953,2,,,1,40,,36949,2,,,1
4501,'CPHoliday1',746,,37331,2,,,1,75,,37332,2,,,1,35,,37333,2,,,1,75,,37334,2,,,1,75,,37335,2,,,1,35,,37336,2,,,1,80,,37337,2,,,1,80,,37338,2,,,1,40,,37339,2,,,1,80,,37340,2,,,1,80,,37341,2,,,1,40,,37342,2,,,1,80,,37343,2,,,1,80,,37344,2,,,1,40,,37345,2,,,1,80,,37346,2,,,1,80,,37347,2,,,1,40,,37348,2,,,1,80,,37349,2,,,1,80,,37350,2,,,1,40,,37351,2,,,1,80,,37352,2,,,1
4501,'CPSaturday',541,,37353,2,,,1,75,,37354,2,,,1,35,,37355,2,,,1,75,,37356,2,,,1,75,,37357,2,,,1,35,,37358,2,,,1,80,,37359,2,,,1,40,,37360,2,,,1,80,,37361,2,,,1,80,,37362,2,,,1,40,,37363,2,,,1,82,,37364,2,,,1,82,,37365,2,,,1,82,,37366,2,,,1,42,,37367,2,,,1,82,,37368,2,,,1,82,,37369,2,,,1,42,,37370,2,,,1,82,,37371,2,,,1,82,,37372,2,,,1,42,,37373,2,,,1,80,,37374,2,,,1,80,,37375,2,,,1,35,,37376,2,,,1,75,,37377,2,,,1
4501,'CPSunday',746,,37378,2,,,1,75,,37379,2,,,1,35,,37380,2,,,1,75,,37381,2,,,1,75,,37382,2,,,1,35,,37383,2,,,1,80,,37384,2,,,1,80,,37385,2,,,1,40,,37386,2,,,1,80,,37387,2,,,1,80,,37388,2,,,1,40,,37389,2,,,1,80,,37390,2,,,1,80,,37391,2,,,1,40,,37392,2,,,1,80,,37393,2,,,1,80,,37394,2,,,1,40,,37395,2,,,1,80,,37396,2,,,1,80,,37397,2,,,1,40,,37398,2,,,1,80,,37399,2,,,1
4501,'CPWeekday',431,,37400,2,,,1,70,,37401,2,,,1,30,,37402,2,,,1,20,,37403,2,0,11 6 12 13 14 15 16,1,60,,37404,2,,,1,20,,37405,2,0,11 6 12 13 14 15 16,1,18,,37406,2,,,1,58,,37407,2,0,11 6 12 13 14 15 16,1,18,,37408,2,,,1,20,,37409,2,0,11 6 12 13 14 15 16,1,60,,37410,2,,,1,20,,37411,2,0,11 6 12 13 14 15 16,1,20,,37412,2,,,1,62,,37413,2,0,11 6 12 13 14 15 16,1,22,,37414,2,,,1,30,,37415,2,0,11 6 12 13 14 15 16,1,72,,37416,2,,,1,72,,37417,2,,,1,32,,37418,2,,,1,72,,37419,2,,,1,32,,37420,2,,,1,72,,37421,2,,,1,20,,37422,2,,,1,20,,37423,2,,,1,60,,37424,2,,,1,19,,37425,2,,,1,17,,37426,2,0,11 6 12 13 14 15 16,1,55,,37427,2,,,1,20,,37428,2,0,11 6 12 13 14 15 16,1,18,,37429,2,,,1,18,,37430,2,0,11 6 12 13 14 15 16,1,58,,37431,2,,,1,18,,37432,2,0,11 6 12 13 14 15 16,1,18,,37433,2,,,1,58,,37434,2,0,11 6 12 13 14 15 16,1,18,,37435,2,,,1,18,,37436,2,0,11 6 12 13 14 15 16,1,58,,37437,2,,,1,18,,37438,2,0,11 6 12 13 14 15 16,1,18,,37439,2,,,1,18,,37440,2,0,11 6 12 13 14 15 16,1,58,,37441,2,,,1,18,,37442,2,,,1,20,,37443,2,,,1,60,,37444,2,,,1,22,,37445,2,,,1,70,,37446,2,,,1,30,,37447,2,,,1,70,,37448,2,,,1,30,,37449,2,,,1,70,,37450,2,,,1
4601,'CPHoliday1',721,,37543,2,,,1,80,,37544,2,,,1,40,,37545,2,,,1,80,,37546,2,,,1,80,,37547,2,,,1,40,,37548,2,,,1,80,,37549,2,,,1,80,,37550,2,,,1,40,,37551,2,,,1,82,,37552,2,,,1,82,,37553,2,,,1,42,,37554,2,,,1,82,,37555,2,,,1,84,,37556,2,,,1,42,,37557,2,,,1,82,,37558,2,,,1,82,,37559,2,,,1,82,,37560,2,,,1,42,,37561,2,,,1,84,,37562,2,,,1,86,,37563,2,,,1
4601,'CPSaturday',631,,37564,2,,,1,80,,37565,2,,,1,40,,37566,2,,,1,80,,37567,2,,,1,80,,37568,2,,,1,42,,37569,2,,,1,82,,37570,2,,,1,82,,37571,2,,,1,42,,37572,2,,,1,82,,37573,2,,,1,82,,37574,2,,,1,82,,37575,2,,,1,44,,37576,2,,,1,84,,37577,2,,,1,84,,37578,2,,,1,84,,37579,2,,,1,44,,37580,2,,,1,84,,37581,2,,,1,84,,37582,2,,,1,44,,37583,2,,,1,82,,37584,2,,,1,82,,37585,2,,,1,80,,37586,2,,,1
4601,'CPSunday',721,,37587,2,,,1,80,,37588,2,,,1,40,,37589,2,,,1,80,,37590,2,,,1,80,,37591,2,,,1,40,,37592,2,,,1,80,,37593,2,,,1,80,,37594,2,,,1,40,,37595,2,,,1,82,,37596,2,,,1,82,,37597,2,,,1,42,,37598,2,,,1,82,,37599,2,,,1,84,,37600,2,,,1,42,,37601,2,,,1,82,,37602,2,,,1,82,,37603,2,,,1,82,,37604,2,,,1,42,,37605,2,,,1,84,,37606,2,,,1,86,,37607,2,,,1
4601,'CPWeekday',416,,37633,2,,,1,85,,37634,2,,,1,40,,37628,2,,,1,80,,37635,2,,,1,82,,37636,2,,,1,44,,37629,2,,,1,86,,37630,2,,,1,86,,37632,2,,,1,86,,37631,2,,,1,46,,37611,2,,,1,84,,37612,2,,,1,84,,37608,2,,,1,84,,37610,2,,,1,44,,37613,2,,,1,86,,37614,2,,,1,86,,37618,2,,,1,88,,37609,2,,,1,48,,37615,2,,,1,88,,37626,2,,,1,88,,37625,2,,,1,86,,37623,2,,,1,86,,37619,2,,,1,44,,37624,2,,,1,82,,37616,2,,,1,82,,37617,2,,,1,42,,37621,2,,,1,80,,37627,2,,,1,80,,37620,2,,,1,40,,37622,2,,,1
9001,'CPWeekday',436,,39779,2,,,1,65,,39780,2,,,1,25,,39781,2,,,1,30,,39782,2,,,1,70,,39783,2,,,1,30,,39784,2,,,1,70,,39785,2,,,1,30,,39786,2,,,1,70,,39787,2,,,1,28,,39788,2,,,1,90,,39789,2,,,1,91,,39790,2,,,1,90,,39791,2,,,1,90,,39792,2,,,1,90,,39793,2,,,1,50,,39794,2,,,1,72,,39795,2,,,1,30,,39796,2,,,1,70,,39797,2,,,1,30,,39798,2,,,1,70,,39799,2,,,1,30,,39800,2,,,1,70,,39801,2,,,1,30,,39802,2,,,1,70,,39803,2,,,1,30,,39804,2,,,1,70,,39805,2,,,1,32,,39806,2,,,1,73,,39807,2,,,1,86,,39808,2,,,1,85,,39809,2,,,1,47,,39810,2,,,1,84,,39811,2,,,1
37401,'CPWeekday',726,,41805,2,,,1
37601,'CPWeekday',702,,41809,2,,,1
