4500,'CPHoliday1',816,,37208,19,,,1,35,,37209,19,,,1,75,,37210,19,,,1,75,,37211,19,,,1,36,,37212,19,,,1,76,,37213,19,,,1,40,,37214,19,,,1,80,,37215,19,,,1,81,,37216,19,,,1,40,,37217,19,,,1,81,,37218,19,,,1,80,,37219,19,,,1,40,,37220,19,,,1,80,,37221,19,,,1,80,,37222,19,,,1,37,,37223,19,,,1,80,,37224,19,,,1,80,,37225,19,,,1,40,,37226,19,,,1,80,,37227,19,,,1,79,,37228,19,,,1,35,,37229,19,,,1,75,,37230,19,,,1
4500,'CPSaturday',643,,37231,19,,,1,75,,37232,19,,,1,35,,37233,19,,,1,75,,37234,19,,,1,80,,37235,19,,,1,40,,37236,19,,,1,80,,37237,19,,,1,80,,37238,19,,,1,40,,37239,19,,,1,83,,37240,19,,,1,83,,37241,19,,,1,42,,37242,19,,,1,82,,37243,19,,,1,83,,37244,19,,,1,82,,37245,19,,,1,42,,37246,19,,,1,82,,37247,19,,,1,81,,37248,19,,,1,41,,37249,19,,,1,80,,37250,19,,,1,78,,37251,19,,,1,37,,37252,19,,,1,78,,37253,19,,,1,35,,37254,19,,,1,84,,37255,19,,,1
4500,'CPSunday',816,,37256,19,,,1,35,,37257,19,,,1,75,,37258,19,,,1,75,,37259,19,,,1,36,,37260,19,,,1,76,,37261,19,,,1,40,,37262,19,,,1,80,,37263,19,,,1,81,,37264,19,,,1,40,,37265,19,,,1,81,,37266,19,,,1,80,,37267,19,,,1,40,,37268,19,,,1,80,,37269,19,,,1,80,,37270,19,,,1,37,,37271,19,,,1,80,,37272,19,,,1,80,,37273,19,,,1,40,,37274,19,,,1,80,,37275,19,,,1,79,,37276,19,,,1,35,,37277,19,,,1,75,,37278,19,,,1
4500,'CPWeekday',502,,37280,19,,,1,40,,37281,19,,,1,71,,37283,19,,,1,39,,37285,19,,,1,83,,37287,19,,,1,80,,37289,19,,,1,35,,37291,19,,,1,82,,37293,19,,,1,18,,37294,19,,,1,63,,37295,19,,,1,32,,37296,19,,,1,72,,37297,19,,,1,32,,37298,19,,,1,72,,37299,19,,,1,32,,37300,19,,,1,70,,37301,19,,,1,31,,37302,19,,,1,89,,37304,19,,,1,75,,37306,19,,,1,40,,37308,19,,,1,78,,37310,19,,,1,65,,37279,19,,,1,11,,37312,19,,,1,36,,37314,19,,,1,74,,37316,19,,,1,82,,37318,19,,,1,22,,37319,19,,,1,21,,37320,19,,,1,62,,37321,19,,,1,21,,37322,19,,,1,23,,37323,19,,,1,68,,37324,19,,,1,28,,37325,19,,,1,66,,37326,19,,,1,28,,37327,19,,,1,68,,37328,19,,,1,30,,37329,19,,,1,70,,37330,19,,,1
4501,'CPHoliday1',817,,37331,32,,,1,35,,37332,32,,,1,76,,37333,32,,,1,76,,37334,32,,,1,35,,37335,32,,,1,77,,37336,32,,,1,40,,37337,32,,,1,80,,37338,32,,,1,80,,37339,32,,,1,41,,37340,32,,,1,80,,37341,32,,,1,80,,37342,32,,,1,40,,37343,32,,,1,80,,37344,32,,,1,80,,37345,32,,,1,38,,37346,32,,,1,79,,37347,32,,,1,80,,37348,32,,,1,40,,37349,32,,,1,79,,37350,32,,,1,79,,37351,32,,,1,39,,37352,32,,,1
4501,'CPSaturday',608,,37353,32,,,1,36,,37354,32,,,1,77,,37355,32,,,1,35,,37356,32,,,1,79,,37357,32,,,1,74,,37358,32,,,1,41,,37359,32,,,1,81,,37360,32,,,1,80,,37361,32,,,1,42,,37362,32,,,1,83,,37363,32,,,1,82,,37364,32,,,1,83,,37365,32,,,1,41,,37366,32,,,1,82,,37367,32,,,1,81,,37368,32,,,1,42,,37369,32,,,1,79,,37370,32,,,1,82,,37371,32,,,1,42,,37372,32,,,1,79,,37373,32,,,1,79,,37374,32,,,1,40,,37375,32,,,1,75,,37376,32,,,1,34,,37377,32,,,1
4501,'CPSunday',817,,37378,32,,,1,35,,37379,32,,,1,76,,37380,32,,,1,76,,37381,32,,,1,35,,37382,32,,,1,77,,37383,32,,,1,40,,37384,32,,,1,80,,37385,32,,,1,80,,37386,32,,,1,41,,37387,32,,,1,80,,37388,32,,,1,80,,37389,32,,,1,40,,37390,32,,,1,80,,37391,32,,,1,80,,37392,32,,,1,38,,37393,32,,,1,79,,37394,32,,,1,80,,37395,32,,,1,40,,37396,32,,,1,79,,37397,32,,,1,79,,37398,32,,,1,39,,37399,32,,,1
4501,'CPWeekday',503,,37400,32,,,1,33,,37401,32,,,1,73,,37402,32,,,1,42,,37404,32,,,1,82,,37406,32,,,1,77,,37408,32,,,1,42,,37410,32,,,1,75,,37412,32,,,1,83,,37414,32,,,1,98,,37416,32,,,1,31,,37417,32,,,1,73,,37418,32,,,1,33,,37419,32,,,1,72,,37420,32,,,1,31,,37421,32,,,1,61,,37422,32,,,1,23,,37423,32,,,1,20,,37424,32,,,1,61,,37425,32,,,1,34,,37427,32,,,1,80,,37429,32,,,1,76,,37431,32,,,1,35,,37433,32,,,1,76,,37435,32,,,1,34,,37437,32,,,1,75,,37439,32,,,1,31,,37441,32,,,1,56,,37442,32,,,1,19,,37443,32,,,1,19,,37444,32,,,1,62,,37445,32,,,1,28,,37446,32,,,1,69,,37447,32,,,1,30,,37448,32,,,1,70,,37449,32,,,1,30,,37450,32,,,1
7100,'CPWeekday',1625,,39674,6,,,1,20,,39675,6,,,1,60,,39678,6,,,1,20,,39676,6,,,1,30,,39677,6,,,1
7101,'CPWeekday',801,,39679,23,,,1,26,,39681,23,,,1,24,,39680,23,,,1
