1301,'CPHoliday1',740,,32002,38,,,1,77,,32003,38,,,1,37,,32004,38,,,1,77,,32005,38,,,1,76,,32006,38,,,1,38,,32007,38,,,1,79,,32008,38,,,1,82,,32009,38,,,1,40,,32010,38,,,1,80,,32011,38,,,1,80,,32012,38,,,1,40,,32013,38,,,1,80,,32014,38,,,1,80,,32015,38,,,1,40,,32016,38,,,1,80,,32017,38,,,1,80,,32018,38,,,1,40,,32019,38,,,1,79,,32020,38,,,1,79,,32021,38,,,1,38,,32022,38,,,1,80,,32023,38,,,1,34,,32024,38,,,1,74,,32025,38,,,1,94,,32026,38,,,1,94,,32027,38,,,1,95,,32028,38,,,1
1301,'CPSaturday',548,,32029,38,,,1,73,,32030,38,,,1,34,,32031,38,,,1,75,,32032,38,,,1,78,,32033,38,,,1,36,,32034,38,,,1,76,,32035,38,,,1,36,,32036,38,,,1,77,,32037,38,,,1,73,,32038,38,,,1,31,,32039,38,,,1,70,,32040,38,,,1,32,,32041,38,,,1,70,,32042,38,,,1,32,,32043,38,,,1,72,,32044,38,,,1,30,,32045,38,,,1,72,,32046,38,,,1,32,,32047,38,,,1,73,,32048,38,,,1,32,,32049,38,,,1,72,,32050,38,,,1,32,,32051,38,,,1,69,,32052,38,,,1,30,,32053,38,,,1,70,,32054,38,,,1,30,,32055,38,,,1,69,,32056,38,,,1,29,,32057,38,,,1,69,,32058,38,,,1,28,,32059,38,,,1,68,,32060,38,,,1,34,,32061,38,,,1,87,,32062,38,,,1,89,,32063,38,,,1,94,,32064,38,,,1
1301,'CPSunday',740,,32065,38,,,1,77,,32066,38,,,1,37,,32067,38,,,1,77,,32068,38,,,1,76,,32069,38,,,1,38,,32070,38,,,1,79,,32071,38,,,1,82,,32072,38,,,1,40,,32073,38,,,1,80,,32074,38,,,1,80,,32075,38,,,1,40,,32076,38,,,1,80,,32077,38,,,1,80,,32078,38,,,1,40,,32079,38,,,1,80,,32080,38,,,1,80,,32081,38,,,1,40,,32082,38,,,1,79,,32083,38,,,1,79,,32084,38,,,1,38,,32085,38,,,1,80,,32086,38,,,1,34,,32087,38,,,1,74,,32088,38,,,1,94,,32089,38,,,1,94,,32090,38,,,1,95,,32091,38,,,1
1301,'CPWeekday',456,,32092,38,,,1,62,,32093,38,,,1,22,,32094,38,,,1,61,,32095,38,,,1,27,,32096,38,,,1,27,,32097,38,,,1,66,,32098,38,,,1,28,,32099,38,,,1,67,,32100,38,,,1,24,,32101,38,,,1,65,,32102,38,,,1,28,,32103,38,,,1,25,,32104,38,,,1,63,,32105,38,,,1,26,,32106,38,,,1,64,,32107,38,,,1,25,,32108,38,,,1,66,,32109,38,,,1,26,,32110,38,,,1,24,,32111,38,,,1,64,,32112,38,,,1,25,,32113,38,,,1,66,,32114,38,,,1,29,,32115,38,,,1,20,,32116,38,,,1,60,,32117,38,,,1,23,,32118,38,,,1,64,,32119,38,,,1,24,,32120,38,,,1,25,,32121,38,,,1,64,,32122,38,,,1,25,,32123,38,,,1,63,,32124,38,,,1,24,,32125,38,,,1,24,,32126,38,,,1,63,,32127,38,,,1,23,,32128,38,,,1,62,,32129,38,,,1,21,,32130,38,,,1,25,,32131,38,,,1,69,,32132,38,,,1,29,,32133,38,,,1,69,,32134,38,,,1,23,,32135,38,,,1,64,,32136,38,,,1,50,,32137,38,,,1,88,,32138,38,,,1,95,,32139,38,,,1,95,,32140,38,,,1
2901,'CPHoliday1',701,,34735,2,,,1,45,,34736,2,,,1,85,,34737,2,,,1,85,,34738,2,,,1,85,,34739,2,,,1,46,,34740,2,,,1,86,,34741,2,,,1,88,,34742,2,,,1,90,,34743,2,,,1,90,,34744,2,,,1,50,,34745,2,,,1,90,,34746,2,,,1,90,,34747,2,,,1,90,,34748,2,,,1,88,,34749,2,,,1,46,,34750,2,,,1,86,,34751,2,,,1,86,,34752,2,,,1,86,,34753,2,,,1,44,,34754,2,,,1,82,,34755,2,,,1,80,,34756,2,,,1,40,,34757,2,,,1,78,,34758,2,,,1,74,,34759,2,,,1
2901,'CPSaturday',501,,34760,2,,,1,30,,34761,2,,,1,70,,34762,2,,,1,30,,34763,2,,,1,70,,34764,2,,,1,30,,34765,2,,,1,70,,34766,2,,,1,30,,34767,2,,,1,72,,34768,2,,,1,32,,34769,2,,,1,72,,34770,2,,,1,32,,34771,2,,,1,72,,34772,2,,,1,32,,34773,2,,,1,74,,34774,2,,,1,34,,34775,2,,,1,74,,34776,2,,,1,34,,34777,2,,,1,74,,34778,2,,,1,74,,34779,2,,,1,34,,34780,2,,,1,74,,34781,2,,,1,34,,34782,2,,,1,74,,34783,2,,,1,34,,34784,2,,,1,74,,34785,2,,,1,74,,34786,2,,,1,34,,34787,2,,,1,74,,34788,2,,,1,38,,34789,2,,,1,88,,34790,2,,,1,88,,34791,2,,,1,84,,34792,2,,,1,42,,34793,2,,,1,82,,34794,2,,,1,78,,34795,2,,,1,38,,34796,2,,,1
2901,'CPSunday',701,,34797,2,,,1,45,,34798,2,,,1,85,,34799,2,,,1,85,,34800,2,,,1,85,,34801,2,,,1,46,,34802,2,,,1,86,,34803,2,,,1,88,,34804,2,,,1,90,,34805,2,,,1,90,,34806,2,,,1,50,,34807,2,,,1,90,,34808,2,,,1,90,,34809,2,,,1,90,,34810,2,,,1,88,,34811,2,,,1,46,,34812,2,,,1,86,,34813,2,,,1,86,,34814,2,,,1,86,,34815,2,,,1,44,,34816,2,,,1,82,,34817,2,,,1,80,,34818,2,,,1,40,,34819,2,,,1,78,,34820,2,,,1,74,,34821,2,,,1
2901,'CPWeekday',421,,34822,2,,,1,30,,34823,2,,,1,70,,34824,2,,,1,30,,34825,2,,,1,75,,34826,2,,,1,75,,34827,2,,,1,35,,34828,2,,,1,75,,34829,2,,,1,35,,34830,2,,,1,75,,34831,2,,,1,35,,34832,2,,,1,75,,34833,2,,,1,75,,34834,2,,,1,35,,34835,2,,,1,75,,34836,2,,,1,35,,34837,2,,,1,75,,34838,2,,,1,75,,34839,2,,,1,38,,34840,2,,,1,78,,34841,2,,,1,38,,34842,2,,,1,78,,34843,2,,,1,78,,34844,2,,,1,38,,34845,2,,,1,78,,34846,2,,,1,78,,34847,2,,,1,40,,34848,2,,,1,84,,34849,2,,,1,88,,34850,2,,,1,88,,34851,2,,,1,48,,34852,2,,,1,88,,34853,2,,,1,88,,34854,2,,,1,88,,34855,2,,,1
4801,'CPHoliday1',555,,37776,24,,,1,76,,37777,24,,,1,76,,37778,24,,,1,35,,37779,24,,,1,75,,37780,24,,,1,35,,37781,24,,,1,77,,37782,24,,,1,76,,37783,24,,,1,37,,37784,24,,,1,75,,37785,24,,,1,40,,37786,24,,,1,79,,37787,24,,,1,78,,37788,24,,,1,37,,37789,24,,,1,78,,37790,24,,,1,79,,37791,24,,,1,37,,37792,24,,,1,78,,37793,24,,,1,78,,37794,24,,,1,38,,37795,24,,,1,77,,37796,24,,,1,38,,37797,24,,,1,76,,37798,24,,,1,78,,37799,24,,,1,33,,37800,24,,,1,74,,37801,24,,,1,33,,37802,24,,,1,72,,37803,24,,,1,80,,37804,24,,,1
4801,'CPSaturday',529,,37805,24,,,1,75,,37806,24,,,1,38,,37807,24,,,1,77,,37808,24,,,1,36,,37809,24,,,1,76,,37810,24,,,1,76,,37811,24,,,1,36,,37812,24,,,1,78,,37813,24,,,1,38,,37814,24,,,1,79,,37815,24,,,1,78,,37816,24,,,1,38,,37817,24,,,1,78,,37818,24,,,1,78,,37819,24,,,1,38,,37820,24,,,1,79,,37821,24,,,1,78,,37822,24,,,1,40,,37823,24,,,1,80,,37824,24,,,1,80,,37825,24,,,1,38,,37826,24,,,1,79,,37827,24,,,1,80,,37828,24,,,1,40,,37829,24,,,1,76,,37830,24,,,1,36,,37831,24,,,1,74,,37832,24,,,1,75,,37833,24,,,1,34,,37834,24,,,1,75,,37835,24,,,1,33,,37836,24,,,1,75,,37837,24,,,1,30,,37838,24,,,1,70,,37839,24,,,1
4801,'CPSunday',555,,37840,24,,,1,76,,37841,24,,,1,76,,37842,24,,,1,35,,37843,24,,,1,75,,37844,24,,,1,35,,37845,24,,,1,77,,37846,24,,,1,76,,37847,24,,,1,37,,37848,24,,,1,75,,37849,24,,,1,40,,37850,24,,,1,79,,37851,24,,,1,78,,37852,24,,,1,37,,37853,24,,,1,78,,37854,24,,,1,79,,37855,24,,,1,37,,37856,24,,,1,78,,37857,24,,,1,78,,37858,24,,,1,38,,37859,24,,,1,77,,37860,24,,,1,38,,37861,24,,,1,76,,37862,24,,,1,78,,37863,24,,,1,33,,37864,24,,,1,74,,37865,24,,,1,33,,37866,24,,,1,72,,37867,24,,,1,80,,37868,24,,,1
4801,'CPWeekday',444,,37869,24,,,1,85,,37870,24,,,1,86,,37871,24,,,1,26,,37872,24,,,1,62,,37873,24,,,1,26,,37874,24,,,1,23,,37875,24,,,1,62,,37876,24,,,1,22,,37877,24,,,1,64,,37878,24,,,1,24,,37879,24,,,1,28,,37880,24,,,1,70,,37881,24,,,1,30,,37882,24,,,1,71,,37883,24,,,1,28,,37884,24,,,1,68,,37885,24,,,1,28,,37886,24,,,1,68,,37887,24,,,1,31,,37888,24,,,1,68,,37889,24,,,1,28,,37890,24,,,1,69,,37891,24,,,1,25,,37892,24,,,1,64,,37893,24,,,1,24,,37894,24,,,1,24,,37895,24,,,1,64,,37896,24,,,1,24,,37897,24,,,1,64,,37898,24,,,1,22,,37899,24,,,1,23,,37900,24,,,1,78,,37901,24,,,1,79,,37902,24,,,1,37,,37903,24,,,1,75,,37904,24,,,1,35,,37905,24,,,1,74,,37906,24,,,1,85,,37907,24,,,1,43,,37908,24,,,1,84,,37909,24,,,1,84,,37910,24,,,1,40,,37911,24,,,1
