1000,'CPHoliday1',839,,16866,,,1,72,,16865,,,1,32,,16864,,,1,73,,16863,,,1,33,,16862,,,1,74,,16861,,,1,36,,16860,,,1,76,,16859,,,1,74,,16858,,,1,35,,16857,,,1,76,,16856,,,1,37,,16855,,,1,77,,16854,,,1,75,,16853,,,1,35,,16852,,,1,75,,16851,,,1,36,,16847,,,1,73,,16849,,,1,74,,16846,,,1,35,,16845,,,1,73,,16844,,,1,34,,16850,,,1,74,,16843,,,1,34,,16841,,,1,73,,16840,,,1,31,,16848,,,1,72,,16842,,,1,30,,16839,,,1
1000,'CPSaturday',651,,16907,,,1,65,,16904,,,1,25,,16902,,,1,65,,16906,,,1,25,,16905,,,1,26,,16903,,,1,67,,16900,,,1,27,,16901,,,1,67,,16898,,,1,27,,16899,,,1,68,,16897,,,1,28,,16896,,,1,68,,16895,,,1,28,,16894,,,1,70,,16893,,,1,30,,16892,,,1,68,,16891,,,1,29,,16890,,,1,70,,16889,,,1,29,,16888,,,1,70,,16887,,,1,29,,16886,,,1,27,,16881,,,1,69,,16880,,,1,29,,16876,,,1,68,,16884,,,1,28,,16875,,,1,67,,16874,,,1,28,,16877,,,1,68,,16871,,,1,25,,16885,,,1,65,,16872,,,1,26,,16868,,,1,26,,16878,,,1,67,,16870,,,1,26,,16883,,,1,65,,16873,,,1,25,,16867,,,1,63,,16879,,,1,24,,16869,,,1,23,,16882,,,1
1000,'CPSunday',839,,16935,,,1,72,,16934,,,1,32,,16933,,,1,73,,16932,,,1,33,,16931,,,1,74,,16930,,,1,36,,16929,,,1,76,,16928,,,1,74,,16927,,,1,35,,16926,,,1,76,,16925,,,1,37,,16924,,,1,77,,16923,,,1,75,,16922,,,1,35,,16921,,,1,75,,16920,,,1,36,,16916,,,1,73,,16918,,,1,74,,16915,,,1,35,,16914,,,1,73,,16913,,,1,34,,16919,,,1,74,,16912,,,1,34,,16910,,,1,73,,16909,,,1,31,,16917,,,1,72,,16911,,,1,30,,16908,,,1
1000,'CPWeekday',551,,16983,,,1,61,,16982,,,1,22,,16984,,,1,68,,16985,,,1,23,,16981,,,1,26,,16980,,,1,66,,16979,,,1,26,,16977,,,1,65,,16978,,,1,26,,16976,,,1,25,,16975,,,1,66,,16973,,,1,25,,16974,,,1,64,,16972,,,1,24,,16971,,,1,65,,16970,,,1,25,,16969,,,1,25,,16968,,,1,66,,16967,,,1,26,,16966,,,1,65,,16965,,,1,27,,16964,,,1,67,,16962,,,1,19,,16936,,,1,7,,16963,,,1,27,,16956,,,1,65,,16953,,,1,21,,16952,,,1,61,,16960,,,1,21,,16951,,,1,23,,16949,,,1,64,,16947,,,1,23,,16948,,,1,65,,16946,,,1,19,,16944,,,1,19,,16959,,,1,21,,16955,,,1,60,,16943,,,1,20,,16942,,,1,62,,16945,,,1,23,,16941,,,1,34,,16957,,,1,68,,16954,,,1,32,,16938,,,1,73,,16939,,,1,69,,16958,,,1,30,,16950,,,1,29,,16937,,,1,69,,16940,,,1,25,,16961,,,1
3800,'CPHoliday1',841,,21723,,,1,93,,21734,,,1,94,,21724,,,1,91,,21725,,,1,98,,21730,,,1,97,,21727,,,1,96,,21726,,,1,95,,21733,,,1,97,,21728,,,1,55,,21732,,,1,94,,21729,,,1,94,,21731,,,1,93,,21735,,,1,92,,21737,,,1,88,,21736,,,1
3800,'CPSaturday',729,,21752,,,1,78,,21753,,,1,30,,21754,,,1,73,,21755,,,1,31,,21756,,,1,71,,21757,,,1,33,,21758,,,1,74,,21759,,,1,31,,21760,,,1,74,,21761,,,1,34,,21762,,,1,74,,21763,,,1,75,,21764,,,1,34,,21765,,,1,77,,21766,,,1,35,,21767,,,1,75,,21768,,,1,76,,21769,,,1,34,,21738,,,1,73,,21739,,,1,34,,21740,,,1,73,,21741,,,1,33,,21742,,,1,70,,21743,,,1,31,,21744,,,1,72,,21745,,,1,32,,21746,,,1,69,,21747,,,1,30,,21748,,,1,68,,21749,,,1,27,,21750,,,1,63,,21751,,,1
3800,'CPSunday',841,,21770,,,1,93,,21781,,,1,94,,21771,,,1,91,,21772,,,1,98,,21777,,,1,97,,21774,,,1,96,,21773,,,1,95,,21780,,,1,97,,21775,,,1,55,,21779,,,1,94,,21776,,,1,94,,21778,,,1,93,,21782,,,1,92,,21784,,,1,88,,21783,,,1
3800,'CPWeekday',506,,21817,,,1,21,,21821,,,1,31,,21810,,,1,63,,21809,,,1,30,,21807,,,1,68,,21806,,,1,29,,21808,,,1,74,,21818,,,1,27,,21785,,,1,5,,21812,,,1,75,,21801,,,1,75,,21799,,,1,38,,21798,,,1,78,,21822,,,1,80,,21813,,,1,38,,21800,,,1,77,,21795,,,1,36,,21794,,,1,75,,21819,,,1,78,,21814,,,1,16,,21793,,,1,36,,21804,,,1,73,,21796,,,1,30,,21791,,,1,69,,21792,,,1,28,,21823,,,1,67,,21815,,,1,30,,21790,,,1,67,,21805,,,1,31,,21797,,,1,69,,21787,,,1,34,,21820,,,1,73,,21811,,,1,25,,21786,,,1,66,,21802,,,1,84,,21788,,,1,44,,21816,,,1,83,,21803,,,1,81,,21789,,,1
3901,'CPHoliday1',809,,22073,,,1,41,,22068,,,1,80,,22062,,,1,82,,22059,,,1,44,,22074,,,1,83,,22071,,,1,85,,22063,,,1,86,,22058,,,1,45,,22075,,,1,84,,22069,,,1,85,,22064,,,1,86,,22057,,,1,45,,22076,,,1,85,,22070,,,1,85,,22065,,,1,82,,22056,,,1,43,,22077,,,1,80,,22066,,,1,81,,22061,,,1,42,,22055,,,1,78,,22072,,,1,80,,22067,,,1,36,,22060,,,1,70,,22054,,,1
3901,'CPSaturday',954,,22083,,,1,68,,22082,,,1,225,,22084,,,1,70,,22081,,,1,234,,22085,,,1,68,,22080,,,1,225,,22086,,,1,70,,22079,,,1,219,,22087,,,1,26,,22078,,,1
3901,'CPSunday',809,,22107,,,1,41,,22102,,,1,80,,22096,,,1,82,,22093,,,1,44,,22108,,,1,83,,22105,,,1,85,,22097,,,1,86,,22092,,,1,45,,22109,,,1,84,,22103,,,1,85,,22098,,,1,86,,22091,,,1,45,,22110,,,1,85,,22104,,,1,85,,22099,,,1,82,,22090,,,1,43,,22111,,,1,80,,22100,,,1,81,,22095,,,1,42,,22089,,,1,78,,22106,,,1,80,,22101,,,1,36,,22094,,,1,70,,22088,,,1
3901,'MASaturday',802,,22132,,,1,27,,22128,,,1,27,,22127,,,1,67,,22121,,,1,127,,22129,,,1,69,,22124,,,1,28,,22120,,,1,70,,22118,,,1,128,,22130,,,1,73,,22125,,,1,32,,22116,,,1,71,,22112,,,1,127,,22131,,,1,70,,22122,,,1,29,,22117,,,1,67,,22113,,,1,127,,22133,,,1,67,,22123,,,1,29,,22115,,,1,68,,22114,,,1,116,,22134,,,1,22,,22126,,,1,59,,22119,,,1
3901,'MAWeekday',533,,22135,,,1,17,,22136,,,1,58,,22137,,,1,19,,22138,,,1,17,,22139,,,1,59,,22140,,,1,23,,22141,,,1,25,,22142,,,1,65,,22143,,,1,26,,22144,,,1,62,,22145,,,1,20,,22146,,,1,17,,22147,,,1,59,,22148,,,1,18,,22149,,,1,23,,22150,,,1,73,,22151,,,1,35,,22152,,,1,75,,22153,,,1,32,,22154,,,1,74,,22155,,,1,77,,22156,,,1,43,,22157,,,1,68,,22158,,,1,25,,22159,,,1,60,,22160,,,1,23,,22161,,,1,24,,22162,,,1,60,,22163,,,1,23,,22164,,,1,21,,22165,,,1,62,,22166,,,1,17,,22167,,,1,15,,22168,,,1,56,,22169,,,1,17,,22170,,,1,19,,22171,,,1,18,,22172,,,1,60,,22173,,,1,19,,22174,,,1,20,,22175,,,1,71,,22176,,,1,79,,22177,,,1,35,,22178,,,1,78,,22179,,,1,37,,22180,,,1,76,,22181,,,1,74,,22182,,,1,38,,22183,,,1
4300,'CPWeekday',548,,22727,,,1,82,,22734,,,1,81,,22730,,,1,40,,22732,,,1,80,,22728,,,1,80,,22735,,,1,37,,22731,,,1,76,,22733,,,1,80,,22729,,,1
4500,'CPHoliday1',846,,23036,,,1,77,,23037,,,1,36,,23038,,,1,77,,23034,,,1,78,,23035,,,1,38,,23025,,,1,79,,23026,,,1,81,,23030,,,1,40,,23027,,,1,80,,23029,,,1,81,,23028,,,1,40,,23024,,,1,81,,23023,,,1,80,,23033,,,1,39,,23020,,,1,80,,23021,,,1,78,,23031,,,1,40,,23018,,,1,78,,23022,,,1,77,,23032,,,1,36,,23017,,,1,76,,23019,,,1
4500,'CPSaturday',716,,23062,,,1,35,,23061,,,1,75,,23060,,,1,76,,23059,,,1,38,,23058,,,1,78,,23057,,,1,83,,23056,,,1,42,,23051,,,1,80,,23049,,,1,80,,23053,,,1,41,,23048,,,1,83,,23047,,,1,82,,23052,,,1,44,,23046,,,1,82,,23044,,,1,82,,23054,,,1,42,,23043,,,1,79,,23040,,,1,78,,23055,,,1,36,,23045,,,1,80,,23039,,,1,78,,23050,,,1,40,,23042,,,1,75,,23041,,,1
4500,'CPSunday',846,,23082,,,1,77,,23083,,,1,36,,23084,,,1,77,,23080,,,1,78,,23081,,,1,38,,23071,,,1,79,,23072,,,1,81,,23076,,,1,40,,23073,,,1,80,,23075,,,1,81,,23074,,,1,40,,23070,,,1,81,,23069,,,1,80,,23079,,,1,39,,23066,,,1,80,,23067,,,1,78,,23077,,,1,40,,23064,,,1,78,,23068,,,1,77,,23078,,,1,36,,23063,,,1,76,,23065,,,1
4500,'CPWeekday',538,,23086,,,1,82,,23087,,,1,19,,23088,0,11 28 12 13 14 29,1,19,,23089,,,1,60,,23090,0,11 28 12 13 14 29,1,15,,23091,,,1,20,,23092,0,11 28 12 13 14 29,1,62,,23093,,,1,19,,23094,0,11 28 12 13 14 29,1,19,,23095,,,1,60,,23096,0,11 28 12 13 14 29,1,19,,23097,,,1,20,,23098,0,11 28 12 13 14 29,1,60,,23099,,,1,19,,23100,,,1,19,,23101,,,1,70,,23102,,,1,35,,23103,,,1,72,,23104,,,1,32,,23105,,,1,72,,23106,,,1,75,,23107,,,1,35,,23108,,,1,71,,23109,0,11 28 12 13 14 29,1,27,,23110,,,1,63,,23111,0,11 28 12 13 14 29,1,19,,23112,,,1,9,,23113,0,11 28 12 13 14 29,1,23,,23114,,,1,55,,23115,0,11 28 12 13 14 29,1,25,,23116,,,1,15,,23117,0,11 28 12 13 14 29,1,64,,23118,,,1,13,,23119,0,11 28 12 13 14 29,1,20,,23120,,,1,55,,23121,0,11 28 12 13 14 29,1,19,,23122,,,1,16,,23123,0,11 28 12 13 14 29,1,23,,23124,,,1,63,,23125,,,1,24,,23126,,,1,59,,23127,,,1,18,,23128,,,1,18,,23129,,,1,60,,23130,,,1,18,,23131,,,1,35,,23132,,,1,74,,23133,,,1,75,,23134,,,1,36,,23135,,,1
4600,'CPHoliday1',827,,23251,,,1,80,,23252,,,1,41,,23253,,,1,80,,23254,,,1,80,,23255,,,1,40,,23256,,,1,80,,23257,,,1,80,,23258,,,1,42,,23259,,,1,82,,23260,,,1,83,,23261,,,1,44,,23262,,,1,82,,23263,,,1,82,,23264,,,1,82,,23265,,,1,42,,23266,,,1,82,,23267,,,1,84,,23268,,,1,43,,23269,,,1,80,,23270,,,1
4600,'CPSaturday',739,,23271,,,1,81,,23272,,,1,80,,23273,,,1,42,,23274,,,1,80,,23275,,,1,80,,23276,,,1,42,,23277,,,1,82,,23278,,,1,82,,23279,,,1,45,,23280,,,1,84,,23281,,,1,84,,23282,,,1,84,,23283,,,1,44,,23284,,,1,84,,23285,,,1,83,,23286,,,1,84,,23287,,,1,44,,23288,,,1,80,,23289,,,1,81,,23290,,,1,40,,23291,,,1,80,,23292,,,1,80,,23293,,,1
4600,'CPSunday',827,,23294,,,1,80,,23295,,,1,41,,23296,,,1,80,,23297,,,1,80,,23298,,,1,40,,23299,,,1,80,,23300,,,1,80,,23301,,,1,42,,23302,,,1,82,,23303,,,1,83,,23304,,,1,44,,23305,,,1,82,,23306,,,1,82,,23307,,,1,82,,23308,,,1,42,,23309,,,1,82,,23310,,,1,84,,23311,,,1,43,,23312,,,1,80,,23313,,,1
4600,'CPWeekday',518,,23343,,,1,92,,23342,,,1,41,,23338,,,1,83,,23344,,,1,72,,23314,,,1,14,,23339,,,1,88,,23341,,,1,44,,23345,,,1,84,,23340,,,1,84,,23322,,,1,84,,23333,,,1,44,,23330,,,1,86,,23334,,,1,85,,23329,,,1,16,,23315,,,1,71,,23331,,,1,21,,23316,,,1,27,,23332,,,1,88,,23335,,,1,88,,23326,,,1,86,,23324,,,1,86,,23336,,,1,46,,23323,,,1,82,,23337,,,1,82,,23325,,,1,43,,23327,,,1,82,,23328,,,1,81,,23317,,,1,38,,23320,,,1,80,,23319,,,1,78,,23318,,,1,37,,23321,,,1
9001,'CPWeekday',453,,25573,,,1,66,,25574,,,1,25,,25575,,,1,73,,25576,,,1,30,,25577,,,1,72,,25578,,,1,30,,25579,,,1,70,,25580,,,1,30,,25581,,,1,67,,25582,,,1,89,,25583,,,1,50,,25584,,,1,90,,25585,,,1,90,,25586,,,1,91,,25587,,,1,92,,25588,,,1,32,,25589,,,1,70,,25590,,,1,30,,25591,,,1,70,,25592,,,1,30,,25593,,,1,70,,25594,,,1,30,,25595,,,1,70,,25596,,,1,30,,25597,,,1,68,,25598,,,1,30,,25599,,,1,71,,25600,,,1,33,,25601,,,1,84,,25602,,,1,84,,25603,,,1,87,,25604,,,1,44,,25605,,,1
31300,'CPWeekday',1504,,27507,,,1
