'25DE22-MABlock-Holiday1-24',2200,81600,4,'',1,4000,4,'',1,8000,4,'',1,8100,4,'',1,4100,4,'',1,8300,4,'',1,8300,4,'',1,8400,4,'',1,4400,4,'',1,8400,4,'',1,8300,4,'',1,8300,4,'',1,4400,4,'',1,8400,4,'',1,8400,4,'',1,4400,4,'',1,8500,4,'',1,8600,4,'',1,8200,4,'',1,4100,4,'',1,7400,4,'',1
'25DE22-MABlock-Holiday1-24',2201,81600,,'',1,4000,,'',1,8000,,'',1,8100,,'',1,4100,,'',1,8300,,'',1,8300,,'',1,8400,,'',1,4400,,'',1,8400,,'',1,8300,,'',1,8300,,'',1,4400,,'',1,8400,,'',1,8400,,'',1,4400,,'',1,8500,,'',1,8600,,'',1,8200,,'',1,4100,,'',1,7400,,'',1
'25DE22-MABlock-Holiday2-25',2200,62800,4,'',1,7800,4,'',1,3800,4,'',1,7800,4,'',1,7900,4,'',1,4000,4,'',1,8100,4,'',1,8100,4,'',1,4100,4,'',1,6100,4,'',1,2100,4,'',1,2200,4,'',1,6100,4,'',1,2200,4,'',1,2400,4,'',1,6400,4,'',1,2400,4,'',1,6400,4,'',1,2300,4,'',1,2200,4,'',1,6300,4,'',1,2300,4,'',1,6300,4,'',1,2300,4,'',1,2300,4,'',1,6200,4,'',1,2200,4,'',1,2100,4,'',1,6100,4,'',1,4000,4,'',1,8000,4,'',1,8100,4,'',1,4100,4,'',1,7400,4,'',1,7200,4,'',1
'25DE22-MABlock-Holiday2-25',2201,62800,,'',1,7800,,'',1,3800,,'',1,7800,,'',1,7900,,'',1,4000,,'',1,8100,,'',1,8100,,'',1,4100,,'',1,6100,,'',1,2100,,'',1,2200,,'',1,6100,,'',1,2200,,'',1,2400,,'',1,6400,,'',1,2400,,'',1,6400,,'',1,2300,,'',1,2200,,'',1,6300,,'',1,2300,,'',1,6300,,'',1,2300,,'',1,2300,,'',1,6200,,'',1,2200,,'',1,2100,,'',1,6100,,'',1,4000,,'',1,8000,,'',1,8100,,'',1,4100,,'',1,7400,,'',1,7200,,'',1
'25DE22-MABlock-Holiday3-26',2200,81600,4,'',1,4000,4,'',1,8000,4,'',1,8100,4,'',1,4100,4,'',1,8300,4,'',1,8300,4,'',1,8400,4,'',1,4400,4,'',1,8400,4,'',1,8300,4,'',1,8300,4,'',1,4400,4,'',1,8400,4,'',1,8400,4,'',1,4400,4,'',1,8500,4,'',1,8600,4,'',1,8200,4,'',1,4100,4,'',1,7400,4,'',1
'25DE22-MABlock-Holiday3-26',2201,81600,,'',1,4000,,'',1,8000,,'',1,8100,,'',1,4100,,'',1,8300,,'',1,8300,,'',1,8400,,'',1,4400,,'',1,8400,,'',1,8300,,'',1,8300,,'',1,4400,,'',1,8400,,'',1,8400,,'',1,4400,,'',1,8500,,'',1,8600,,'',1,8200,,'',1,4100,,'',1,7400,,'',1
'25DE22-MABlock-Saturday-22',2200,62800,4,'',1,7800,4,'',1,3800,4,'',1,7800,4,'',1,7900,4,'',1,4000,4,'',1,8100,4,'',1,8100,4,'',1,4100,4,'',1,6100,4,'',1,2100,4,'',1,2200,4,'',1,6100,4,'',1,2200,4,'',1,2400,4,'',1,6400,4,'',1,2400,4,'',1,6400,4,'',1,2300,4,'',1,2200,4,'',1,6300,4,'',1,2300,4,'',1,6300,4,'',1,2300,4,'',1,2300,4,'',1,6200,4,'',1,2200,4,'',1,2100,4,'',1,6100,4,'',1,4000,4,'',1,8000,4,'',1,8100,4,'',1,4100,4,'',1,7400,4,'',1,7200,4,'',1
'25DE22-MABlock-Saturday-22',2201,62800,,'',1,7800,,'',1,3800,,'',1,7800,,'',1,7900,,'',1,4000,,'',1,8100,,'',1,8100,,'',1,4100,,'',1,6100,,'',1,2100,,'',1,2200,,'',1,6100,,'',1,2200,,'',1,2400,,'',1,6400,,'',1,2400,,'',1,6400,,'',1,2300,,'',1,2200,,'',1,6300,,'',1,2300,,'',1,6300,,'',1,2300,,'',1,2300,,'',1,6200,,'',1,2200,,'',1,2100,,'',1,6100,,'',1,4000,,'',1,8000,,'',1,8100,,'',1,4100,,'',1,7400,,'',1,7200,,'',1
'25DE22-MABlock-Sunday-23',2200,81600,4,'',1,4000,4,'',1,8000,4,'',1,8100,4,'',1,4100,4,'',1,8300,4,'',1,8300,4,'',1,8400,4,'',1,4400,4,'',1,8400,4,'',1,8300,4,'',1,8300,4,'',1,4400,4,'',1,8400,4,'',1,8400,4,'',1,4400,4,'',1,8500,4,'',1,8600,4,'',1,8200,4,'',1,4100,4,'',1,7400,4,'',1
'25DE22-MABlock-Sunday-23',2201,81600,,'',1,4000,,'',1,8000,,'',1,8100,,'',1,4100,,'',1,8300,,'',1,8300,,'',1,8400,,'',1,4400,,'',1,8400,,'',1,8300,,'',1,8300,,'',1,4400,,'',1,8400,,'',1,8400,,'',1,4400,,'',1,8500,,'',1,8600,,'',1,8200,,'',1,4100,,'',1,7400,,'',1
'25DE22-MABlock-Weekday-21',2200,43400,4,'',1,8100,4,'',1,4100,4,'',1,6100,4,'',1,2300,4,'',1,6300,4,'',1,2400,4,'',1,2400,4,'',1,6400,4,'',1,2300,4,'',1,6400,4,'',1,2300,4,'',1,2400,4,'',1,6400,4,'',1,2400,4,'',1,6400,4,'',1,2300,4,'',1,2400,4,'',1,6400,4,'',1,2400,4,'',1,6500,4,'',1,2500,4,'',1,2500,4,'',1,6500,4,'',1,2500,4,'',1,6700,4,'',1,2500,4,'',1,6700,4,'',1,2700,4,'',1,2700,4,'',1,6500,4,'',1,2600,4,'',1,6500,4,'',1,2400,4,'',1,2400,4,'',1,6200,4,'',1,2300,4,'',1,8400,4,'',1,8400,4,'',1,4300,4,'',1,8400,4,'',1,8400,4,'',1,8300,4,'',1,4100,4,'',1,7900,4,'',1
'25DE22-MABlock-Weekday-21',2201,43400,,'',1,8100,,'',1,4100,,'',1,6100,,'',1,2300,,'',1,6300,,'',1,2400,,'',1,2400,,'',1,6400,,'',1,2300,,'',1,6400,,'',1,2300,,'',1,2400,,'',1,6400,,'',1,2400,,'',1,6400,,'',1,2300,,'',1,2400,,'',1,6400,,'',1,2400,,'',1,6500,,'',1,2500,,'',1,2500,,'',1,6500,,'',1,2500,,'',1,6700,,'',1,2500,,'',1,6700,,'',1,2700,,'',1,2700,,'',1,6500,,'',1,2600,,'',1,6500,,'',1,2400,,'',1,2400,,'',1,6200,,'',1,2300,,'',1,8400,,'',1,8400,,'',1,4300,,'',1,8400,,'',1,8400,,'',1,8300,,'',1,4100,,'',1,7900,,'',1
