1300,'CPHoliday1',643,,31858,26,,,1,75,,31859,26,,,1,36,,31860,26,,,1,75,,31861,26,,,1,76,,31862,26,,,1,37,,31863,26,,,1,79,,31864,26,,,1,79,,31865,26,,,1,37,,31866,26,,,1,80,,31867,26,,,1,40,,31868,26,,,1,81,,31869,26,,,1,80,,31870,26,,,1,39,,31871,26,,,1,81,,31872,26,,,1,80,,31873,26,,,1,39,,31874,26,,,1,80,,31875,26,,,1,80,,31876,26,,,1,39,,31877,26,,,1,79,,31878,26,,,1,79,,31879,26,,,1,40,,31880,26,,,1,79,,31881,26,,,1,85,,31882,26,,,1,95,,31883,26,,,1,94,,31884,26,,,1,94,,31885,26,,,1,54,,31886,26,,,1
1300,'CPSaturday',450,,31887,26,,,1,73,,31888,26,,,1,32,,31889,26,,,1,74,,31890,26,,,1,75,,31891,26,,,1,36,,31892,26,,,1,76,,31893,26,,,1,36,,31894,26,,,1,78,,31895,26,,,1,26,,31896,26,,,1,69,,31897,26,,,1,31,,31898,26,,,1,70,,31899,26,,,1,33,,31900,26,,,1,71,,31901,26,,,1,72,,31902,26,,,1,34,,31903,26,,,1,73,,31904,26,,,1,31,,31905,26,,,1,72,,31906,26,,,1,30,,31907,26,,,1,70,,31908,26,,,1,30,,31909,26,,,1,71,,31910,26,,,1,32,,31911,26,,,1,71,,31912,26,,,1,30,,31913,26,,,1,72,,31914,26,,,1,29,,31915,26,,,1,69,,31916,26,,,1,30,,31917,26,,,1,69,,31918,26,,,1,38,,31919,26,,,1,90,,31920,26,,,1,89,,31921,26,,,1,89,,31922,26,,,1,90,,31923,26,,,1,89,,31924,26,,,1
1300,'CPSunday',643,,31925,26,,,1,75,,31926,26,,,1,36,,31927,26,,,1,75,,31928,26,,,1,76,,31929,26,,,1,37,,31930,26,,,1,79,,31931,26,,,1,79,,31932,26,,,1,37,,31933,26,,,1,80,,31934,26,,,1,40,,31935,26,,,1,81,,31936,26,,,1,80,,31937,26,,,1,39,,31938,26,,,1,81,,31939,26,,,1,80,,31940,26,,,1,39,,31941,26,,,1,80,,31942,26,,,1,80,,31943,26,,,1,39,,31944,26,,,1,79,,31945,26,,,1,79,,31946,26,,,1,40,,31947,26,,,1,79,,31948,26,,,1,85,,31949,26,,,1,95,,31950,26,,,1,94,,31951,26,,,1,94,,31952,26,,,1,54,,31953,26,,,1
1300,'CPWeekday',452,,31954,26,,,1,60,,31955,26,,,1,27,,31956,26,,,1,65,,31957,26,,,1,28,,31958,26,,,1,26,,31959,26,,,1,66,,31960,26,,,1,28,,31961,26,,,1,70,,31962,26,,,1,26,,31963,26,,,1,66,,31964,26,,,1,25,,31965,26,,,1,65,,31966,26,,,1,23,,31967,26,,,1,25,,31968,26,,,1,65,,31969,26,,,1,25,,31970,26,,,1,66,,31971,26,,,1,26,,31972,26,,,1,24,,31973,26,,,1,65,,31974,26,,,1,26,,31975,26,,,1,66,,31976,26,,,1,28,,31977,26,,,1,66,,31978,26,,,1,25,,31979,26,,,1,25,,31980,26,,,1,64,,31981,26,,,1,24,,31982,26,,,1,64,,31983,26,,,1,24,,31984,26,,,1,22,,31985,26,,,1,64,,31986,26,,,1,23,,31987,26,,,1,62,,31988,26,,,1,20,,31989,26,,,1,22,,31990,26,,,1,64,,31991,26,,,1,25,,31992,26,,,1,68,,31993,26,,,1,30,,31994,26,,,1,69,,31995,26,,,1,50,,31996,26,,,1,87,,31997,26,,,1,90,,31998,26,,,1,89,,31999,26,,,1,95,,32000,26,,,1,95,,32001,26,,,1
1301,'CPHoliday1',725,,32002,22,,,1,77,,32003,22,,,1,37,,32004,22,,,1,76,,32005,22,,,1,36,,32006,22,,,1,78,,32007,22,,,1,78,,32008,22,,,1,41,,32009,22,,,1,80,,32010,22,,,1,80,,32011,22,,,1,40,,32012,22,,,1,80,,32013,22,,,1,80,,32014,22,,,1,40,,32015,22,,,1,80,,32016,22,,,1,80,,32017,22,,,1,40,,32018,22,,,1,80,,32019,22,,,1,80,,32020,22,,,1,40,,32021,22,,,1,78,,32022,22,,,1,80,,32023,22,,,1,34,,32024,22,,,1,75,,32025,22,,,1,95,,32026,22,,,1,94,,32027,22,,,1,55,,32028,22,,,1
1301,'CPSaturday',534,,32029,22,,,1,72,,32030,22,,,1,34,,32031,22,,,1,74,,32032,22,,,1,38,,32033,22,,,1,76,,32034,22,,,1,76,,32035,22,,,1,36,,32036,22,,,1,76,,32037,22,,,1,32,,32038,22,,,1,70,,32039,22,,,1,30,,32040,22,,,1,71,,32041,22,,,1,30,,32042,22,,,1,72,,32043,22,,,1,32,,32044,22,,,1,71,,32045,22,,,1,32,,32046,22,,,1,72,,32047,22,,,1,73,,32048,22,,,1,32,,32049,22,,,1,71,,32050,22,,,1,32,,32051,22,,,1,72,,32052,22,,,1,30,,32053,22,,,1,70,,32054,22,,,1,30,,32055,22,,,1,70,,32056,22,,,1,29,,32057,22,,,1,68,,32058,22,,,1,28,,32059,22,,,1,68,,32060,22,,,1,35,,32061,22,,,1,88,,32062,22,,,1,90,,32063,22,,,1,94,,32064,22,,,1
1301,'CPSunday',725,,32065,22,,,1,77,,32066,22,,,1,37,,32067,22,,,1,76,,32068,22,,,1,36,,32069,22,,,1,78,,32070,22,,,1,78,,32071,22,,,1,41,,32072,22,,,1,80,,32073,22,,,1,80,,32074,22,,,1,40,,32075,22,,,1,80,,32076,22,,,1,80,,32077,22,,,1,40,,32078,22,,,1,80,,32079,22,,,1,80,,32080,22,,,1,40,,32081,22,,,1,80,,32082,22,,,1,80,,32083,22,,,1,40,,32084,22,,,1,78,,32085,22,,,1,80,,32086,22,,,1,34,,32087,22,,,1,75,,32088,22,,,1,95,,32089,22,,,1,94,,32090,22,,,1,55,,32091,22,,,1
1301,'CPWeekday',442,,32092,22,,,1,60,,32093,22,,,1,22,,32094,22,,,1,20,,32095,22,,,1,66,,32096,22,,,1,27,,32097,22,,,1,65,,32098,22,,,1,26,,32099,22,,,1,27,,32100,22,,,1,64,,32101,22,,,1,27,,32102,22,,,1,68,,32103,22,,,1,25,,32104,22,,,1,64,,32105,22,,,1,26,,32106,22,,,1,26,,32107,22,,,1,65,,32108,22,,,1,25,,32109,22,,,1,65,,32110,22,,,1,24,,32111,22,,,1,24,,32112,22,,,1,65,,32113,22,,,1,25,,32114,22,,,1,68,,32115,22,,,1,20,,32116,22,,,1,20,,32117,22,,,1,63,,32118,22,,,1,24,,32119,22,,,1,64,,32120,22,,,1,25,,32121,22,,,1,24,,32122,22,,,1,65,,32123,22,,,1,24,,32124,22,,,1,64,,32125,22,,,1,24,,32126,22,,,1,24,,32127,22,,,1,63,,32128,22,,,1,22,,32129,22,,,1,61,,32130,22,,,1,25,,32131,22,,,1,30,,32132,22,,,1,70,,32133,22,,,1,29,,32134,22,,,1,63,,32135,22,,,1,25,,32136,22,,,1,90,,32137,22,,,1,89,,32138,22,,,1,95,,32139,22,,,1,95,,32140,22,,,1
4601,'CPHoliday1',742,,37543,31,,,1,80,,37544,31,,,1,84,,37545,31,,,1,40,,37546,31,,,1,80,,37547,31,,,1,80,,37548,31,,,1,40,,37549,31,,,1,82,,37550,31,,,1,80,,37551,31,,,1,42,,37552,31,,,1,82,,37553,31,,,1,82,,37554,31,,,1,42,,37555,31,,,1,83,,37556,31,,,1,82,,37557,31,,,1,82,,37558,31,,,1,42,,37559,31,,,1,82,,37560,31,,,1,82,,37561,31,,,1,42,,37562,31,,,1,86,,37563,31,,,1
4601,'CPSaturday',654,,37564,31,,,1,81,,37565,31,,,1,81,,37566,31,,,1,41,,37567,31,,,1,80,,37568,31,,,1,82,,37569,31,,,1,81,,37570,31,,,1,42,,37571,31,,,1,82,,37572,31,,,1,82,,37573,31,,,1,42,,37574,31,,,1,85,,37575,31,,,1,85,,37576,31,,,1,84,,37577,31,,,1,44,,37578,31,,,1,84,,37579,31,,,1,84,,37580,31,,,1,41,,37581,31,,,1,84,,37582,31,,,1,84,,37583,31,,,1,82,,37584,31,,,1,41,,37585,31,,,1,80,,37586,31,,,1
4601,'CPSunday',742,,37587,31,,,1,80,,37588,31,,,1,84,,37589,31,,,1,40,,37590,31,,,1,80,,37591,31,,,1,80,,37592,31,,,1,40,,37593,31,,,1,82,,37594,31,,,1,80,,37595,31,,,1,42,,37596,31,,,1,82,,37597,31,,,1,82,,37598,31,,,1,42,,37599,31,,,1,83,,37600,31,,,1,82,,37601,31,,,1,82,,37602,31,,,1,42,,37603,31,,,1,82,,37604,31,,,1,82,,37605,31,,,1,42,,37606,31,,,1,86,,37607,31,,,1
4601,'CPWeekday',437,,37633,31,,,1,85,,37634,31,,,1,82,,37628,31,,,1,41,,37635,31,,,1,86,,37636,31,,,1,84,,37629,31,,,1,86,,37630,31,,,1,45,,37632,31,,,1,86,,37631,31,,,1,86,,37611,31,,,1,84,,37612,31,,,1,45,,37608,31,,,1,84,,37610,31,,,1,84,,37613,31,,,1,86,,37614,31,,,1,47,,37618,31,,,1,88,,37609,31,,,1,88,,37615,31,,,1,88,,37626,31,,,1,88,,37625,31,,,1,44,,37623,31,,,1,84,,37619,31,,,1,84,,37624,31,,,1,42,,37616,31,,,1,82,,37617,31,,,1,82,,37621,31,,,1,40,,37627,31,,,1,76,,37620,31,,,1,80,,37622,31,,,1
4900,'CPWeekday',921,,37923,12,0,24 38 25 14 41 42,1,83,,37924,12,0,24 38 25 14 41 42,1,45,,37925,12,0,24 38 25 14 41 42,1,85,,37926,12,0,24 38 25 14 41 42,1,85,,37927,12,0,24 38 25 14 41 42,1,85,,37928,12,0,24 38 25 14 41 42,1,46,,37929,12,0,24 38 25 14 41 42,1,88,,37930,12,0,24 38 25 14 41 42,1,88,,37931,12,0,24 38 25 14 41 42,1
37300,'CPWeekday',724,,41802,11,,,1
37301,'CPWeekday',1400,,41803,14,,,1
