801,'CPSaturday',554,,30704,1,,,1,81,,30698,1,,,1,81,,30705,1,,,1,41,,30693,1,,,1,85,,30706,1,,,1,85,,30696,1,,,1,86,,30707,1,,,1,89,,30695,1,,,1,50,,30708,1,,,1,91,,30702,1,,,1,91,,30709,1,,,1,93,,30694,1,,,1,93,,30703,1,,,1,93,,30699,1,,,1,93,,30711,1,,,1,53,,30692,1,,,1,92,,30713,1,,,1,90,,30701,1,,,1,89,,30714,1,,,1,86,,30697,1,,,1,86,,30710,1,,,1,46,,30700,1,,,1,87,,30712,1,,,1
801,'CPWeekday',535,,30744,1,,,1,71,,30743,1,,,1,33,,30739,1,,,1,72,,30742,1,,,1,89,,30741,1,,,1,25,,30740,1,,,1,78,,30738,1,,,1,37,,30737,1,,,1,78,,30735,1,,,1,34,,30736,1,,,1,75,,30734,1,,,1,75,,30732,1,,,1,35,,30733,1,,,1,75,,30731,1,,,1,38,,30730,1,,,1,80,,30729,1,,,1,84,,30728,1,,,1,43,,30727,1,,,1,79,,30723,1,,,1,79,,30721,1,,,1,39,,30720,1,,,1,77,,30725,1,,,1,73,,30716,1,,,1,33,,30715,1,,,1,73,,30722,1,,,1,40,,30717,1,,,1,81,,30726,1,,,1,82,,30719,1,,,1,42,,30724,1,,,1,83,,30718,1,,,1
901,'CPHoliday1',612,,30908,1,,,1,45,,30907,1,,,1,86,,30906,1,,,1,89,,30905,1,,,1,89,,30899,1,,,1,89,,30898,1,,,1,48,,30904,1,,,1,77,,30895,1,,,1,76,,30893,1,,,1,36,,30903,1,,,1,76,,30896,1,,,1,36,,30897,1,,,1,77,,30900,1,,,1,78,,30888,1,,,1,38,,30889,1,,,1,77,,30902,1,,,1,77,,30887,1,,,1,37,,30891,1,,,1,77,,30901,1,,,1,39,,30886,1,,,1,87,,30890,1,,,1,94,,30885,1,,,1,90,,30892,1,,,1,90,,30884,1,,,1,90,,30894,1,,,1
901,'CPSaturday',602,,30942,1,,,1,30,,30943,1,,,1,71,,30941,1,,,1,31,,30939,1,,,1,73,,30940,1,,,1,34,,30928,1,,,1,74,,30936,1,,,1,35,,30927,1,,,1,73,,30919,1,,,1,35,,30930,1,,,1,76,,30923,1,,,1,77,,30916,1,,,1,37,,30931,1,,,1,77,,30922,1,,,1,77,,30915,1,,,1,40,,30932,1,,,1,79,,30924,1,,,1,38,,30914,1,,,1,78,,30933,1,,,1,79,,30925,1,,,1,37,,30913,1,,,1,77,,30934,1,,,1,75,,30917,1,,,1,35,,30912,1,,,1,75,,30935,1,,,1,35,,30920,1,,,1,75,,30911,1,,,1,34,,30937,1,,,1,74,,30918,1,,,1,73,,30910,1,,,1,34,,30929,1,,,1,74,,30921,1,,,1,30,,30909,1,,,1,67,,30938,1,,,1,27,,30926,1,,,1
901,'CPSunday',612,,30968,1,,,1,45,,30967,1,,,1,86,,30966,1,,,1,89,,30965,1,,,1,89,,30959,1,,,1,89,,30958,1,,,1,48,,30964,1,,,1,77,,30955,1,,,1,76,,30953,1,,,1,36,,30963,1,,,1,76,,30956,1,,,1,36,,30957,1,,,1,77,,30960,1,,,1,78,,30948,1,,,1,38,,30949,1,,,1,77,,30962,1,,,1,77,,30947,1,,,1,37,,30951,1,,,1,77,,30961,1,,,1,39,,30946,1,,,1,87,,30950,1,,,1,94,,30945,1,,,1,90,,30952,1,,,1,90,,30944,1,,,1,90,,30954,1,,,1
901,'CPWeekday',500,,31013,1,,,1,26,,31014,1,,,1,22,,31015,1,,,1,61,,31016,1,,,1,23,,31017,1,,,1,19,,31007,1,,,1,62,,31009,1,,,1,22,,31011,1,,,1,67,,31010,1,,,1,20,,31012,1,,,1,28,,31008,1,,,1,67,,31002,1,,,1,25,,31005,1,,,1,65,,31004,1,,,1,20,,31006,1,,,1,19,,31001,1,,,1,69,,31003,1,,,1,30,,30999,1,,,1,70,,31000,1,,,1,30,,30997,1,,,1,69,,30998,1,,,1,28,,30996,1,,,1,59,,30995,1,,,1,19,,30994,1,,,1,27,,30993,1,,,1,70,,30992,1,,,1,30,,30991,1,,,1,65,,30990,1,,,1,25,,30989,1,,,1,67,,30988,1,,,1,20,,30987,1,,,1,28,,30986,1,,,1,70,,30985,1,,,1,28,,30979,1,,,1,65,,30980,1,,,1,24,,30976,1,,,1,72,,30975,1,,,1,29,,30974,1,,,1,72,,30981,1,,,1,29,,30977,1,,,1,67,,30971,1,,,1,27,,30970,1,,,1,67,,30982,1,,,1,25,,30978,1,,,1,27,,30972,1,,,1,66,,30969,1,,,1,27,,30983,1,,,1,84,,30973,1,,,1,84,,30984,1,,,1
1000,'CPHoliday1',751,,31045,1,,,1,70,,31044,1,,,1,30,,31043,1,,,1,73,,31042,1,,,1,33,,31041,1,,,1,73,,31040,1,,,1,75,,31039,1,,,1,35,,31038,1,,,1,75,,31037,1,,,1,35,,31036,1,,,1,75,,31035,1,,,1,75,,31034,1,,,1,35,,31033,1,,,1,75,,31032,1,,,1,35,,31031,1,,,1,75,,31030,1,,,1,36,,31026,1,,,1,76,,31028,1,,,1,76,,31025,1,,,1,35,,31024,1,,,1,74,,31023,1,,,1,34,,31029,1,,,1,74,,31022,1,,,1,34,,31020,1,,,1,73,,31019,1,,,1,73,,31027,1,,,1,33,,31021,1,,,1,73,,31018,1,,,1,28,,31046,1,,,1,68,,31047,1,,,1,28,,31048,1,,,1
1000,'CPSaturday',603,,31089,1,,,1,24,,31086,1,,,1,25,,31084,1,,,1,65,,31088,1,,,1,24,,31087,1,,,1,65,,31085,1,,,1,26,,31082,1,,,1,27,,31083,1,,,1,67,,31080,1,,,1,27,,31081,1,,,1,67,,31079,1,,,1,27,,31078,1,,,1,67,,31077,1,,,1,28,,31076,1,,,1,68,,31075,1,,,1,28,,31074,1,,,1,68,,31073,1,,,1,29,,31072,1,,,1,69,,31071,1,,,1,29,,31070,1,,,1,69,,31069,1,,,1,29,,31068,1,,,1,69,,31063,1,,,1,29,,31062,1,,,1,29,,31058,1,,,1,69,,31066,1,,,1,29,,31057,1,,,1,68,,31056,1,,,1,28,,31059,1,,,1,68,,31053,1,,,1,26,,31067,1,,,1,66,,31054,1,,,1,26,,31050,1,,,1,67,,31060,1,,,1,27,,31052,1,,,1,26,,31065,1,,,1,65,,31055,1,,,1,26,,31049,1,,,1,65,,31061,1,,,1,25,,31051,1,,,1,65,,31064,1,,,1
1000,'CPSunday',751,,31117,1,,,1,70,,31116,1,,,1,30,,31115,1,,,1,73,,31114,1,,,1,33,,31113,1,,,1,73,,31112,1,,,1,75,,31111,1,,,1,35,,31110,1,,,1,75,,31109,1,,,1,35,,31108,1,,,1,75,,31107,1,,,1,75,,31106,1,,,1,35,,31105,1,,,1,75,,31104,1,,,1,35,,31103,1,,,1,75,,31102,1,,,1,36,,31098,1,,,1,76,,31100,1,,,1,76,,31097,1,,,1,35,,31096,1,,,1,74,,31095,1,,,1,34,,31101,1,,,1,74,,31094,1,,,1,34,,31092,1,,,1,73,,31091,1,,,1,73,,31099,1,,,1,33,,31093,1,,,1,73,,31090,1,,,1
1000,'CPWeekday',457,,31164,1,,,1,61,,31163,1,,,1,22,,31165,1,,,1,63,,31166,1,,,1,23,,31162,1,,,1,24,,31161,1,,,1,64,,31160,1,,,1,25,,31158,1,,,1,66,,31159,1,,,1,26,,31157,1,,,1,26,,31156,1,,,1,66,,31154,1,,,1,25,,31155,1,,,1,65,,31153,1,,,1,25,,31152,1,,,1,65,,31151,1,,,1,25,,31150,1,,,1,25,,31149,1,,,1,65,,31148,1,,,1,25,,31147,1,,,1,65,,31146,1,,,1,25,,31145,1,,,1,24,,31143,1,,,1,65,,31144,1,,,1,26,,31137,1,,,1,65,,31134,1,,,1,21,,31133,1,,,1,21,,31141,1,,,1,62,,31132,1,,,1,24,,31130,1,,,1,64,,31128,1,,,1,25,,31129,1,,,1,25,,31127,1,,,1,61,,31125,1,,,1,21,,31140,1,,,1,21,,31136,1,,,1,61,,31124,1,,,1,21,,31123,1,,,1,62,,31126,1,,,1,23,,31122,1,,,1,75,,31138,1,,,1,30,,31135,1,,,1,74,,31119,1,,,1,34,,31120,1,,,1,73,,31139,1,,,1,31,,31131,1,,,1,71,,31118,1,,,1,29,,31121,1,,,1,66,,31142,1,,,1
1001,'CPHoliday1',809,,31196,73,4,,1,30,,31195,73,4,,1,71,,31194,73,4,,1,34,,31193,73,4,,1,75,,31192,73,4,,1,34,,31191,73,4,,1,75,,31190,73,4,,1,74,,31189,73,4,,1,36,,31188,73,4,,1,75,,31186,73,4,,1,35,,31187,73,4,,1,75,,31185,73,4,,1,34,,31184,73,4,,1,75,,31182,73,4,,1,76,,31183,73,4,,1,35,,31181,73,4,,1,77,,31177,73,4,,1,36,,31179,73,4,,1,74,,31175,73,4,,1,76,,31174,73,4,,1,34,,31178,73,4,,1,74,,31171,73,4,,1,33,,31172,73,4,,1,73,,31169,73,4,,1,33,,31176,73,4,,1,73,,31173,73,4,,1,33,,31168,73,4,,1,70,,31167,73,4,,1,29,,31180,73,4,,1,69,,31170,73,4,,1
1001,'CPSaturday',701,,31236,73,4,,1,29,,31234,73,4,,1,26,,31235,73,4,,1,66,,31232,73,4,,1,26,,31233,73,4,,1,68,,31229,73,4,,1,26,,31230,73,4,,1,68,,31228,73,4,,1,27,,31231,73,4,,1,67,,31226,73,4,,1,27,,31227,73,4,,1,28,,31225,73,4,,1,68,,31224,73,4,,1,28,,31223,73,4,,1,68,,31222,73,4,,1,30,,31221,73,4,,1,69,,31220,73,4,,1,29,,31218,73,4,,1,68,,31219,73,4,,1,29,,31217,73,4,,1,69,,31216,73,4,,1,30,,31211,73,4,,1,69,,31212,73,4,,1,28,,31207,73,4,,1,70,,31206,73,4,,1,27,,31210,73,4,,1,68,,31205,73,4,,1,25,,31215,73,4,,1,68,,31204,73,4,,1,25,,31201,73,4,,1,28,,31208,73,4,,1,66,,31198,73,4,,1,26,,31214,73,4,,1,65,,31202,73,4,,1,26,,31200,73,4,,1,66,,31209,73,4,,1,25,,31199,73,4,,1,24,,31213,73,4,,1,62,,31203,73,4,,1,23,,31197,73,4,,1
1001,'CPSunday',809,,31266,73,4,,1,30,,31265,73,4,,1,71,,31264,73,4,,1,34,,31263,73,4,,1,75,,31262,73,4,,1,34,,31261,73,4,,1,75,,31260,73,4,,1,74,,31259,73,4,,1,36,,31258,73,4,,1,75,,31256,73,4,,1,35,,31257,73,4,,1,75,,31255,73,4,,1,34,,31254,73,4,,1,75,,31252,73,4,,1,76,,31253,73,4,,1,35,,31251,73,4,,1,77,,31247,73,4,,1,36,,31249,73,4,,1,74,,31245,73,4,,1,76,,31244,73,4,,1,34,,31248,73,4,,1,74,,31241,73,4,,1,33,,31242,73,4,,1,73,,31239,73,4,,1,33,,31246,73,4,,1,73,,31243,73,4,,1,33,,31238,73,4,,1,70,,31237,73,4,,1,29,,31250,73,4,,1,69,,31240,73,4,,1
1001,'CPWeekday',530,,31316,73,4,,1,24,,31312,73,4,,1,63,,31315,73,4,,1,23,,31314,73,4,,1,63,,31313,73,4,,1,24,,31310,73,4,,1,28,,31311,73,4,,1,66,,31309,73,4,,1,27,,31308,73,4,,1,67,,31307,73,4,,1,25,,31306,73,4,,1,62,,31304,73,4,,1,25,,31305,73,4,,1,23,,31303,73,4,,1,65,,31302,73,4,,1,25,,31301,73,4,,1,64,,31300,73,4,,1,25,,31299,73,4,,1,26,,31298,73,4,,1,66,,31297,73,4,,1,27,,31296,73,4,,1,65,,31295,73,4,,1,26,,31294,73,4,,1,66,,31292,73,4,,1,30,,31293,73,4,,1,67,,31287,73,4,,1,27,,31284,73,4,,1,27,,31286,73,4,,1,66,,31285,73,4,,1,24,,31279,73,4,,1,62,,31278,73,4,,1,19,,31289,73,4,,1,20,,31283,73,4,,1,62,,31276,73,4,,1,21,,31275,73,4,,1,22,,31277,73,4,,1,62,,31274,73,4,,1,18,,31273,73,4,,1,19,,31291,73,4,,1,62,,31280,73,4,,1,20,,31272,73,4,,1,23,,31270,73,4,,1,73,,31271,73,4,,1,72,,31288,73,4,,1,31,,31282,73,4,,1,72,,31268,73,4,,1,30,,31269,73,4,,1,66,,31290,73,4,,1,29,,31281,73,4,,1,26,,31267,73,4,,1
37501,'CPWeekday',708,,41807,1,,,1
