700,'CPWeekday',246,,16008,,,1,81,,16009,,,1,83,,16010,,,1,42,,16011,,,1
700,'MAHoliday1',444,,16048,,,1,61,,16062,,,1,23,,16044,,,1,21,,16039,,,1,61,,16038,,,1,22,,16054,,,1,24,,16037,,,1,63,,16064,,,1,23,,16045,,,1,63,,16036,,,1,23,,16033,,,1,23,,16055,,,1,63,,16034,,,1,24,,16063,,,1,64,,16046,,,1,25,,16028,,,1,25,,16027,,,1,64,,16056,,,1,25,,16035,,,1,64,,16061,,,1,24,,16047,,,1,24,,16026,,,1,65,,16021,,,1,25,,16053,,,1,62,,16020,,,1,21,,16032,,,1,21,,16060,,,1,62,,16040,,,1,21,,16023,,,1,20,,16017,,,1,62,,16050,,,1,22,,16015,,,1,22,,16029,,,1,62,,16058,,,1,22,,16042,,,1,60,,16024,,,1,20,,16016,,,1,21,,16049,,,1,61,,16012,,,1,21,,16031,,,1,22,,16059,,,1,61,,16041,,,1,23,,16025,,,1,22,,16018,,,1,60,,16051,,,1,21,,16013,,,1,20,,16030,,,1,60,,16057,,,1,19,,16043,,,1,19,,16022,,,1,60,,16019,,,1,19,,16052,,,1,19,,16014,,,1,60,,16065,,,1
700,'MASaturday',410,,16123,,,1,24,,16122,,,1,24,,16121,,,1,66,,16120,,,1,22,,16119,,,1,63,,16118,,,1,22,,16117,,,1,23,,16116,,,1,63,,16115,,,1,25,,16114,,,1,67,,16113,,,1,27,,16112,,,1,66,,16106,,,1,25,,16105,,,1,25,,16103,,,1,65,,16100,,,1,24,,16101,,,1,65,,16102,,,1,27,,16107,,,1,67,,16099,,,1,29,,16098,,,1,28,,16092,,,1,67,,16097,,,1,27,,16091,,,1,61,,16090,,,1,21,,16109,,,1,21,,16096,,,1,63,,16089,,,1,22,,16086,,,1,19,,16084,,,1,60,,16087,,,1,20,,16082,,,1,21,,16081,,,1,62,,16108,,,1,22,,16093,,,1,62,,16080,,,1,22,,16078,,,1,22,,16079,,,1,59,,16085,,,1,19,,16076,,,1,19,,16074,,,1,59,,16110,,,1,18,,16094,,,1,19,,16077,,,1,60,,16071,,,1,18,,16070,,,1,19,,16088,,,1,20,,16075,,,1,60,,16069,,,1,20,,16111,,,1,19,,16095,,,1,60,,16072,,,1,17,,16067,,,1,17,,16068,,,1,59,,16083,,,1,18,,16073,,,1,19,,16066,,,1,57,,16104,,,1,18,,16124,,,1
700,'MASunday',444,,16161,,,1,61,,16175,,,1,23,,16157,,,1,21,,16152,,,1,61,,16151,,,1,22,,16167,,,1,24,,16150,,,1,63,,16177,,,1,23,,16158,,,1,63,,16149,,,1,23,,16146,,,1,23,,16168,,,1,63,,16147,,,1,24,,16176,,,1,64,,16159,,,1,25,,16141,,,1,25,,16140,,,1,64,,16169,,,1,25,,16148,,,1,64,,16174,,,1,24,,16160,,,1,24,,16139,,,1,65,,16134,,,1,25,,16166,,,1,62,,16133,,,1,21,,16145,,,1,21,,16173,,,1,62,,16153,,,1,21,,16136,,,1,20,,16130,,,1,62,,16163,,,1,22,,16128,,,1,22,,16142,,,1,62,,16171,,,1,22,,16155,,,1,60,,16137,,,1,20,,16129,,,1,21,,16162,,,1,61,,16125,,,1,21,,16144,,,1,22,,16172,,,1,61,,16154,,,1,23,,16138,,,1,22,,16131,,,1,60,,16164,,,1,21,,16126,,,1,20,,16143,,,1,60,,16170,,,1,19,,16156,,,1,19,,16135,,,1,60,,16132,,,1,19,,16165,,,1,19,,16127,,,1,60,,16178,,,1
700,'MAWeekday',516,,16179,,,1,24,,16180,,,1,64,,16181,,,1,25,,16182,,,1,22,,16183,,,1,61,,16184,,,1,20,,16185,,,1,24,,16186,,,1,64,,16187,,,1,26,,16188,,,1,65,,16189,,,1,28,,16190,,,1,69,,16191,,,1,30,,16192,,,1,65,,16193,,,1,25,,16194,,,1,25,,16195,,,1,65,,16196,,,1,25,,16197,,,1,60,,16198,,,1,21,,16199,,,1,22,,16200,,,1,64,,16201,,,1,25,,16202,,,1,65,,16203,,,1,26,,16204,,,1,25,,16205,,,1,65,,16206,,,1,26,,16207,,,1,65,,16208,,,1,25,,16209,,,1,25,,16210,,,1,65,,16211,,,1,26,,16212,,,1,66,,16213,,,1,24,,16214,,,1,64,,16215,,,1,24,,16216,,,1,22,,16217,,,1,62,,16218,,,1,24,,16219,,,1,73,,16220,,,1,27,,16221,,,1,66,,16222,,,1,28,,16223,,,1,74,,16224,,,1,34,,16225,,,1,72,,16226,,,1,29,,16227,,,1,69,,16228,,,1
3900,'CPHoliday1',651,,21944,4,,1,78,,21938,4,,1,83,,21933,4,,1,38,,21929,4,,1,81,,21945,4,,1,84,,21936,4,,1,42,,21934,4,,1,84,,21928,4,,1,83,,21943,4,,1,85,,21937,4,,1,47,,21930,4,,1,85,,21927,4,,1,85,,21946,4,,1,85,,21940,4,,1,45,,21931,4,,1,83,,21926,4,,1,85,,21947,4,,1,84,,21939,4,,1,40,,21932,4,,1,84,,21925,4,,1,82,,21942,4,,1,40,,21941,4,,1,81,,21935,4,,1,75,,21924,4,,1
3900,'CPSaturday',835,,21953,4,,1,65,,21952,4,,1,218,,21954,4,,1,29,,21951,4,,1,272,,21955,4,,1,30,,21950,4,,1,272,,21956,4,,1,30,,21949,4,,1,260,,21957,4,,1,28,,21948,4,,1,206,,21958,4,,1
3900,'CPSunday',651,,21979,4,,1,78,,21973,4,,1,83,,21968,4,,1,38,,21964,4,,1,81,,21980,4,,1,84,,21971,4,,1,42,,21969,4,,1,84,,21963,4,,1,83,,21978,4,,1,85,,21972,4,,1,47,,21965,4,,1,85,,21962,4,,1,85,,21981,4,,1,85,,21975,4,,1,45,,21966,4,,1,83,,21961,4,,1,85,,21982,4,,1,84,,21974,4,,1,40,,21967,4,,1,84,,21960,4,,1,82,,21977,4,,1,40,,21976,4,,1,81,,21970,4,,1,75,,21959,4,,1
3900,'MASaturday',650,,22006,4,,1,66,,22005,4,,1,28,,21999,4,,1,66,,21998,4,,1,116,,22000,4,,1,28,,21993,4,,1,66,,21991,4,,1,30,,21992,4,,1,166,,22004,4,,1,31,,21994,4,,1,71,,21988,4,,1,30,,21986,4,,1,171,,22003,4,,1,30,,21997,4,,1,71,,21989,4,,1,30,,21984,4,,1,169,,22001,4,,1,27,,21996,4,,1,69,,21987,4,,1,30,,21983,4,,1,162,,22002,4,,1,25,,21995,4,,1,26,,21990,4,,1,64,,21985,4,,1
3900,'MAWeekday',523,,22053,4,,1,92,,22008,4,,1,26,,22009,4,,1,64,,22010,4,,1,22,,22011,4,,1,19,,22012,4,,1,61,,22013,4,,1,19,,22014,4,,1,20,,22015,4,,1,63,,22016,4,,1,24,,22017,4,,1,20,,22018,4,,1,71,,22019,4,,1,35,,22020,4,,1,77,,22021,4,,1,77,,22022,4,,1,38,,22023,4,,1,77,,22024,4,,1,76,,22025,4,,1,34,,22026,4,,1,65,,22027,4,,1,29,,22028,4,,1,20,,22029,4,,1,61,,22030,4,,1,21,,22031,4,,1,22,,22032,4,,1,58,,22033,4,,1,19,,22034,4,,1,17,,22035,4,,1,59,,22036,4,,1,21,,22037,4,,1,22,,22038,4,,1,59,,22039,4,,1,21,,22040,4,,1,16,,22041,4,,1,62,,22042,4,,1,22,,22043,4,,1,18,,22044,4,,1,75,,22045,4,,1,77,,22046,4,,1,41,,22047,4,,1,80,,22048,4,,1,77,,22049,4,,1,35,,22050,4,,1,73,,22051,4,,1,33,,22052,4,,1,74,,22007,4,,1
10700,'MAHoliday1',821,,26192,,,1,31,,26164,,,1,71,,26168,,,1,29,,26169,,,1,63,,26187,,,1,18,,26197,,,1,18,,26165,,,1,58,,26166,,,1,18,,26167,,,1,18,,26175,,,1,58,,26170,,,1,18,,26188,,,1,18,,26196,,,1,19,,26172,,,1,61,,26174,,,1,21,,26173,,,1,60,,26178,,,1,20,,26171,,,1,20,,26189,,,1,60,,26198,,,1,20,,26179,,,1,20,,26177,,,1,60,,26180,,,1,20,,26176,,,1,20,,26186,,,1,60,,26191,,,1,20,,26199,,,1,20,,26182,,,1,60,,26185,,,1,19,,26181,,,1,20,,26183,,,1,20,,26184,,,1,59,,26190,,,1,17,,26200,,,1,68,,26193,,,1,29,,26195,,,1,27,,26194,,,1
10700,'MASaturday',821,,26229,,,1,31,,26201,,,1,71,,26205,,,1,29,,26209,,,1,63,,26224,,,1,18,,26233,,,1,18,,26203,,,1,58,,26202,,,1,18,,26204,,,1,18,,26213,,,1,58,,26210,,,1,18,,26225,,,1,18,,26234,,,1,19,,26208,,,1,61,,26206,,,1,21,,26207,,,1,60,,26218,,,1,20,,26212,,,1,20,,26228,,,1,60,,26236,,,1,20,,26211,,,1,20,,26217,,,1,60,,26215,,,1,20,,26219,,,1,20,,26214,,,1,60,,26226,,,1,20,,26235,,,1,20,,26216,,,1,60,,26220,,,1,19,,26221,,,1,20,,26222,,,1,20,,26223,,,1,59,,26227,,,1,17,,26237,,,1,68,,26230,,,1,29,,26232,,,1,27,,26231,,,1
10700,'MASunday',821,,26266,,,1,31,,26238,,,1,71,,26242,,,1,29,,26243,,,1,63,,26261,,,1,18,,26271,,,1,18,,26239,,,1,58,,26240,,,1,18,,26241,,,1,18,,26249,,,1,58,,26244,,,1,18,,26262,,,1,18,,26270,,,1,19,,26246,,,1,61,,26248,,,1,21,,26247,,,1,60,,26252,,,1,20,,26245,,,1,20,,26263,,,1,60,,26272,,,1,20,,26253,,,1,20,,26251,,,1,60,,26254,,,1,20,,26250,,,1,20,,26260,,,1,60,,26265,,,1,20,,26273,,,1,20,,26256,,,1,60,,26259,,,1,19,,26255,,,1,20,,26257,,,1,20,,26258,,,1,59,,26264,,,1,17,,26274,,,1,68,,26267,,,1,29,,26269,,,1,27,,26268,,,1
10700,'MAWeekday',515,,26334,,,1,26,,26327,,,1,16,,26323,,,1,56,,26341,,,1,15,,26321,,,1,16,,26324,,,1,56,,26309,,,1,15,,26310,,,1,16,,26338,,,1,15,,26316,,,1,55,,26326,,,1,14,,26317,,,1,14,,26342,,,1,15,,26308,,,1,14,,26307,,,1,52,,26325,,,1,12,,26314,,,1,14,,26300,,,1,15,,26337,,,1,55,,26305,,,1,14,,26329,,,1,15,,26319,,,1,15,,26347,,,1,55,,26298,,,1,15,,26295,,,1,15,,26313,,,1,15,,26301,,,1,55,,26335,,,1,15,,26292,,,1,15,,26333,,,1,16,,26320,,,1,55,,26346,,,1,15,,26303,,,1,16,,26289,,,1,16,,26311,,,1,55,,26299,,,1,15,,26339,,,1,16,,26293,,,1,14,,26330,,,1,55,,26318,,,1,15,,26340,,,1,12,,26282,,,1,12,,26302,,,1,12,,26283,,,1,52,,26286,,,1,12,,26280,,,1,10,,26312,,,1,10,,26297,,,1,11,,26336,,,1,52,,26290,,,1,12,,26277,,,1,12,,26328,,,1,12,,26322,,,1,11,,26343,,,1,52,,26276,,,1,12,,26304,,,1,12,,26281,,,1,11,,26287,,,1,15,,26315,,,1,55,,26306,,,1,19,,26294,,,1,19,,26331,,,1,59,,26344,,,1,20,,26278,,,1,20,,26279,,,1,60,,26288,,,1,20,,26296,,,1,20,,26291,,,1,59,,26332,,,1,19,,26345,,,1,20,,26275,,,1,60,,26284,,,1,20,,26285,,,1
10901,'CPHoliday1',736,,26813,,,1,65,,26806,,,1,28,,26802,,,1,26,,26795,,,1,67,,26794,,,1,26,,26812,,,1,65,,26807,,,1,20,,26801,,,1,22,,26791,,,1,61,,26796,,,1,21,,26786,,,1,20,,26784,,,1,61,,26814,,,1,21,,26808,,,1,61,,26800,,,1,20,,26785,,,1,21,,26793,,,1,60,,26787,,,1,20,,26780,,,1,20,,26815,,,1,60,,26809,,,1,21,,26799,,,1,19,,26779,,,1,59,,26798,,,1,19,,26790,,,1,20,,26781,,,1,19,,26818,,,1,60,,26811,,,1,20,,26803,,,1,20,,26776,,,1,59,,26797,,,1,20,,26792,,,1,20,,26783,,,1,59,,26816,,,1,20,,26810,,,1,20,,26804,,,1,64,,26778,,,1,24,,26789,,,1,65,,26782,,,1,25,,26817,,,1,24,,26805,,,1,69,,26777,,,1,29,,26788,,,1
10901,'CPSaturday',648,,26864,,,1,60,,26857,,,1,21,,26850,,,1,21,,26843,,,1,61,,26842,,,1,21,,26835,,,1,20,,26865,,,1,61,,26858,,,1,20,,26851,,,1,21,,26844,,,1,62,,26834,,,1,20,,26836,,,1,20,,26837,,,1,59,,26866,,,1,18,,26859,,,1,18,,26854,,,1,59,,26828,,,1,18,,26847,,,1,19,,26841,,,1,59,,26830,,,1,18,,26826,,,1,18,,26867,,,1,58,,26863,,,1,19,,26855,,,1,18,,26825,,,1,19,,26846,,,1,58,,26838,,,1,18,,26829,,,1,20,,26827,,,1,59,,26869,,,1,20,,26861,,,1,20,,26852,,,1,60,,26822,,,1,20,,26845,,,1,20,,26839,,,1,59,,26831,,,1,20,,26821,,,1,19,,26868,,,1,57,,26860,,,1,17,,26853,,,1,17,,26823,,,1,18,,26848,,,1,58,,26840,,,1,18,,26832,,,1,16,,26820,,,1,64,,26862,,,1,24,,26856,,,1,65,,26824,,,1,25,,26849,,,1,20,,26833,,,1,62,,26819,,,1
10901,'CPSunday',736,,26907,,,1,65,,26900,,,1,28,,26896,,,1,26,,26889,,,1,67,,26888,,,1,26,,26906,,,1,65,,26901,,,1,20,,26895,,,1,22,,26885,,,1,61,,26890,,,1,21,,26880,,,1,20,,26878,,,1,61,,26908,,,1,21,,26902,,,1,61,,26894,,,1,20,,26879,,,1,21,,26887,,,1,60,,26881,,,1,20,,26874,,,1,20,,26909,,,1,60,,26903,,,1,21,,26893,,,1,19,,26873,,,1,59,,26892,,,1,19,,26884,,,1,20,,26875,,,1,19,,26912,,,1,60,,26905,,,1,20,,26897,,,1,20,,26870,,,1,59,,26891,,,1,20,,26886,,,1,20,,26877,,,1,59,,26910,,,1,20,,26904,,,1,20,,26898,,,1,64,,26872,,,1,24,,26883,,,1,65,,26876,,,1,25,,26911,,,1,24,,26899,,,1,69,,26871,,,1,29,,26882,,,1
10901,'CPWeekday',444,,26913,,,1,65,,26914,,,1,28,,26915,,,1,66,,26916,,,1,21,,26917,,,1,19,,26918,,,1,16,,26919,,,1,50,,26920,,,1,10,,26921,,,1,11,,26922,,,1,12,,26923,,,1,12,,26924,,,1,50,,26925,,,1,10,,26926,,,1,10,,26927,,,1,10,,26928,,,1,10,,26929,,,1,10,,26930,,,1,50,,26931,,,1,10,,26932,,,1,10,,26933,,,1,10,,26934,,,1,9,,26935,,,1,9,,26936,,,1,50,,26937,,,1,10,,26938,,,1,10,,26939,,,1,10,,26940,,,1,8,,26941,,,1,10,,26942,,,1,55,,26943,,,1,14,,26944,,,1,15,,26945,,,1,15,,26946,,,1,55,,26947,,,1,14,,26948,,,1,15,,26949,,,1,15,,26950,,,1,55,,26951,,,1,15,,26952,,,1,15,,26953,,,1,15,,26954,,,1,55,,26955,,,1,15,,26956,,,1,15,,26957,,,1,16,,26958,,,1,55,,26959,,,1,17,,26960,,,1,16,,26961,,,1,15,,26962,,,1,55,,26963,,,1,15,,26964,,,1,15,,26965,,,1,15,,26966,,,1,55,,26967,,,1,15,,26968,,,1,15,,26969,,,1,15,,26970,,,1,55,,26971,,,1,15,,26972,,,1,14,,26973,,,1,13,,26974,,,1,55,,26975,,,1,15,,26976,,,1,16,,26977,,,1,12,,26978,,,1,55,,26979,,,1,14,,26980,,,1,15,,26981,,,1,15,,26982,,,1,55,,26983,,,1,14,,26984,,,1,15,,26985,,,1,13,,26986,,,1,15,,26987,,,1,54,,26988,,,1,15,,26989,,,1,16,,26990,,,1,15,,26991,,,1,58,,26992,,,1
13500,'CPWeekday',648,,27458,4,,1,52,,27456,4,,1,12,,27453,4,,1,12,,27466,4,,1,12,,27462,4,,1,12,,27459,4,,1,52,,27451,4,,1,12,,27454,4,,1,12,,27464,4,,1,12,,27461,4,,1,12,,27457,4,,1,52,,27455,4,,1,12,,27452,4,,1,12,,27465,4,,1,12,,27463,4,,1,12,,27460,4,,1,574,,27447,4,,1,12,,27445,4,,1,12,,27443,4,,1,12,,27439,4,,1,52,,27437,4,,1,12,,27450,4,,1,12,,27444,4,,1,12,,27436,4,,1,12,,27441,4,,1,52,,27438,4,,1,12,,27448,4,,1,12,,27446,4,,1,12,,27442,4,,1,12,,27440,4,,1,52,,27435,4,,1,12,,27449,4,,1
