3800,'CPHoliday1',820,,21723,,,1,92,,21734,,,1,93,,21724,,,1,50,,21725,,,1,97,,21730,,,1,96,,21727,,,1,96,,21726,,,1,95,,21733,,,1,97,,21728,,,1,95,,21732,,,1,95,,21729,,,1,94,,21731,,,1,93,,21735,,,1,94,,21737,,,1,50,,21736,,,1
3800,'CPSaturday',707,,21752,,,1,36,,21753,,,1,70,,21754,,,1,32,,21755,,,1,71,,21756,,,1,31,,21757,,,1,73,,21758,,,1,33,,21759,,,1,71,,21760,,,1,34,,21761,,,1,74,,21762,,,1,74,,21763,,,1,35,,21764,,,1,74,,21765,,,1,37,,21766,,,1,75,,21767,,,1,75,,21768,,,1,36,,21769,,,1,74,,21738,,,1,33,,21739,,,1,74,,21740,,,1,33,,21741,,,1,73,,21742,,,1,31,,21743,,,1,72,,21744,,,1,72,,21745,,,1,32,,21746,,,1,69,,21747,,,1,30,,21748,,,1,69,,21749,,,1,27,,21750,,,1,24,,21751,,,1
3800,'CPSunday',820,,21770,,,1,92,,21781,,,1,93,,21771,,,1,50,,21772,,,1,97,,21777,,,1,96,,21774,,,1,96,,21773,,,1,95,,21780,,,1,97,,21775,,,1,95,,21779,,,1,95,,21776,,,1,94,,21778,,,1,93,,21782,,,1,94,,21784,,,1,50,,21783,,,1
3800,'CPWeekday',503,,21821,,,1,30,,21810,,,1,23,,21809,,,1,67,,21807,,,1,27,,21806,,,1,67,,21808,,,1,33,,21818,,,1,67,,21785,,,1,5,,21812,,,1,36,,21801,,,1,75,,21799,,,1,78,,21798,,,1,39,,21822,,,1,80,,21813,,,1,78,,21800,,,1,37,,21795,,,1,76,,21794,,,1,35,,21819,,,1,77,,21814,,,1,16,,21793,,,1,75,,21804,,,1,32,,21796,,,1,70,,21791,,,1,29,,21792,,,1,69,,21823,,,1,28,,21815,,,1,70,,21790,,,1,28,,21805,,,1,71,,21797,,,1,32,,21787,,,1,74,,21820,,,1,73,,21811,,,1,26,,21786,,,1,26,,21802,,,1,87,,21788,,,1,85,,21816,,,1,83,,21803,,,1,41,,21789,,,1
4300,'CPWeekday',533,,22727,,,1,81,,22734,,,1,41,,22730,,,1,80,,22732,,,1,80,,22728,,,1,40,,22735,,,1,79,,22731,,,1,76,,22733,,,1,40,,22729,,,1
4400,'CPHoliday1',749,,22768,,,1,84,,22769,,,1,85,,22767,,,1,85,,22765,,,1,30,,22764,,,1,70,,22766,,,1,30,,22762,,,1,71,,22761,,,1,29,,22763,,,1,71,,22759,,,1,31,,22760,,,1,71,,22757,,,1,31,,22758,,,1,71,,22756,,,1,31,,22755,,,1,71,,22754,,,1,31,,22753,,,1,71,,22752,,,1,31,,22751,,,1,85,,22747,,,1,86,,22748,,,1,40,,22746,,,1,85,,22749,,,1,83,,22745,,,1,80,,22750,,,1
4400,'CPSaturday',754,,22792,,,1,85,,22793,,,1,88,,22791,,,1,85,,22789,,,1,45,,22790,,,1,85,,22788,,,1,85,,22787,,,1,85,,22784,,,1,30,,22786,,,1,71,,22785,,,1,32,,22783,,,1,73,,22782,,,1,32,,22781,,,1,72,,22780,,,1,32,,22779,,,1,71,,22777,,,1,32,,22776,,,1,71,,22775,,,1,72,,22778,,,1,32,,22772,,,1,82,,22771,,,1,42,,22773,,,1,84,,22770,,,1,82,,22774,,,1
4400,'CPSunday',749,,22817,,,1,84,,22818,,,1,85,,22816,,,1,85,,22814,,,1,30,,22813,,,1,70,,22815,,,1,30,,22811,,,1,71,,22810,,,1,29,,22812,,,1,71,,22808,,,1,31,,22809,,,1,71,,22806,,,1,31,,22807,,,1,71,,22805,,,1,31,,22804,,,1,71,,22803,,,1,31,,22802,,,1,71,,22801,,,1,31,,22800,,,1,85,,22796,,,1,86,,22797,,,1,40,,22795,,,1,85,,22798,,,1,83,,22794,,,1,80,,22799,,,1
4400,'CPWeekday',559,,22857,,,1,56,,22858,,,1,20,,22862,,,1,20,,22859,,,1,62,,22854,,,1,20,,22856,,,1,20,,22855,,,1,60,,22863,,,1,20,,22853,,,1,22,,22850,,,1,62,,22851,,,1,22,,22852,,,1,62,,22867,,,1,22,,22843,,,1,22,,22842,,,1,62,,22845,,,1,22,,22841,,,1,22,,22864,,,1,60,,22840,,,1,20,,22839,,,1,20,,22849,,,1,60,,22834,,,1,20,,22865,,,1,20,,22835,,,1,60,,22833,,,1,21,,22869,,,1,10,,22846,,,1,54,,22832,,,1,12,,22874,,,1,12,,22861,,,1,14,,22838,,,1,14,,22877,,,1,56,,22831,,,1,16,,22847,,,1,14,,22872,,,1,14,,22830,,,1,54,,22860,,,1,14,,22870,,,1,16,,22836,,,1,16,,22824,,,1,50,,22875,,,1,18,,22848,,,1,15,,22826,,,1,10,,22876,,,1,55,,22866,,,1,16,,22871,,,1,12,,22837,,,1,14,,22820,,,1,13,,22868,,,1,54,,22844,,,1,14,,22825,,,1,16,,22873,,,1,80,,22821,,,1,81,,22827,,,1,43,,22819,,,1,86,,22829,,,1,86,,22822,,,1,86,,22828,,,1,45,,22823,,,1
10801,'CPWeekday',1519,,26545,,,1,31,,26546,,,1,60,,26547,,,1,20,,26548,,,1,22,,26549,,,1,62,,26550,,,1,23,,26551,,,1,65,,26552,,,1,28,,26553,,,1,70,,26554,,,1,30,,26555,,,1,70,,26556,,,1
