901,'CPHoliday1',632,,16729,,,1,86,,16728,,,1,87,,16727,,,1,51,,16726,,,1,89,,16720,,,1,90,,16719,,,1,88,,16725,,,1,79,,16716,,,1,36,,16714,,,1,76,,16724,,,1,37,,16717,,,1,77,,16718,,,1,77,,16721,,,1,38,,16709,,,1,77,,16710,,,1,37,,16723,,,1,77,,16708,,,1,77,,16712,,,1,37,,16722,,,1,77,,16707,,,1,85,,16711,,,1,93,,16706,,,1,50,,16713,,,1,89,,16705,,,1,90,,16715,,,1
901,'CPSaturday',622,,16763,,,1,32,,16764,,,1,73,,16762,,,1,31,,16760,,,1,73,,16761,,,1,74,,16749,,,1,34,,16757,,,1,76,,16748,,,1,33,,16740,,,1,75,,16751,,,1,36,,16744,,,1,79,,16737,,,1,78,,16752,,,1,38,,16743,,,1,77,,16736,,,1,80,,16753,,,1,39,,16745,,,1,78,,16735,,,1,78,,16754,,,1,39,,16746,,,1,75,,16734,,,1,37,,16755,,,1,75,,16738,,,1,75,,16733,,,1,35,,16756,,,1,75,,16741,,,1,33,,16732,,,1,74,,16758,,,1,33,,16739,,,1,73,,16731,,,1,74,,16750,,,1,32,,16742,,,1,69,,16730,,,1,27,,16759,,,1,27,,16747,,,1
901,'CPSunday',632,,16789,,,1,86,,16788,,,1,87,,16787,,,1,51,,16786,,,1,89,,16780,,,1,90,,16779,,,1,88,,16785,,,1,79,,16776,,,1,36,,16774,,,1,76,,16784,,,1,37,,16777,,,1,77,,16778,,,1,77,,16781,,,1,38,,16769,,,1,77,,16770,,,1,37,,16783,,,1,77,,16768,,,1,77,,16772,,,1,37,,16782,,,1,77,,16767,,,1,85,,16771,,,1,93,,16766,,,1,50,,16773,,,1,89,,16765,,,1,90,,16775,,,1
901,'CPWeekday',526,,16834,,,1,27,,16835,,,1,63,,16836,,,1,23,,16837,,,1,61,,16838,,,1,22,,16828,,,1,22,,16830,,,1,63,,16832,,,1,27,,16831,,,1,24,,16833,,,1,65,,16829,,,1,25,,16823,,,1,66,,16826,,,1,24,,16825,,,1,20,,16827,,,1,59,,16822,,,1,29,,16824,,,1,70,,16820,,,1,30,,16821,,,1,71,,16818,,,1,29,,16819,,,1,68,,16817,,,1,19,,16816,,,1,20,,16815,,,1,67,,16814,,,1,30,,16813,,,1,70,,16812,,,1,31,,16811,,,1,62,,16810,,,1,23,,16809,,,1,68,,16808,,,1,27,,16807,,,1,28,,16806,,,1,64,,16800,,,1,24,,16801,,,1,67,,16797,,,1,28,,16796,,,1,68,,16795,,,1,29,,16802,,,1,69,,16798,,,1,27,,16792,,,1,66,,16791,,,1,27,,16803,,,1,23,,16799,,,1,67,,16793,,,1,25,,16790,,,1,67,,16804,,,1,44,,16794,,,1,84,,16805,,,1
1300,'CPHoliday1',643,,17679,,,1,76,,17680,,,1,34,,17681,,,1,76,,17682,,,1,76,,17683,,,1,40,,17684,,,1,78,,17685,,,1,80,,17686,,,1,41,,17687,,,1,80,,17688,,,1,80,,17689,,,1,40,,17690,,,1,82,,17691,,,1,83,,17692,,,1,42,,17693,,,1,82,,17694,,,1,81,,17695,,,1,42,,17696,,,1,80,,17697,,,1,79,,17698,,,1,40,,17699,,,1,80,,17700,,,1,80,,17701,,,1,39,,17702,,,1,84,,17703,,,1,93,,17704,,,1,90,,17705,,,1,87,,17706,,,1,48,,17707,,,1
1300,'CPSaturday',456,,17708,,,1,75,,17709,,,1,74,,17710,,,1,35,,17711,,,1,75,,17712,,,1,37,,17713,,,1,78,,17714,,,1,80,,17715,,,1,38,,17716,,,1,70,,17717,,,1,28,,17718,,,1,71,,17719,,,1,32,,17720,,,1,74,,17721,,,1,34,,17722,,,1,75,,17723,,,1,74,,17724,,,1,34,,17725,,,1,74,,17726,,,1,34,,17727,,,1,74,,17728,,,1,31,,17729,,,1,72,,17730,,,1,32,,17731,,,1,70,,17732,,,1,31,,17733,,,1,72,,17734,,,1,72,,17735,,,1,30,,17736,,,1,69,,17737,,,1,30,,17738,,,1,72,,17739,,,1,50,,17740,,,1,88,,17741,,,1,88,,17742,,,1,87,,17743,,,1,86,,17744,,,1
1300,'CPSunday',643,,17745,,,1,76,,17746,,,1,34,,17747,,,1,76,,17748,,,1,76,,17749,,,1,40,,17750,,,1,78,,17751,,,1,80,,17752,,,1,41,,17753,,,1,80,,17754,,,1,80,,17755,,,1,40,,17756,,,1,82,,17757,,,1,83,,17758,,,1,42,,17759,,,1,82,,17760,,,1,81,,17761,,,1,42,,17762,,,1,80,,17763,,,1,79,,17764,,,1,40,,17765,,,1,80,,17766,,,1,80,,17767,,,1,39,,17768,,,1,84,,17769,,,1,93,,17770,,,1,90,,17771,,,1,87,,17772,,,1,48,,17773,,,1
1300,'CPWeekday',453,,17776,,,1,65,,17777,,,1,27,,17778,,,1,64,,17779,,,1,26,,17780,,,1,65,,17781,,,1,24,,17782,,,1,30,,17783,,,1,68,,17784,,,1,29,,17785,,,1,68,,17786,,,1,26,,17787,,,1,65,,17788,,,1,24,,17789,,,1,23,,17790,,,1,64,,17791,,,1,24,,17792,,,1,66,,17793,,,1,26,,17794,,,1,66,,17795,,,1,27,,17796,,,1,26,,17797,,,1,67,,17798,,,1,14,,17774,,,1,13,,17799,,,1,54,,17775,,,1,14,,17800,,,1,26,,17801,,,1,66,,17802,,,1,24,,17803,,,1,23,,17804,,,1,63,,17805,,,1,22,,17806,,,1,64,,17807,,,1,22,,17808,,,1,23,,17809,,,1,64,,17810,,,1,21,,17811,,,1,18,,17812,,,1,59,,17813,,,1,28,,17814,,,1,69,,17815,,,1,30,,17816,,,1,68,,17817,,,1,92,,17818,,,1,49,,17819,,,1,92,,17820,,,1,90,,17821,,,1,90,,17822,,,1,88,,17823,,,1
1301,'CPHoliday1',727,,17824,,,1,76,,17825,,,1,36,,17826,,,1,76,,17827,,,1,39,,17828,,,1,80,,17829,,,1,79,,17830,,,1,40,,17831,,,1,81,,17832,,,1,81,,17833,,,1,41,,17834,,,1,81,,17835,,,1,82,,17836,,,1,82,,17837,,,1,41,,17838,,,1,81,,17839,,,1,82,,17840,,,1,42,,17841,,,1,80,,17842,,,1,79,,17843,,,1,40,,17844,,,1,80,,17845,,,1,75,,17846,,,1,36,,17847,,,1,88,,17848,,,1,88,,17849,,,1,88,,17850,,,1
1301,'CPSaturday',536,,17851,,,1,76,,17852,,,1,37,,17853,,,1,77,,17854,,,1,76,,17855,,,1,39,,17856,,,1,78,,17857,,,1,38,,17858,,,1,79,,17859,,,1,73,,17860,,,1,32,,17861,,,1,72,,17862,,,1,32,,17863,,,1,74,,17864,,,1,34,,17865,,,1,74,,17866,,,1,74,,17867,,,1,33,,17868,,,1,74,,17869,,,1,34,,17870,,,1,74,,17871,,,1,32,,17872,,,1,72,,17873,,,1,31,,17874,,,1,72,,17875,,,1,30,,17876,,,1,70,,17877,,,1,30,,17878,,,1,70,,17879,,,1,30,,17880,,,1,66,,17881,,,1,27,,17882,,,1,88,,17883,,,1,88,,17884,,,1,88,,17885,,,1
1301,'CPSunday',727,,17886,,,1,76,,17887,,,1,36,,17888,,,1,76,,17889,,,1,39,,17890,,,1,80,,17891,,,1,79,,17892,,,1,40,,17893,,,1,81,,17894,,,1,81,,17895,,,1,41,,17896,,,1,81,,17897,,,1,82,,17898,,,1,82,,17899,,,1,41,,17900,,,1,81,,17901,,,1,82,,17902,,,1,42,,17903,,,1,80,,17904,,,1,79,,17905,,,1,40,,17906,,,1,80,,17907,,,1,75,,17908,,,1,36,,17909,,,1,88,,17910,,,1,88,,17911,,,1,88,,17912,,,1
1301,'CPWeekday',442,,17916,,,1,61,,17917,,,1,22,,17918,,,1,20,,17919,,,1,64,,17920,,,1,27,,17921,,,1,67,,17922,,,1,27,,17923,,,1,7,,17914,,,1,20,,17924,,,1,55,,17915,,,1,2,,17913,,,1,9,,17925,,,1,27,,17926,,,1,67,,17927,,,1,27,,17928,,,1,67,,17929,,,1,26,,17930,,,1,66,,17931,,,1,24,,17932,,,1,24,,17933,,,1,64,,17934,,,1,24,,17935,,,1,64,,17936,,,1,24,,17937,,,1,27,,17938,,,1,68,,17939,,,1,23,,17940,,,1,60,,17941,,,1,22,,17942,,,1,24,,17943,,,1,66,,17944,,,1,25,,17945,,,1,66,,17946,,,1,25,,17947,,,1,24,,17948,,,1,64,,17949,,,1,21,,17950,,,1,62,,17951,,,1,21,,17952,,,1,21,,17953,,,1,62,,17954,,,1,24,,17955,,,1,69,,17956,,,1,29,,17957,,,1,29,,17958,,,1,67,,17959,,,1,28,,17960,,,1,90,,17961,,,1,89,,17962,,,1,90,,17963,,,1,88,,17964,,,1
4800,'CPHoliday1',611,,23441,,,1,30,,23442,,,1,70,,23443,,,1,36,,23444,,,1,75,,23445,,,1,35,,23446,,,1,76,,23447,,,1,76,,23448,,,1,35,,23449,,,1,79,,23450,,,1,78,,23451,,,1,38,,23452,,,1,78,,23453,,,1,38,,23454,,,1,78,,23455,,,1,78,,23456,,,1,38,,23457,,,1,77,,23458,,,1,78,,23459,,,1,38,,23460,,,1,78,,23461,,,1,38,,23462,,,1,78,,23463,,,1,76,,23464,,,1,35,,23465,,,1,74,,23466,,,1,31,,23467,,,1,70,,23468,,,1,32,,23469,,,1
4800,'CPSaturday',513,,23470,,,1,31,,23471,,,1,70,,23472,,,1,32,,23473,,,1,76,,23474,,,1,35,,23475,,,1,77,,23476,,,1,77,,23477,,,1,36,,23478,,,1,77,,23479,,,1,78,,23480,,,1,38,,23481,,,1,79,,23482,,,1,38,,23483,,,1,78,,23484,,,1,78,,23485,,,1,38,,23486,,,1,80,,23487,,,1,80,,23488,,,1,40,,23489,,,1,80,,23490,,,1,79,,23491,,,1,39,,23492,,,1,80,,23493,,,1,77,,23494,,,1,38,,23495,,,1,76,,23496,,,1,34,,23497,,,1,76,,23498,,,1,73,,23499,,,1,34,,23500,,,1,74,,23501,,,1,33,,23502,,,1,74,,23503,,,1,34,,23504,,,1,74,,23505,,,1,32,,23506,,,1
4800,'CPSunday',611,,23507,,,1,30,,23508,,,1,70,,23509,,,1,36,,23510,,,1,75,,23511,,,1,35,,23512,,,1,76,,23513,,,1,76,,23514,,,1,35,,23515,,,1,79,,23516,,,1,78,,23517,,,1,38,,23518,,,1,78,,23519,,,1,38,,23520,,,1,78,,23521,,,1,78,,23522,,,1,38,,23523,,,1,77,,23524,,,1,78,,23525,,,1,38,,23526,,,1,78,,23527,,,1,38,,23528,,,1,78,,23529,,,1,76,,23530,,,1,35,,23531,,,1,74,,23532,,,1,31,,23533,,,1,70,,23534,,,1,32,,23535,,,1
4800,'CPWeekday',439,,23536,,,1,85,,23537,,,1,81,,23538,,,1,19,,23539,,,1,18,,23540,,,1,61,,23541,,,1,21,,23542,,,1,23,,23543,,,1,62,,23544,,,1,22,,23545,,,1,22,,23546,,,1,62,,23547,,,1,24,,23548,,,1,65,,23549,,,1,29,,23550,,,1,68,,23551,,,1,30,,23552,,,1,70,,23553,,,1,30,,23554,,,1,28,,23555,,,1,68,,23556,,,1,28,,23557,,,1,63,,23558,,,1,22,,23559,,,1,64,,23560,,,1,25,,23561,,,1,24,,23562,,,1,64,,23563,,,1,24,,23564,,,1,64,,23565,,,1,24,,23566,,,1,24,,23567,,,1,64,,23568,,,1,28,,23569,,,1,79,,23570,,,1,80,,23571,,,1,37,,23572,,,1,77,,23573,,,1,34,,23574,,,1,75,,23575,,,1,75,,23576,,,1,42,,23577,,,1,84,,23578,,,1,80,,23579,,,1
