701,'CPHoliday1',2337,,16460,35,,,1
701,'CPSunday',2337,,16461,35,,,1
701,'CPWeekday',239,,16463,35,,,1,81,,16465,35,,,1,81,,16462,35,,,1,44,,16464,35,,,1
701,'MAHoliday1',438,,16503,35,,,1,80,,16502,35,,,1,22,,16504,35,,,1,62,,16493,35,,,1,22,,16512,35,,,1,23,,16494,35,,,1,64,,16492,35,,,1,23,,16491,35,,,1,24,,16507,35,,,1,63,,16490,35,,,1,23,,16516,35,,,1,64,,16495,35,,,1,23,,16483,35,,,1,24,,16482,35,,,1,63,,16506,35,,,1,23,,16486,35,,,1,63,,16515,35,,,1,24,,16496,35,,,1,24,,16477,35,,,1,66,,16475,35,,,1,25,,16508,35,,,1,62,,16474,35,,,1,19,,16485,35,,,1,19,,16514,35,,,1,61,,16497,35,,,1,20,,16478,35,,,1,23,,16473,35,,,1,63,,16505,35,,,1,23,,16469,35,,,1,23,,16487,35,,,1,60,,16513,35,,,1,19,,16498,35,,,1,20,,16476,35,,,1,62,,16470,35,,,1,23,,16509,35,,,1,63,,16468,35,,,1,23,,16484,35,,,1,23,,16518,35,,,1,62,,16501,35,,,1,21,,16479,35,,,1,20,,16471,35,,,1,61,,16510,35,,,1,21,,16467,35,,,1,21,,16488,35,,,1,61,,16517,35,,,1,22,,16500,35,,,1,21,,16480,35,,,1,59,,16472,35,,,1,20,,16511,35,,,1,19,,16466,35,,,1,60,,16489,35,,,1,40,,16499,35,,,1,59,,16481,35,,,1
701,'MASaturday',434,,16576,35,,,1,21,,16575,35,,,1,62,,16574,35,,,1,22,,16573,35,,,1,62,,16572,35,,,1,24,,16571,35,,,1,25,,16570,35,,,1,65,,16568,35,,,1,25,,16569,35,,,1,63,,16567,35,,,1,23,,16566,35,,,1,22,,16565,35,,,1,64,,16560,35,,,1,26,,16561,35,,,1,68,,16556,35,,,1,27,,16562,35,,,1,26,,16555,35,,,1,66,,16554,35,,,1,26,,16553,35,,,1,67,,16552,35,,,1,26,,16551,35,,,1,60,,16550,35,,,1,20,,16557,35,,,1,20,,16546,35,,,1,60,,16544,35,,,1,20,,16542,35,,,1,20,,16543,35,,,1,60,,16541,35,,,1,22,,16540,35,,,1,22,,16539,35,,,1,63,,16558,35,,,1,23,,16547,35,,,1,23,,16535,35,,,1,62,,16534,35,,,1,20,,16533,35,,,1,20,,16536,35,,,1,59,,16532,35,,,1,19,,16531,35,,,1,20,,16559,35,,,1,59,,16545,35,,,1,22,,16530,35,,,1,21,,16529,35,,,1,61,,16526,35,,,1,21,,16537,35,,,1,60,,16527,35,,,1,19,,16524,35,,,1,19,,16564,35,,,1,19,,16549,35,,,1,58,,16523,35,,,1,19,,16522,35,,,1,19,,16521,35,,,1,59,,16538,35,,,1,19,,16528,35,,,1,19,,16520,35,,,1,58,,16563,35,,,1,19,,16548,35,,,1,19,,16525,35,,,1,57,,16519,35,,,1,18,,16577,35,,,1
701,'MASunday',438,,16615,35,,,1,80,,16614,35,,,1,22,,16616,35,,,1,62,,16605,35,,,1,22,,16624,35,,,1,23,,16606,35,,,1,64,,16604,35,,,1,23,,16603,35,,,1,24,,16619,35,,,1,63,,16602,35,,,1,23,,16628,35,,,1,64,,16607,35,,,1,23,,16595,35,,,1,24,,16594,35,,,1,63,,16618,35,,,1,23,,16598,35,,,1,63,,16627,35,,,1,24,,16608,35,,,1,24,,16589,35,,,1,66,,16587,35,,,1,25,,16620,35,,,1,62,,16586,35,,,1,19,,16597,35,,,1,19,,16626,35,,,1,61,,16609,35,,,1,20,,16590,35,,,1,23,,16585,35,,,1,63,,16617,35,,,1,23,,16581,35,,,1,23,,16599,35,,,1,60,,16625,35,,,1,19,,16610,35,,,1,20,,16588,35,,,1,62,,16582,35,,,1,23,,16621,35,,,1,63,,16580,35,,,1,23,,16596,35,,,1,23,,16630,35,,,1,62,,16613,35,,,1,21,,16591,35,,,1,20,,16583,35,,,1,61,,16622,35,,,1,21,,16579,35,,,1,21,,16600,35,,,1,61,,16629,35,,,1,22,,16612,35,,,1,21,,16592,35,,,1,59,,16584,35,,,1,20,,16623,35,,,1,19,,16578,35,,,1,60,,16601,35,,,1,40,,16611,35,,,1,59,,16593,35,,,1
701,'MAWeekday',510,,16631,35,,,1,21,,16632,35,,,1,19,,16633,35,,,1,60,,16634,35,,,1,20,,16635,35,,,1,23,,16636,35,,,1,63,,16637,35,,,1,24,,16638,35,,,1,66,,16639,35,,,1,27,,16640,35,,,1,26,,16641,35,,,1,59,,16642,35,,,1,20,,16643,35,,,1,62,,16644,35,,,1,23,,16645,35,,,1,23,,16646,35,,,1,66,,16647,35,,,1,30,,16648,35,,,1,70,,16649,35,,,1,25,,16650,35,,,1,67,,16651,35,,,1,25,,16652,35,,,1,25,,16653,35,,,1,65,,16654,35,,,1,23,,16655,35,,,1,64,,16656,35,,,1,25,,16657,35,,,1,24,,16658,35,,,1,67,,16659,35,,,1,25,,16660,35,,,1,66,,16661,35,,,1,26,,16662,35,,,1,64,,16663,35,,,1,24,,16664,35,,,1,25,,16665,35,,,1,64,,16666,35,,,1,23,,16667,35,,,1,64,,16668,35,,,1,21,,16669,35,,,1,26,,16670,35,,,1,65,,16671,35,,,1,24,,16672,35,,,1,64,,16673,35,,,1,33,,16674,35,,,1,73,,16675,35,,,1,32,,16676,35,,,1,76,,16677,35,,,1,32,,16678,35,,,1,74,,16679,35,,,1,31,,16680,35,,,1
3901,'CPHoliday1',711,,22319,9,,,1,40,,22314,9,,,1,80,,22308,9,,,1,80,,22305,9,,,1,42,,22320,9,,,1,82,,22317,9,,,1,84,,22309,9,,,1,85,,22304,9,,,1,45,,22321,9,,,1,85,,22315,9,,,1,85,,22310,9,,,1,85,,22303,9,,,1,45,,22322,9,,,1,85,,22316,9,,,1,85,,22311,9,,,1,85,,22302,9,,,1,45,,22323,9,,,1,84,,22312,9,,,1,82,,22307,9,,,1,42,,22301,9,,,1,79,,22318,9,,,1,80,,22313,9,,,1,36,,22306,9,,,1,70,,22300,9,,,1
3901,'CPSaturday',854,,22329,9,,,1,68,,22328,9,,,1,220,,22330,9,,,1,68,,22327,9,,,1,229,,22331,9,,,1,70,,22326,9,,,1,229,,22332,9,,,1,70,,22325,9,,,1,228,,22333,9,,,1,66,,22324,9,,,1
3901,'CPSunday',711,,22353,9,,,1,40,,22348,9,,,1,80,,22342,9,,,1,80,,22339,9,,,1,42,,22354,9,,,1,82,,22351,9,,,1,84,,22343,9,,,1,85,,22338,9,,,1,45,,22355,9,,,1,85,,22349,9,,,1,85,,22344,9,,,1,85,,22337,9,,,1,45,,22356,9,,,1,85,,22350,9,,,1,85,,22345,9,,,1,85,,22336,9,,,1,45,,22357,9,,,1,84,,22346,9,,,1,82,,22341,9,,,1,42,,22335,9,,,1,79,,22352,9,,,1,80,,22347,9,,,1,36,,22340,9,,,1,70,,22334,9,,,1
3901,'MASaturday',707,,22378,9,,,1,26,,22374,9,,,1,26,,22373,9,,,1,67,,22367,9,,,1,124,,22375,9,,,1,68,,22370,9,,,1,28,,22366,9,,,1,68,,22364,9,,,1,124,,22376,9,,,1,70,,22371,9,,,1,30,,22362,9,,,1,71,,22358,9,,,1,129,,22377,9,,,1,70,,22368,9,,,1,30,,22363,9,,,1,70,,22359,9,,,1,130,,22379,9,,,1,70,,22369,9,,,1,30,,22361,9,,,1,70,,22360,9,,,1,119,,22380,9,,,1,24,,22372,9,,,1,60,,22365,9,,,1
3901,'MAWeekday',440,,22381,9,,,1,15,,22382,9,,,1,56,,22383,9,,,1,15,,22384,9,,,1,16,,22385,9,,,1,58,,22386,9,,,1,19,,22387,9,,,1,22,,22388,9,,,1,64,,22389,9,,,1,24,,22390,9,,,1,23,,22391,9,,,1,60,,22392,9,,,1,19,,22393,9,,,1,19,,22394,9,,,1,62,,22395,9,,,1,24,,22396,9,,,1,75,,22397,9,,,1,36,,22398,9,,,1,76,,22399,9,,,1,36,,22400,9,,,1,76,,22401,9,,,1,75,,22402,9,,,1,36,,22403,9,,,1,61,,22404,9,,,1,22,,22405,9,,,1,20,,22406,9,,,1,61,,22407,9,,,1,21,,22408,9,,,1,21,,22409,9,,,1,62,,22410,9,,,1,22,,22411,9,,,1,22,,22412,9,,,1,59,,22413,9,,,1,17,,22414,9,,,1,18,,22415,9,,,1,59,,22416,9,,,1,20,,22417,9,,,1,19,,22418,9,,,1,61,,22419,9,,,1,22,,22420,9,,,1,23,,22421,9,,,1,73,,22422,9,,,1,79,,22423,9,,,1,39,,22424,9,,,1,78,,22425,9,,,1,77,,22426,9,,,1,38,,22427,9,,,1,78,,22428,9,,,1,38,,22429,9,,,1
4300,'CPWeekday',456,,22973,10,,,1,80,,22980,10,,,1,80,,22976,10,,,1,40,,22978,10,,,1,80,,22974,10,,,1,80,,22981,10,,,1,40,,22977,10,,,1,79,,22979,10,,,1,80,,22975,10,,,1
