500,'MAHoliday1',616,,15459,,,1,26,,15460,,,1,66,,15461,,,1,28,,15462,,,1,66,,15463,,,1,30,,15464,,,1,71,,15465,,,1,32,,15466,,,1,72,,15467,,,1,30,,15468,,,1,72,,15469,,,1,32,,15470,,,1,72,,15471,,,1,32,,15472,,,1,72,,15473,,,1,34,,15474,,,1,74,,15475,,,1,34,,15476,,,1,74,,15477,,,1,74,,15478,,,1,34,,15479,,,1,74,,15480,,,1,34,,15481,,,1,72,,15482,,,1,32,,15483,,,1,72,,15484,,,1,30,,15485,,,1,70,,15486,,,1,30,,15487,,,1,70,,15488,,,1
500,'MASaturday',434,,15489,,,1,68,,15490,,,1,26,,15491,,,1,28,,15492,,,1,66,,15493,,,1,28,,15494,,,1,68,,15495,,,1,28,,15496,,,1,68,,15497,,,1,28,,15498,,,1,68,,15499,,,1,28,,15500,,,1,65,,15501,,,1,25,,15502,,,1,25,,15503,,,1,66,,15504,,,1,27,,15505,,,1,68,,15506,,,1,28,,15507,,,1,68,,15508,,,1,28,,15509,,,1,68,,15510,,,1,28,,15511,,,1,68,,15512,,,1,28,,15513,,,1,28,,15514,,,1,68,,15515,,,1,28,,15516,,,1,68,,15517,,,1,27,,15518,,,1,67,,15519,,,1,26,,15520,,,1,66,,15521,,,1,26,,15522,,,1,66,,15523,,,1,26,,15524,,,1,26,,15525,,,1,68,,15526,,,1,82,,15527,,,1,42,,15528,,,1,76,,15529,,,1,36,,15530,,,1,76,,15531,,,1
500,'MASunday',616,,15532,,,1,26,,15533,,,1,66,,15534,,,1,28,,15535,,,1,66,,15536,,,1,30,,15537,,,1,71,,15538,,,1,32,,15539,,,1,72,,15540,,,1,30,,15541,,,1,72,,15542,,,1,32,,15543,,,1,72,,15544,,,1,32,,15545,,,1,72,,15546,,,1,34,,15547,,,1,74,,15548,,,1,34,,15549,,,1,74,,15550,,,1,74,,15551,,,1,34,,15552,,,1,74,,15553,,,1,34,,15554,,,1,72,,15555,,,1,32,,15556,,,1,72,,15557,,,1,30,,15558,,,1,70,,15559,,,1,30,,15560,,,1,70,,15561,,,1
500,'MAWeekday',402,,15562,,,1,29,,15564,,,1,25,,15563,,,1,54,,15571,,,1,14,,15567,,,1,14,,15583,,,1,14,,15590,,,1,52,,15565,,,1,12,,15572,,,1,14,,15573,,,1,15,,15566,,,1,55,,15591,,,1,15,,15570,,,1,15,,15579,,,1,15,,15568,,,1,55,,15588,,,1,15,,15597,,,1,15,,15569,,,1,15,,15574,,,1,55,,15575,,,1,20,,15581,,,1,28,,15576,,,1,68,,15582,,,1,28,,15595,,,1,68,,15578,,,1,28,,15577,,,1,68,,15580,,,1,30,,15584,,,1,70,,15596,,,1,30,,15585,,,1,70,,15587,,,1,30,,15586,,,1,70,,15589,,,1,30,,15592,,,1,20,,15600,,,1,58,,15598,,,1,15,,15607,,,1,15,,15594,,,1,55,,15616,,,1,15,,15593,,,1,15,,15599,,,1,15,,15605,,,1,55,,15608,,,1,15,,15601,,,1,15,,15612,,,1,15,,15606,,,1,55,,15603,,,1,20,,15610,,,1,20,,15617,,,1,18,,15602,,,1,58,,15604,,,1,18,,15609,,,1,18,,15614,,,1,58,,15611,,,1,20,,15613,,,1,20,,15618,,,1,80,,15615,,,1,79,,15619,,,1,40,,15620,,,1,80,,15621,,,1,80,,15622,,,1,46,,15623,,,1
2301,'CPHoliday1',730,,19454,,,1,29,,19455,,,1,68,,19456,,,1,28,,19457,,,1,68,,19458,,,1,28,,19459,,,1,68,,19460,,,1,28,,19461,,,1,62,,19462,,,1,22,,19463,,,1,24,,19464,,,1,64,,19465,,,1,24,,19466,,,1,64,,19467,,,1,24,,19433,,,1,24,,19434,,,1,64,,19435,,,1,24,,19436,,,1,65,,19437,,,1,25,,19438,,,1,25,,19439,,,1,65,,19440,,,1,25,,19441,,,1,65,,19442,,,1,25,,19443,,,1,65,,19444,,,1,25,,19445,,,1,22,,19446,,,1,62,,19447,,,1,30,,19448,,,1,70,,19449,,,1,30,,19450,,,1,70,,19451,,,1,30,,19452,,,1,72,,19453,,,1
2301,'CPSaturday',531,,19468,,,1,26,,19469,,,1,66,,19470,,,1,28,,19471,,,1,68,,19472,,,1,28,,19473,,,1,68,,19474,,,1,28,,19475,,,1,68,,19476,,,1,22,,19477,,,1,22,,19478,,,1,62,,19479,,,1,22,,19480,,,1,64,,19481,,,1,25,,19482,,,1,25,,19483,,,1,65,,19484,,,1,25,,19485,,,1,65,,19486,,,1,25,,19487,,,1,26,,19488,,,1,66,,19489,,,1,26,,19490,,,1,66,,19491,,,1,26,,19492,,,1,66,,19493,,,1,26,,19494,,,1,66,,19495,,,1,26,,19496,,,1,26,,19497,,,1,66,,19498,,,1,26,,19499,,,1,64,,19500,,,1,24,,19501,,,1,24,,19502,,,1,64,,19503,,,1,30,,19504,,,1,70,,19505,,,1,28,,19506,,,1,68,,19507,,,1,28,,19508,,,1,66,,19509,,,1,26,,19510,,,1,65,,19511,,,1,25,,19512,,,1,25,,19513,,,1,64,,19514,,,1
2301,'CPSunday',730,,19536,,,1,29,,19537,,,1,68,,19538,,,1,28,,19539,,,1,68,,19540,,,1,28,,19541,,,1,68,,19542,,,1,28,,19543,,,1,62,,19544,,,1,22,,19545,,,1,24,,19546,,,1,64,,19547,,,1,24,,19548,,,1,64,,19549,,,1,24,,19515,,,1,24,,19516,,,1,64,,19517,,,1,24,,19518,,,1,65,,19519,,,1,25,,19520,,,1,25,,19521,,,1,65,,19522,,,1,25,,19523,,,1,65,,19524,,,1,25,,19525,,,1,65,,19526,,,1,25,,19527,,,1,22,,19528,,,1,62,,19529,,,1,30,,19530,,,1,70,,19531,,,1,30,,19532,,,1,70,,19533,,,1,30,,19534,,,1,72,,19535,,,1
2301,'CPWeekday',453,,19589,,,1,64,,19575,,,1,28,,19574,,,1,62,,19573,,,1,22,,19594,,,1,22,,19581,,,1,64,,19563,,,1,24,,19559,,,1,64,,19591,,,1,24,,19578,,,1,26,,19560,,,1,66,,19557,,,1,26,,19592,,,1,66,,19579,,,1,26,,19561,,,1,66,,19558,,,1,26,,19593,,,1,26,,19582,,,1,62,,19564,,,1,24,,19556,,,1,66,,19590,,,1,26,,19580,,,1,26,,19562,,,1,66,,19555,,,1,26,,19595,,,1,4,,19550,,,1,62,,19577,,,1,30,,19565,,,1,66,,19554,,,1,28,,19596,,,1,68,,19583,,,1,28,,19566,,,1,66,,19552,,,1,24,,19597,,,1,28,,19584,,,1,68,,19567,,,1,30,,19553,,,1,70,,19585,,,1,30,,19570,,,1,70,,19551,,,1,28,,19588,,,1,80,,19568,,,1,80,,19586,,,1,40,,19569,,,1,79,,19587,,,1,76,,19572,,,1,34,,19576,,,1,74,,19571,,,1
3100,'CPHoliday1',612,,20724,,,1,103,,20725,,,1,30,,20726,,,1,70,,20727,,,1,30,,20728,,,1,70,,20729,,,1,30,,20730,,,1,70,,20731,,,1,30,,20732,,,1,70,,20733,,,1,30,,20734,,,1,70,,20735,,,1,30,,20736,,,1,70,,20737,,,1,28,,20738,,,1,72,,20739,,,1,30,,20740,,,1,70,,20741,,,1,33,,20742,,,1,70,,20743,,,1,30,,20744,,,1,70,,20745,,,1,30,,20746,,,1,70,,20747,,,1,30,,20748,,,1,70,,20749,,,1,30,,20750,,,1,70,,20751,,,1,30,,20752,,,1,70,,20753,,,1
3100,'CPSaturday',506,,20754,,,1,100,,20755,,,1,100,,20756,,,1,30,,20757,,,1,77,,20758,,,1,34,,20759,,,1,68,,20760,,,1,30,,20761,,,1,71,,20762,,,1,26,,20763,,,1,68,,20764,,,1,35,,20765,,,1,70,,20766,,,1,30,,20767,,,1,70,,20768,,,1,30,,20769,,,1,70,,20770,,,1,30,,20771,,,1,73,,20772,,,1,30,,20773,,,1,70,,20774,,,1,30,,20775,,,1,70,,20776,,,1,30,,20777,,,1,70,,20778,,,1,30,,20779,,,1,70,,20780,,,1,30,,20781,,,1,70,,20782,,,1,30,,20783,,,1,70,,20784,,,1,30,,20785,,,1,70,,20786,,,1,32,,20787,,,1
3100,'CPSunday',612,,20788,,,1,103,,20789,,,1,30,,20790,,,1,70,,20791,,,1,30,,20792,,,1,70,,20793,,,1,30,,20794,,,1,70,,20795,,,1,30,,20796,,,1,70,,20797,,,1,30,,20798,,,1,70,,20799,,,1,30,,20800,,,1,70,,20801,,,1,28,,20802,,,1,72,,20803,,,1,30,,20804,,,1,70,,20805,,,1,33,,20806,,,1,70,,20807,,,1,30,,20808,,,1,70,,20809,,,1,30,,20810,,,1,70,,20811,,,1,30,,20812,,,1,70,,20813,,,1,30,,20814,,,1,70,,20815,,,1,30,,20816,,,1,70,,20817,,,1
3100,'CPWeekday',401,,20818,,,1,30,,20819,,,1,70,,20820,,,1,30,,20821,,,1,74,,20822,,,1,28,,20823,,,1,72,,20824,,,1,24,,20825,,,1,18,,20826,,,1,60,,20827,,,1,26,,20828,,,1,16,,20829,,,1,63,,20830,,,1,23,,20831,,,1,74,,20832,,,1,30,,20833,,,1,70,,20834,,,1,30,,20835,,,1,70,,20836,,,1,30,,20837,,,1,70,,20838,,,1,30,,20839,,,1,70,,20840,,,1,32,,20841,,,1,73,,20842,,,1,15,,20843,,,1,20,,20844,,,1,60,,20845,,,1,23,,20846,,,1,19,,20847,,,1,58,,20848,,,1,23,,20849,,,1,17,,20850,,,1,60,,20851,,,1,19,,20852,,,1,23,,20853,,,1,64,,20854,,,1,30,,20855,,,1,68,,20856,,,1,30,,20857,,,1,70,,20858,,,1,30,,20859,,,1,70,,20860,,,1,30,,20861,,,1,70,,20862,,,1,30,,20863,,,1,70,,20864,,,1,30,,20865,,,1,70,,20866,,,1,30,,20867,,,1
