700,'CPHoliday1',2246,,16239,56,4,,1
700,'CPSunday',2246,,16240,56,4,,1
700,'CPWeekday',317,,16241,56,4,,1,42,,16242,56,4,,1,84,,16243,56,4,,1,83,,16244,56,4,,1
700,'MAHoliday1',515,,16281,56,4,,1,21,,16294,56,4,,1,23,,16277,56,4,,1,62,,16272,56,4,,1,21,,16271,56,4,,1,62,,16287,56,4,,1,25,,16270,56,4,,1,23,,16296,56,4,,1,63,,16278,56,4,,1,23,,16269,56,4,,1,63,,16266,56,4,,1,23,,16288,56,4,,1,23,,16267,56,4,,1,64,,16295,56,4,,1,25,,16279,56,4,,1,65,,16261,56,4,,1,26,,16260,56,4,,1,24,,16289,56,4,,1,65,,16268,56,4,,1,24,,16293,56,4,,1,64,,16280,56,4,,1,25,,16259,56,4,,1,25,,16254,56,4,,1,65,,16286,56,4,,1,22,,16253,56,4,,1,61,,16265,56,4,,1,21,,16292,56,4,,1,22,,16273,56,4,,1,61,,16256,56,4,,1,20,,16250,56,4,,1,22,,16283,56,4,,1,62,,16248,56,4,,1,22,,16262,56,4,,1,22,,16290,56,4,,1,62,,16275,56,4,,1,20,,16257,56,4,,1,20,,16249,56,4,,1,61,,16282,56,4,,1,21,,16245,56,4,,1,21,,16264,56,4,,1,62,,16291,56,4,,1,21,,16274,56,4,,1,63,,16258,56,4,,1,22,,16251,56,4,,1,20,,16284,56,4,,1,61,,16246,56,4,,1,19,,16263,56,4,,1,77,,16276,56,4,,1,17,,16255,56,4,,1,20,,16252,56,4,,1,59,,16285,56,4,,1,19,,16247,56,4,,1,20,,16297,56,4,,1
700,'MASaturday',442,,16355,56,4,,1,65,,16354,56,4,,1,24,,16353,56,4,,1,27,,16352,56,4,,1,62,,16351,56,4,,1,23,,16350,56,4,,1,62,,16349,56,4,,1,23,,16348,56,4,,1,23,,16347,56,4,,1,65,,16346,56,4,,1,27,,16345,56,4,,1,67,,16344,56,4,,1,26,,16338,56,4,,1,65,,16337,56,4,,1,25,,16335,56,4,,1,25,,16332,56,4,,1,66,,16333,56,4,,1,25,,16334,56,4,,1,67,,16339,56,4,,1,28,,16331,56,4,,1,69,,16330,56,4,,1,29,,16324,56,4,,1,67,,16329,56,4,,1,27,,16323,56,4,,1,21,,16322,56,4,,1,62,,16341,56,4,,1,21,,16328,56,4,,1,23,,16321,56,4,,1,62,,16318,56,4,,1,18,,16316,56,4,,1,20,,16319,56,4,,1,60,,16314,56,4,,1,21,,16313,56,4,,1,22,,16340,56,4,,1,61,,16325,56,4,,1,22,,16312,56,4,,1,62,,16310,56,4,,1,22,,16311,56,4,,1,19,,16317,56,4,,1,59,,16308,56,4,,1,19,,16306,56,4,,1,19,,16342,56,4,,1,58,,16326,56,4,,1,18,,16309,56,4,,1,20,,16303,56,4,,1,18,,16302,56,4,,1,59,,16320,56,4,,1,20,,16307,56,4,,1,20,,16301,56,4,,1,60,,16343,56,4,,1,18,,16327,56,4,,1,20,,16304,56,4,,1,56,,16299,56,4,,1,17,,16300,56,4,,1,19,,16315,56,4,,1,58,,16305,56,4,,1,19,,16298,56,4,,1,17,,16336,56,4,,1,18,,16356,56,4,,1
700,'MASunday',515,,16393,56,4,,1,21,,16406,56,4,,1,23,,16389,56,4,,1,62,,16384,56,4,,1,21,,16383,56,4,,1,62,,16399,56,4,,1,25,,16382,56,4,,1,23,,16408,56,4,,1,63,,16390,56,4,,1,23,,16381,56,4,,1,63,,16378,56,4,,1,23,,16400,56,4,,1,23,,16379,56,4,,1,64,,16407,56,4,,1,25,,16391,56,4,,1,65,,16373,56,4,,1,26,,16372,56,4,,1,24,,16401,56,4,,1,65,,16380,56,4,,1,24,,16405,56,4,,1,64,,16392,56,4,,1,25,,16371,56,4,,1,25,,16366,56,4,,1,65,,16398,56,4,,1,22,,16365,56,4,,1,61,,16377,56,4,,1,21,,16404,56,4,,1,22,,16385,56,4,,1,61,,16368,56,4,,1,20,,16362,56,4,,1,22,,16395,56,4,,1,62,,16360,56,4,,1,22,,16374,56,4,,1,22,,16402,56,4,,1,62,,16387,56,4,,1,20,,16369,56,4,,1,20,,16361,56,4,,1,61,,16394,56,4,,1,21,,16357,56,4,,1,21,,16376,56,4,,1,62,,16403,56,4,,1,21,,16386,56,4,,1,63,,16370,56,4,,1,22,,16363,56,4,,1,20,,16396,56,4,,1,61,,16358,56,4,,1,19,,16375,56,4,,1,77,,16388,56,4,,1,17,,16367,56,4,,1,20,,16364,56,4,,1,59,,16397,56,4,,1,19,,16359,56,4,,1,20,,16409,56,4,,1
700,'MAWeekday',552,,16410,56,4,,1,64,,16411,56,4,,1,26,,16412,56,4,,1,66,,16413,56,4,,1,22,,16414,56,4,,1,22,,16415,56,4,,1,60,,16416,56,4,,1,23,,16417,56,4,,1,24,,16418,56,4,,1,66,,16419,56,4,,1,24,,16420,56,4,,1,68,,16421,56,4,,1,28,,16422,56,4,,1,71,,16423,56,4,,1,25,,16424,56,4,,1,65,,16425,56,4,,1,25,,16426,56,4,,1,26,,16427,56,4,,1,66,,16428,56,4,,1,20,,16429,56,4,,1,61,,16430,56,4,,1,23,,16431,56,4,,1,26,,16432,56,4,,1,65,,16433,56,4,,1,26,,16434,56,4,,1,66,,16435,56,4,,1,26,,16436,56,4,,1,65,,16437,56,4,,1,25,,16438,56,4,,1,24,,16439,56,4,,1,65,,16440,56,4,,1,23,,16441,56,4,,1,65,,16442,56,4,,1,25,,16443,56,4,,1,24,,16444,56,4,,1,63,,16445,56,4,,1,24,,16446,56,4,,1,64,,16447,56,4,,1,21,,16448,56,4,,1,22,,16449,56,4,,1,64,,16450,56,4,,1,33,,16451,56,4,,1,66,,16452,56,4,,1,25,,16453,56,4,,1,68,,16454,56,4,,1,34,,16455,56,4,,1,73,,16456,56,4,,1,31,,16457,56,4,,1,68,,16458,56,4,,1,29,,16459,56,4,,1
701,'CPHoliday1',2258,,16460,1,,,1
701,'CPSunday',2258,,16461,1,,,1
701,'CPWeekday',205,,16463,1,,,1,40,,16465,1,,,1,80,,16462,1,,,1,82,,16464,1,,,1
701,'MAHoliday1',359,,16503,1,,,1,80,,16502,1,,,1,62,,16504,1,,,1,22,,16493,1,,,1,22,,16512,1,,,1,62,,16494,1,,,1,23,,16492,1,,,1,23,,16491,1,,,1,63,,16507,1,,,1,23,,16490,1,,,1,63,,16516,1,,,1,23,,16495,1,,,1,23,,16483,1,,,1,63,,16482,1,,,1,23,,16506,1,,,1,23,,16486,1,,,1,63,,16515,1,,,1,24,,16496,1,,,1,65,,16477,1,,,1,26,,16475,1,,,1,66,,16508,1,,,1,22,,16474,1,,,1,19,,16485,1,,,1,59,,16514,1,,,1,20,,16497,1,,,1,20,,16478,1,,,1,63,,16473,1,,,1,23,,16505,1,,,1,23,,16469,1,,,1,63,,16487,1,,,1,20,,16513,1,,,1,20,,16498,1,,,1,60,,16476,1,,,1,22,,16470,1,,,1,23,,16509,1,,,1,63,,16468,1,,,1,23,,16484,1,,,1,63,,16518,1,,,1,23,,16501,1,,,1,21,,16479,1,,,1,61,,16471,1,,,1,21,,16510,1,,,1,21,,16467,1,,,1,61,,16488,1,,,1,21,,16517,1,,,1,21,,16500,1,,,1,61,,16480,1,,,1,20,,16472,1,,,1,20,,16511,1,,,1,60,,16466,1,,,1,20,,16489,1,,,1,80,,16499,1,,,1,20,,16481,1,,,1
701,'MASaturday',352,,16576,1,,,1,61,,16575,1,,,1,21,,16574,1,,,1,22,,16573,1,,,1,62,,16572,1,,,1,24,,16571,1,,,1,64,,16570,1,,,1,23,,16568,1,,,1,23,,16569,1,,,1,63,,16567,1,,,1,23,,16566,1,,,1,63,,16565,1,,,1,24,,16560,1,,,1,26,,16561,1,,,1,67,,16556,1,,,1,27,,16562,1,,,1,66,,16555,1,,,1,26,,16554,1,,,1,66,,16553,1,,,1,26,,16552,1,,,1,26,,16551,1,,,1,60,,16550,1,,,1,20,,16557,1,,,1,20,,16546,1,,,1,60,,16544,1,,,1,20,,16542,1,,,1,20,,16543,1,,,1,60,,16541,1,,,1,22,,16540,1,,,1,22,,16539,1,,,1,63,,16558,1,,,1,23,,16547,1,,,1,63,,16535,1,,,1,22,,16534,1,,,1,20,,16533,1,,,1,60,,16536,1,,,1,20,,16532,1,,,1,20,,16531,1,,,1,60,,16559,1,,,1,20,,16545,1,,,1,22,,16530,1,,,1,62,,16529,1,,,1,22,,16526,1,,,1,21,,16537,1,,,1,60,,16527,1,,,1,20,,16524,1,,,1,20,,16564,1,,,1,59,,16549,1,,,1,19,,16523,1,,,1,19,,16522,1,,,1,59,,16521,1,,,1,19,,16538,1,,,1,19,,16528,1,,,1,59,,16520,1,,,1,19,,16563,1,,,1,19,,16548,1,,,1,59,,16525,1,,,1,17,,16519,1,,,1,18,,16577,1,,,1
701,'MASunday',359,,16615,1,,,1,80,,16614,1,,,1,62,,16616,1,,,1,22,,16605,1,,,1,22,,16624,1,,,1,62,,16606,1,,,1,23,,16604,1,,,1,23,,16603,1,,,1,63,,16619,1,,,1,23,,16602,1,,,1,63,,16628,1,,,1,23,,16607,1,,,1,23,,16595,1,,,1,63,,16594,1,,,1,23,,16618,1,,,1,23,,16598,1,,,1,63,,16627,1,,,1,24,,16608,1,,,1,65,,16589,1,,,1,26,,16587,1,,,1,66,,16620,1,,,1,22,,16586,1,,,1,19,,16597,1,,,1,59,,16626,1,,,1,20,,16609,1,,,1,20,,16590,1,,,1,63,,16585,1,,,1,23,,16617,1,,,1,23,,16581,1,,,1,63,,16599,1,,,1,20,,16625,1,,,1,20,,16610,1,,,1,60,,16588,1,,,1,22,,16582,1,,,1,23,,16621,1,,,1,63,,16580,1,,,1,23,,16596,1,,,1,63,,16630,1,,,1,23,,16613,1,,,1,21,,16591,1,,,1,61,,16583,1,,,1,21,,16622,1,,,1,21,,16579,1,,,1,61,,16600,1,,,1,21,,16629,1,,,1,21,,16612,1,,,1,61,,16592,1,,,1,20,,16584,1,,,1,20,,16623,1,,,1,60,,16578,1,,,1,20,,16601,1,,,1,80,,16611,1,,,1,20,,16593,1,,,1
701,'MAWeekday',431,,16631,1,,,1,18,,16632,1,,,1,58,,16633,1,,,1,18,,16634,1,,,1,18,,16635,1,,,1,62,,16636,1,,,1,22,,16637,1,,,1,24,,16638,1,,,1,66,,16639,1,,,1,26,,16640,1,,,1,66,,16641,1,,,1,20,,16642,1,,,1,20,,16643,1,,,1,63,,16644,1,,,1,24,,16645,1,,,1,64,,16646,1,,,1,26,,16647,1,,,1,30,,16648,1,,,1,70,,16649,1,,,1,25,,16650,1,,,1,65,,16651,1,,,1,25,,16652,1,,,1,65,,16653,1,,,1,25,,16654,1,,,1,22,,16655,1,,,1,62,,16656,1,,,1,24,,16657,1,,,1,64,,16658,1,,,1,26,,16659,1,,,1,26,,16660,1,,,1,66,,16661,1,,,1,26,,16662,1,,,1,66,,16663,1,,,1,26,,16664,1,,,1,65,,16665,1,,,1,25,,16666,1,,,1,24,,16667,1,,,1,64,,16668,1,,,1,25,,16669,1,,,1,65,,16670,1,,,1,25,,16671,1,,,1,25,,16672,1,,,1,65,,16673,1,,,1,34,,16674,1,,,1,74,,16675,1,,,1,74,,16676,1,,,1,36,,16677,1,,,1,74,,16678,1,,,1,34,,16679,1,,,1,74,,16680,1,,,1
