4500,'CPHoliday1',818,,37208,20,,,1,35,,37209,20,,,1,75,,37210,20,,,1,75,,37211,20,,,1,36,,37212,20,,,1,75,,37213,20,,,1,40,,37214,20,,,1,80,,37215,20,,,1,81,,37216,20,,,1,40,,37217,20,,,1,81,,37218,20,,,1,80,,37219,20,,,1,40,,37220,20,,,1,80,,37221,20,,,1,80,,37222,20,,,1,38,,37223,20,,,1,80,,37224,20,,,1,80,,37225,20,,,1,40,,37226,20,,,1,80,,37227,20,,,1,79,,37228,20,,,1,35,,37229,20,,,1,75,,37230,20,,,1
4500,'CPSaturday',644,,37231,20,,,1,75,,37232,20,,,1,35,,37233,20,,,1,75,,37234,20,,,1,80,,37235,20,,,1,40,,37236,20,,,1,80,,37237,20,,,1,80,,37238,20,,,1,40,,37239,20,,,1,83,,37240,20,,,1,83,,37241,20,,,1,42,,37242,20,,,1,82,,37243,20,,,1,83,,37244,20,,,1,82,,37245,20,,,1,42,,37246,20,,,1,82,,37247,20,,,1,82,,37248,20,,,1,41,,37249,20,,,1,80,,37250,20,,,1,78,,37251,20,,,1,37,,37252,20,,,1,78,,37253,20,,,1,35,,37254,20,,,1,84,,37255,20,,,1
4500,'CPSunday',818,,37256,20,,,1,35,,37257,20,,,1,75,,37258,20,,,1,75,,37259,20,,,1,36,,37260,20,,,1,75,,37261,20,,,1,40,,37262,20,,,1,80,,37263,20,,,1,81,,37264,20,,,1,40,,37265,20,,,1,81,,37266,20,,,1,80,,37267,20,,,1,40,,37268,20,,,1,80,,37269,20,,,1,80,,37270,20,,,1,38,,37271,20,,,1,80,,37272,20,,,1,80,,37273,20,,,1,40,,37274,20,,,1,80,,37275,20,,,1,79,,37276,20,,,1,35,,37277,20,,,1,75,,37278,20,,,1
4500,'CPWeekday',504,,37280,20,,,1,40,,37281,20,,,1,70,,37283,20,,,1,39,,37285,20,,,1,84,,37287,20,,,1,80,,37289,20,,,1,34,,37291,20,,,1,82,,37293,20,,,1,18,,37294,20,,,1,64,,37295,20,,,1,32,,37296,20,,,1,72,,37297,20,,,1,32,,37298,20,,,1,72,,37299,20,,,1,32,,37300,20,,,1,70,,37301,20,,,1,30,,37302,20,,,1,89,,37304,20,,,1,75,,37306,20,,,1,81,,37308,20,,,1,38,,37310,20,,,1,65,,37279,20,,,1,11,,37312,20,,,1,35,,37314,20,,,1,74,,37316,20,,,1,82,,37318,20,,,1,22,,37319,20,,,1,21,,37320,20,,,1,62,,37321,20,,,1,22,,37322,20,,,1,23,,37323,20,,,1,68,,37324,20,,,1,28,,37325,20,,,1,66,,37326,20,,,1,28,,37327,20,,,1,68,,37328,20,,,1,30,,37329,20,,,1,69,,37330,20,,,1
4501,'CPHoliday1',818,,37331,33,,,1,35,,37332,33,,,1,76,,37333,33,,,1,76,,37334,33,,,1,35,,37335,33,,,1,77,,37336,33,,,1,40,,37337,33,,,1,80,,37338,33,,,1,80,,37339,33,,,1,41,,37340,33,,,1,80,,37341,33,,,1,80,,37342,33,,,1,40,,37343,33,,,1,80,,37344,33,,,1,80,,37345,33,,,1,38,,37346,33,,,1,79,,37347,33,,,1,80,,37348,33,,,1,40,,37349,33,,,1,79,,37350,33,,,1,79,,37351,33,,,1,39,,37352,33,,,1
4501,'CPSaturday',609,,37353,33,,,1,36,,37354,33,,,1,77,,37355,33,,,1,35,,37356,33,,,1,79,,37357,33,,,1,74,,37358,33,,,1,41,,37359,33,,,1,81,,37360,33,,,1,80,,37361,33,,,1,42,,37362,33,,,1,83,,37363,33,,,1,82,,37364,33,,,1,83,,37365,33,,,1,41,,37366,33,,,1,82,,37367,33,,,1,81,,37368,33,,,1,42,,37369,33,,,1,79,,37370,33,,,1,82,,37371,33,,,1,42,,37372,33,,,1,79,,37373,33,,,1,79,,37374,33,,,1,40,,37375,33,,,1,75,,37376,33,,,1,34,,37377,33,,,1
4501,'CPSunday',818,,37378,33,,,1,35,,37379,33,,,1,76,,37380,33,,,1,76,,37381,33,,,1,35,,37382,33,,,1,77,,37383,33,,,1,40,,37384,33,,,1,80,,37385,33,,,1,80,,37386,33,,,1,41,,37387,33,,,1,80,,37388,33,,,1,80,,37389,33,,,1,40,,37390,33,,,1,80,,37391,33,,,1,80,,37392,33,,,1,38,,37393,33,,,1,79,,37394,33,,,1,80,,37395,33,,,1,40,,37396,33,,,1,79,,37397,33,,,1,79,,37398,33,,,1,39,,37399,33,,,1
4501,'CPWeekday',504,,37400,33,,,1,33,,37401,33,,,1,73,,37402,33,,,1,43,,37404,33,,,1,81,,37406,33,,,1,77,,37408,33,,,1,42,,37410,33,,,1,76,,37412,33,,,1,82,,37414,33,,,1,98,,37416,33,,,1,31,,37417,33,,,1,73,,37418,33,,,1,33,,37419,33,,,1,72,,37420,33,,,1,32,,37421,33,,,1,60,,37422,33,,,1,23,,37423,33,,,1,20,,37424,33,,,1,61,,37425,33,,,1,34,,37427,33,,,1,80,,37429,33,,,1,76,,37431,33,,,1,35,,37433,33,,,1,76,,37435,33,,,1,34,,37437,33,,,1,75,,37439,33,,,1,31,,37441,33,,,1,56,,37442,33,,,1,19,,37443,33,,,1,19,,37444,33,,,1,62,,37445,33,,,1,28,,37446,33,,,1,69,,37447,33,,,1,30,,37448,33,,,1,70,,37449,33,,,1,30,,37450,33,,,1
7100,'CPWeekday',1626,,39674,7,,,1,20,,39675,7,,,1,60,,39678,7,,,1,20,,39676,7,,,1,30,,39677,7,,,1
7101,'CPWeekday',802,,39679,24,,,1,26,,39681,24,,,1,24,,39680,24,,,1
