1300,'CPHoliday1',622,,31858,4,,,1,35,,31859,4,,,1,75,,31860,4,,,1,75,,31861,4,,,1,35,,31862,4,,,1,76,,31863,4,,,1,38,,31864,4,,,1,79,,31865,4,,,1,78,,31866,4,,,1,40,,31867,4,,,1,80,,31868,4,,,1,80,,31869,4,,,1,40,,31870,4,,,1,80,,31871,4,,,1,80,,31872,4,,,1,40,,31873,4,,,1,80,,31874,4,,,1,80,,31875,4,,,1,40,,31876,4,,,1,79,,31877,4,,,1,80,,31878,4,,,1,40,,31879,4,,,1,80,,31880,4,,,1,80,,31881,4,,,1,45,,31882,4,,,1,95,,31883,4,,,1,95,,31884,4,,,1,95,,31885,4,,,1,95,,31886,4,,,1
1300,'CPSaturday',432,,31887,4,,,1,72,,31888,4,,,1,32,,31889,4,,,1,74,,31890,4,,,1,34,,31891,4,,,1,74,,31892,4,,,1,36,,31893,4,,,1,76,,31894,4,,,1,76,,31895,4,,,1,26,,31896,4,,,1,27,,31897,4,,,1,70,,31898,4,,,1,30,,31899,4,,,1,72,,31900,4,,,1,72,,31901,4,,,1,32,,31902,4,,,1,72,,31903,4,,,1,32,,31904,4,,,1,72,,31905,4,,,1,32,,31906,4,,,1,70,,31907,4,,,1,30,,31908,4,,,1,70,,31909,4,,,1,32,,31910,4,,,1,72,,31911,4,,,1,32,,31912,4,,,1,72,,31913,4,,,1,32,,31914,4,,,1,70,,31915,4,,,1,29,,31916,4,,,1,70,,31917,4,,,1,30,,31918,4,,,1,80,,31919,4,,,1,90,,31920,4,,,1,90,,31921,4,,,1,90,,31922,4,,,1,50,,31923,4,,,1,90,,31924,4,,,1
1300,'CPSunday',622,,31925,4,,,1,35,,31926,4,,,1,75,,31927,4,,,1,75,,31928,4,,,1,35,,31929,4,,,1,76,,31930,4,,,1,38,,31931,4,,,1,79,,31932,4,,,1,78,,31933,4,,,1,40,,31934,4,,,1,80,,31935,4,,,1,80,,31936,4,,,1,40,,31937,4,,,1,80,,31938,4,,,1,80,,31939,4,,,1,40,,31940,4,,,1,80,,31941,4,,,1,80,,31942,4,,,1,40,,31943,4,,,1,79,,31944,4,,,1,80,,31945,4,,,1,40,,31946,4,,,1,80,,31947,4,,,1,80,,31948,4,,,1,45,,31949,4,,,1,95,,31950,4,,,1,95,,31951,4,,,1,95,,31952,4,,,1,95,,31953,4,,,1
1300,'CPWeekday',432,,31954,4,,,1,20,,31955,4,,,1,65,,31956,4,,,1,25,,31957,4,,,1,65,,31958,4,,,1,26,,31959,4,,,1,26,,31960,4,,,1,66,,31961,4,,,1,28,,31962,4,,,1,68,,31963,4,,,1,26,,31964,4,,,1,66,,31965,4,,,1,25,,31966,4,,,1,65,,31967,4,,,1,25,,31968,4,,,1,25,,31969,4,,,1,65,,31970,4,,,1,25,,31971,4,,,1,65,,31972,4,,,1,24,,31973,4,,,1,24,,31974,4,,,1,66,,31975,4,,,1,26,,31976,4,,,1,65,,31977,4,,,1,26,,31978,4,,,1,65,,31979,4,,,1,24,,31980,4,,,1,24,,31981,4,,,1,64,,31982,4,,,1,24,,31983,4,,,1,64,,31984,4,,,1,24,,31985,4,,,1,24,,31986,4,,,1,63,,31987,4,,,1,24,,31988,4,,,1,62,,31989,4,,,1,22,,31990,4,,,1,24,,31991,4,,,1,65,,31992,4,,,1,30,,31993,4,,,1,70,,31994,4,,,1,30,,31995,4,,,1,90,,31996,4,,,1,90,,31997,4,,,1,90,,31998,4,,,1,90,,31999,4,,,1,55,,32000,4,,,1,95,,32001,4,,,1
1400,'CPWeekday',440,,32141,4,,,1,74,,32142,4,,,1,35,,32143,4,,,1,75,,32144,4,,,1,76,,32145,4,,,1,36,,32146,4,,,1,76,,32147,4,,,1,20,,32148,4,,,1,96,,32149,4,,,1,95,,32150,4,,,1,95,,32151,4,,,1,94,,32152,4,,,1,95,,32153,4,,,1,96,,32154,4,,,1,38,,32155,4,,,1,80,,32156,4,,,1,80,,32157,4,,,1,40,,32158,4,,,1,81,,32159,4,,,1,82,,32160,4,,,1,53,,32161,4,,,1,97,,32162,4,,,1,97,,32163,4,,,1,97,,32164,4,,,1,97,,32165,4,,,1,97,,32166,4,,,1
4500,'CPWeekday',548,,37282,4,0,11 22 12 13 14 23,1,73,,37284,4,0,11 22 12 13 14 23,1,38,,37286,4,0,11 22 12 13 14 23,1,84,,37288,4,0,11 22 12 13 14 23,1,76,,37290,4,0,11 22 12 13 14 23,1,82,,37292,4,0,11 22 12 13 14 23,1,512,,37303,4,0,11 22 12 13 14 23,1,34,,37305,4,0,11 22 12 13 14 23,1,76,,37307,4,0,11 22 12 13 14 23,1,80,,37309,4,0,11 22 12 13 14 23,1,36,,37311,4,0,11 22 12 13 14 23,1,74,,37313,4,0,11 22 12 13 14 23,1,38,,37315,4,0,11 22 12 13 14 23,1,78,,37317,4,0,11 22 12 13 14 23,1
11000,'CPHoliday1',719,,41401,3,,,1,32,,41390,3,,,1,72,,41399,3,,,1,32,,41407,3,,,1,72,,41397,3,,,1,32,,41389,3,,,1,72,,41409,3,,,1,72,,41394,3,,,1,32,,41385,3,,,1,66,,41380,3,,,1,26,,41404,3,,,1,26,,41398,3,,,1,66,,41379,3,,,1,26,,41377,3,,,1,66,,41410,3,,,1,26,,41393,3,,,1,66,,41386,3,,,1,26,,41384,3,,,1,26,,41406,3,,,1,66,,41396,3,,,1,26,,41382,3,,,1,66,,41388,3,,,1,26,,41402,3,,,1,66,,41400,3,,,1,24,,41378,3,,,1,24,,41381,3,,,1,64,,41405,3,,,1,30,,41392,3,,,1,70,,41387,3,,,1,31,,41408,3,,,1,72,,41391,3,,,1,32,,41383,3,,,1,70,,41403,3,,,1,30,,41395,3,,,1
11000,'CPSaturday',719,,41443,3,,,1,32,,41433,3,,,1,72,,41434,3,,,1,32,,41444,3,,,1,72,,41432,3,,,1,32,,41431,3,,,1,72,,41435,3,,,1,72,,41425,3,,,1,32,,41424,3,,,1,66,,41422,3,,,1,26,,41440,3,,,1,26,,41421,3,,,1,66,,41423,3,,,1,26,,41420,3,,,1,66,,41438,3,,,1,26,,41419,3,,,1,66,,41426,3,,,1,26,,41418,3,,,1,26,,41437,3,,,1,66,,41414,3,,,1,26,,41429,3,,,1,66,,41412,3,,,1,26,,41439,3,,,1,66,,41415,3,,,1,24,,41428,3,,,1,24,,41411,3,,,1,64,,41436,3,,,1,30,,41416,3,,,1,70,,41427,3,,,1,31,,41441,3,,,1,72,,41417,3,,,1,32,,41430,3,,,1,70,,41442,3,,,1,30,,41413,3,,,1
11000,'CPSunday',719,,41469,3,,,1,32,,41458,3,,,1,72,,41467,3,,,1,32,,41475,3,,,1,72,,41465,3,,,1,32,,41457,3,,,1,72,,41477,3,,,1,72,,41462,3,,,1,32,,41453,3,,,1,66,,41448,3,,,1,26,,41472,3,,,1,26,,41466,3,,,1,66,,41447,3,,,1,26,,41445,3,,,1,66,,41478,3,,,1,26,,41461,3,,,1,66,,41454,3,,,1,26,,41452,3,,,1,26,,41474,3,,,1,66,,41464,3,,,1,26,,41450,3,,,1,66,,41456,3,,,1,26,,41470,3,,,1,66,,41468,3,,,1,24,,41446,3,,,1,24,,41449,3,,,1,64,,41473,3,,,1,30,,41460,3,,,1,70,,41455,3,,,1,31,,41476,3,,,1,72,,41459,3,,,1,32,,41451,3,,,1,70,,41471,3,,,1,30,,41463,3,,,1
11000,'CPWeekday',455,,41537,3,,,1,57,,41529,3,,,1,17,,41533,3,,,1,19,,41530,3,,,1,58,,41531,3,,,1,22,,41532,3,,,1,17,,41526,3,,,1,59,,41528,3,,,1,27,,41524,3,,,1,19,,41525,3,,,1,63,,41527,3,,,1,22,,41519,3,,,1,21,,41523,3,,,1,59,,41521,3,,,1,23,,41522,3,,,1,63,,41520,3,,,1,19,,41518,3,,,1,21,,41517,3,,,1,61,,41515,3,,,1,21,,41516,3,,,1,21,,41514,3,,,1,61,,41513,3,,,1,21,,41511,3,,,1,22,,41512,3,,,1,61,,41510,3,,,1,22,,41507,3,,,1,21,,41508,3,,,1,62,,41506,3,,,1,19,,41509,3,,,1,21,,41505,3,,,1,61,,41503,3,,,1,22,,41504,3,,,1,22,,41502,3,,,1,62,,41501,3,,,1,23,,41500,3,,,1,63,,41499,3,,,1,24,,41498,3,,,1,23,,41496,3,,,1,63,,41494,3,,,1,23,,41493,3,,,1,61,,41495,3,,,1,21,,41488,3,,,1,21,,41489,3,,,1,58,,41480,3,,,1,18,,41483,3,,,1,18,,41497,3,,,1,17,,41482,3,,,1,70,,41491,3,,,1,30,,41479,3,,,1,69,,41484,3,,,1,27,,41490,3,,,1
