3901,'CPHoliday1',753,,36282,55,,,1,81,,36277,55,,,1,79,,36271,55,,,1,42,,36268,55,,,1,84,,36283,55,,,1,83,,36280,55,,,1,84,,36272,55,,,1,46,,36267,55,,,1,85,,36284,55,,,1,85,,36278,55,,,1,84,,36273,55,,,1,46,,36266,55,,,1,85,,36285,55,,,1,86,,36279,55,,,1,85,,36274,55,,,1,43,,36265,55,,,1,83,,36286,55,,,1,80,,36275,55,,,1,41,,36270,55,,,1,82,,36264,55,,,1,78,,36281,55,,,1,40,,36276,55,,,1,76,,36269,55,,,1,70,,36263,55,,,1
3901,'CPSaturday',1006,,36291,55,,,1,253,,36290,55,,,1,273,,36292,55,,,1,68,,36289,55,,,1,226,,36293,55,,,1,30,,36288,55,,,1,260,,36294,55,,,1,26,,36287,55,,,1
3901,'CPSunday',753,,36314,55,,,1,81,,36309,55,,,1,79,,36303,55,,,1,42,,36300,55,,,1,84,,36315,55,,,1,83,,36312,55,,,1,84,,36304,55,,,1,46,,36299,55,,,1,85,,36316,55,,,1,85,,36310,55,,,1,84,,36305,55,,,1,46,,36298,55,,,1,85,,36317,55,,,1,86,,36311,55,,,1,85,,36306,55,,,1,43,,36297,55,,,1,83,,36318,55,,,1,80,,36307,55,,,1,41,,36302,55,,,1,82,,36296,55,,,1,78,,36313,55,,,1,40,,36308,55,,,1,76,,36301,55,,,1,70,,36295,55,,,1
3901,'MASaturday',746,,36339,55,,,1,67,,36335,55,,,1,27,,36334,55,,,1,67,,36328,55,,,1,31,,36343,55,,,1,96,,36336,55,,,1,68,,36331,55,,,1,28,,36327,55,,,1,70,,36325,55,,,1,29,,36342,55,,,1,98,,36337,55,,,1,32,,36332,55,,,1,72,,36323,55,,,1,71,,36319,55,,,1,127,,36338,55,,,1,30,,36329,55,,,1,69,,36324,55,,,1,28,,36320,55,,,1,167,,36340,55,,,1,28,,36330,55,,,1,69,,36322,55,,,1,28,,36321,55,,,1,158,,36341,55,,,1,22,,36333,55,,,1,19,,36326,55,,,1
3901,'MAWeekday',517,,36344,56,,,1,17,,36345,56,,,1,17,,36346,56,,,1,59,,36347,56,,,1,17,,36348,56,,,1,19,,36349,56,,,1,61,,36350,56,,,1,25,,36351,56,,,1,24,,36352,56,,,1,66,,36353,56,,,1,22,,36354,56,,,1,61,,36355,56,,,1,18,,36356,56,,,1,19,,36357,56,,,1,58,,36358,56,,,1,23,,36359,55,,,1,33,,36360,55,,,1,76,,36361,55,,,1,75,,36362,55,,,1,32,,36363,55,,,1,75,,36364,55,,,1,37,,36365,55,,,1,81,,36366,55,,,1,26,,36367,56,,,1,65,,36368,56,,,1,20,,36369,56,,,1,62,,36370,56,,,1,24,,36371,56,,,1,20,,36372,56,,,1,64,,36373,56,,,1,22,,36374,56,,,1,22,,36375,56,,,1,57,,36376,56,,,1,15,,36377,56,,,1,16,,36378,56,,,1,58,,36379,56,,,1,19,,36380,56,,,1,18,,36381,56,,,1,61,,36382,56,,,1,19,,36383,55,,,1,21,,36384,55,,,1,71,,36385,55,,,1,39,,36386,55,,,1,75,,36387,55,,,1,78,,36388,55,,,1,37,,36389,55,,,1,76,,36390,55,,,1,36,,36391,55,,,1,78,,36392,55,,,1
4600,'CPHoliday1',818,,37451,17,,,1,40,,37452,17,,,1,80,,37453,17,,,1,80,,37454,17,,,1,40,,37455,17,,,1,80,,37456,17,,,1,80,,37457,17,,,1,40,,37458,17,,,1,82,,37459,17,,,1,82,,37460,17,,,1,82,,37461,17,,,1,44,,37462,17,,,1,82,,37463,17,,,1,82,,37464,17,,,1,42,,37465,17,,,1,82,,37466,17,,,1,82,,37467,17,,,1,84,,37468,17,,,1,43,,37469,17,,,1,82,,37470,17,,,1
4600,'CPSaturday',729,,37471,17,,,1,81,,37472,17,,,1,40,,37473,17,,,1,82,,37474,17,,,1,80,,37475,17,,,1,40,,37476,17,,,1,82,,37477,17,,,1,82,,37478,17,,,1,42,,37479,17,,,1,84,,37480,17,,,1,84,,37481,17,,,1,84,,37482,17,,,1,44,,37483,17,,,1,84,,37484,17,,,1,84,,37485,17,,,1,83,,37486,17,,,1,44,,37487,17,,,1,84,,37488,17,,,1,82,,37489,17,,,1,41,,37490,17,,,1,80,,37491,17,,,1,80,,37492,17,,,1,40,,37493,17,,,1
4600,'CPSunday',818,,37494,17,,,1,40,,37495,17,,,1,80,,37496,17,,,1,80,,37497,17,,,1,40,,37498,17,,,1,80,,37499,17,,,1,80,,37500,17,,,1,40,,37501,17,,,1,82,,37502,17,,,1,82,,37503,17,,,1,82,,37504,17,,,1,44,,37505,17,,,1,82,,37506,17,,,1,82,,37507,17,,,1,42,,37508,17,,,1,82,,37509,17,,,1,82,,37510,17,,,1,84,,37511,17,,,1,43,,37512,17,,,1,82,,37513,17,,,1
4600,'CPWeekday',508,,37540,17,,,1,51,,37539,17,,,1,81,,37535,17,,,1,83,,37541,17,,,1,86,,37536,17,,,1,48,,37538,17,,,1,84,,37542,17,,,1,84,,37537,17,,,1,84,,37519,17,,,1,44,,37530,17,,,1,84,,37527,17,,,1,86,,37531,17,,,1,84,,37526,17,,,1,47,,37528,17,,,1,88,,37529,17,,,1,88,,37532,17,,,1,88,,37523,17,,,1,86,,37521,17,,,1,46,,37533,17,,,1,86,,37520,17,,,1,82,,37534,17,,,1,83,,37522,17,,,1,43,,37524,17,,,1,82,,37525,17,,,1,82,,37514,17,,,1,39,,37517,17,,,1,80,,37516,17,,,1,78,,37515,17,,,1,37,,37518,17,,,1
37400,'CPWeekday',1353,,41804,4,,,1
