3800,'CPHoliday1',821,,35935,50,,,1,92,,35946,50,,,1,93,,35936,50,,,1,50,,35937,50,,,1,97,,35942,50,,,1,96,,35939,50,,,1,96,,35938,50,,,1,95,,35945,50,,,1,97,,35940,50,,,1,95,,35944,50,,,1,95,,35941,50,,,1,94,,35943,50,,,1,93,,35947,50,,,1,94,,35949,50,,,1,50,,35948,50,,,1
3800,'CPSaturday',708,,35964,50,,,1,36,,35965,50,,,1,70,,35966,50,,,1,32,,35967,50,,,1,71,,35968,50,,,1,31,,35969,50,,,1,73,,35970,50,,,1,33,,35971,50,,,1,71,,35972,50,,,1,34,,35973,50,,,1,74,,35974,50,,,1,74,,35975,50,,,1,35,,35976,50,,,1,74,,35977,50,,,1,37,,35978,50,,,1,75,,35979,50,,,1,75,,35980,50,,,1,36,,35981,50,,,1,74,,35950,50,,,1,33,,35951,50,,,1,74,,35952,50,,,1,33,,35953,50,,,1,73,,35954,50,,,1,31,,35955,50,,,1,72,,35956,50,,,1,72,,35957,50,,,1,32,,35958,50,,,1,69,,35959,50,,,1,30,,35960,50,,,1,69,,35961,50,,,1,27,,35962,50,,,1,24,,35963,50,,,1
3800,'CPSunday',821,,35982,50,,,1,92,,35993,50,,,1,93,,35983,50,,,1,50,,35984,50,,,1,97,,35989,50,,,1,96,,35986,50,,,1,96,,35985,50,,,1,95,,35992,50,,,1,97,,35987,50,,,1,95,,35991,50,,,1,95,,35988,50,,,1,94,,35990,50,,,1,93,,35994,50,,,1,94,,35996,50,,,1,50,,35995,50,,,1
3800,'CPWeekday',504,,36032,50,,,1,30,,36021,50,,,1,23,,36020,50,,,1,67,,36018,50,,,1,27,,36017,50,,,1,67,,36019,50,,,1,33,,36029,50,,,1,72,,36023,50,,,1,36,,36012,50,,,1,75,,36010,50,,,1,78,,36009,50,,,1,39,,36033,50,,,1,80,,36024,50,,,1,78,,36011,50,,,1,37,,36006,50,,,1,76,,36005,50,,,1,35,,36030,50,,,1,77,,36025,50,,,1,16,,36004,50,,,1,75,,36015,50,,,1,32,,36007,50,,,1,70,,36002,50,,,1,29,,36003,50,,,1,69,,36034,50,,,1,28,,36026,50,,,1,70,,36001,50,,,1,28,,36016,50,,,1,71,,36008,50,,,1,32,,35998,50,,,1,74,,36031,50,,,1,73,,36022,50,,,1,26,,35997,50,,,1,26,,36013,50,,,1,86,,35999,50,,,1,85,,36027,50,,,1,83,,36014,50,,,1,41,,36000,50,,,1
4300,'CPWeekday',534,,36936,52,,,1,80,,36943,52,,,1,41,,36939,52,,,1,80,,36941,52,,,1,80,,36937,52,,,1,40,,36944,52,,,1,80,,36940,52,,,1,76,,36942,52,,,1,40,,36938,52,,,1
4400,'CPHoliday1',749,,36977,39,,,1,84,,36978,39,,,1,85,,36976,39,,,1,85,,36974,39,,,1,30,,36973,39,,,1,70,,36975,39,,,1,30,,36971,39,,,1,71,,36970,39,,,1,29,,36972,39,,,1,71,,36968,39,,,1,31,,36969,39,,,1,71,,36966,39,,,1,31,,36967,39,,,1,71,,36965,39,,,1,31,,36964,39,,,1,71,,36963,39,,,1,31,,36962,39,,,1,71,,36961,39,,,1,31,,36960,39,,,1,85,,36956,39,,,1,86,,36957,39,,,1,40,,36955,39,,,1,85,,36958,39,,,1,83,,36954,39,,,1,80,,36959,39,,,1
4400,'CPSaturday',754,,37001,39,,,1,85,,37002,39,,,1,88,,37000,39,,,1,85,,36998,39,,,1,45,,36999,39,,,1,85,,36997,39,,,1,85,,36996,39,,,1,85,,36993,39,,,1,30,,36995,39,,,1,71,,36994,39,,,1,32,,36992,39,,,1,74,,36991,39,,,1,32,,36990,39,,,1,72,,36989,39,,,1,32,,36988,39,,,1,71,,36986,39,,,1,32,,36985,39,,,1,71,,36984,39,,,1,72,,36987,39,,,1,32,,36981,39,,,1,81,,36980,39,,,1,42,,36982,39,,,1,84,,36979,39,,,1,82,,36983,39,,,1
4400,'CPSunday',749,,37026,39,,,1,84,,37027,39,,,1,85,,37025,39,,,1,85,,37023,39,,,1,30,,37022,39,,,1,70,,37024,39,,,1,30,,37020,39,,,1,71,,37019,39,,,1,29,,37021,39,,,1,71,,37017,39,,,1,31,,37018,39,,,1,71,,37015,39,,,1,31,,37016,39,,,1,71,,37014,39,,,1,31,,37013,39,,,1,71,,37012,39,,,1,31,,37011,39,,,1,71,,37010,39,,,1,31,,37009,39,,,1,85,,37005,39,,,1,86,,37006,39,,,1,40,,37004,39,,,1,85,,37007,39,,,1,83,,37003,39,,,1,80,,37008,39,,,1
4400,'CPWeekday',559,,37028,39,,,1,65,,37029,39,,,1,25,,37030,39,,,1,69,,37031,39,,,1,26,,37032,39,,,1,66,,37033,39,,,1,28,,37034,39,,,1,68,,37035,39,,,1,26,,37036,39,,,1,26,,37037,39,,,1,66,,37038,39,,,1,26,,37039,39,,,1,66,,37040,39,,,1,25,,37041,39,,,1,65,,37042,39,,,1,25,,37043,39,,,1,25,,37044,39,,,1,65,,37045,39,,,1,25,,37046,39,,,1,65,,37047,39,,,1,21,,37048,39,,,1,16,,37049,39,,,1,56,,37050,39,,,1,16,,37051,39,,,1,16,,37052,39,,,1,16,,37053,39,,,1,56,,37054,39,,,1,16,,37055,39,,,1,16,,37056,39,,,1,16,,37057,39,,,1,56,,37058,39,,,1,16,,37059,39,,,1,16,,37060,39,,,1,56,,37061,39,,,1,18,,37062,39,,,1,18,,37063,39,,,1,14,,37064,39,,,1,56,,37065,39,,,1,16,,37066,39,,,1,15,,37067,39,,,1,15,,37068,39,,,1,56,,37069,39,,,1,18,,37070,39,,,1,22,,37071,39,,,1,65,,37072,39,,,1,38,,37073,39,,,1,85,,37074,39,,,1,88,,37075,39,,,1,88,,37076,39,,,1,88,,37077,39,,,1,49,,37078,39,,,1
10801,'CPWeekday',1521,,40929,7,,,1,31,,40930,7,,,1,60,,40931,7,,,1,20,,40932,7,,,1,9,,40928,7,,,1,13,,40933,7,,,1,62,,40934,7,,,1,23,,40935,7,,,1,65,,40936,7,,,1,28,,40937,7,,,1,70,,40938,7,,,1,30,,40939,7,,,1,70,,40940,7,,,1
