3801,'CPHoliday1',829,,36037,24,,,1,90,,36035,24,,,1,97,,36041,24,,,1,95,,36038,24,,,1,96,,36036,24,,,1,95,,36046,24,,,1,56,,36040,24,,,1,96,,36039,24,,,1,95,,36045,24,,,1,96,,36043,24,,,1,93,,36044,24,,,1,93,,36047,24,,,1,94,,36042,24,,,1,93,,36048,24,,,1
3801,'CPSaturday',622,,36049,24,,,1,25,,36050,24,,,1,65,,36051,24,,,1,33,,36052,24,,,1,70,,36053,24,,,1,30,,36054,24,,,1,70,,36055,24,,,1,31,,36056,24,,,1,73,,36057,24,,,1,34,,36058,24,,,1,74,,36059,24,,,1,74,,36060,24,,,1,34,,36061,24,,,1,75,,36062,24,,,1,34,,36063,24,,,1,74,,36064,24,,,1,34,,36065,24,,,1,74,,36066,24,,,1,74,,36067,24,,,1,34,,36068,24,,,1,75,,36069,24,,,1,34,,36070,24,,,1,74,,36071,24,,,1,34,,36072,24,,,1,73,,36073,24,,,1,34,,36074,24,,,1,72,,36075,24,,,1,71,,36076,24,,,1,29,,36077,24,,,1,70,,36078,24,,,1,30,,36079,24,,,1,27,,36080,24,,,1,66,,36081,24,,,1,28,,36082,24,,,1
3801,'CPSunday',829,,36085,24,,,1,90,,36083,24,,,1,97,,36089,24,,,1,95,,36086,24,,,1,96,,36084,24,,,1,95,,36094,24,,,1,56,,36088,24,,,1,96,,36087,24,,,1,95,,36093,24,,,1,96,,36091,24,,,1,93,,36092,24,,,1,93,,36095,24,,,1,94,,36090,24,,,1,93,,36096,24,,,1
3801,'CPWeekday',535,,36120,29,,,1,73,,36128,29,,,1,28,,36121,29,,,1,70,,36118,29,,,1,30,,36111,29,,,1,71,,36110,29,,,1,32,,36119,29,,,1,70,,36130,29,,,1,32,,36125,29,,,1,74,,36113,29,,,1,36,,36109,29,,,1,77,,36105,29,,,1,79,,36132,29,,,1,40,,36124,29,,,1,80,,36112,29,,,1,32,,36106,29,,,1,67,,36104,29,,,1,26,,36103,29,,,1,72,,36129,29,,,1,31,,36122,29,,,1,71,,36101,29,,,1,31,,36117,29,,,1,68,,36108,29,,,1,28,,36100,29,,,1,69,,36102,29,,,1,27,,36131,29,,,1,67,,36123,29,,,1,26,,36098,29,,,1,68,,36116,29,,,1,28,,36107,29,,,1,78,,36097,29,,,1,89,,36126,29,,,1,47,,36114,29,,,1,85,,36099,29,,,1,85,,36127,29,,,1,80,,36115,29,,,1
4301,'CPWeekday',1437,,36947,19,,,1,81,,36945,19,,,1,40,,36950,19,,,1,80,,36952,19,,,1,80,,36948,19,,,1,82,,36946,19,,,1,42,,36951,19,,,1,82,,36953,19,,,1,80,,36949,19,,,1
4401,'CPHoliday1',735,,37103,11,,,1,82,,37104,11,,,1,42,,37102,11,,,1,84,,37101,11,,,1,84,,37100,11,,,1,32,,37098,11,,,1,74,,37099,11,,,1,71,,37096,11,,,1,31,,37097,11,,,1,71,,37094,11,,,1,31,,37095,11,,,1,71,,37093,11,,,1,31,,37092,11,,,1,71,,37091,11,,,1,31,,37090,11,,,1,71,,37089,11,,,1,31,,37088,11,,,1,70,,37087,11,,,1,31,,37082,11,,,1,71,,37083,11,,,1,85,,37081,11,,,1,44,,37086,11,,,1,82,,37080,11,,,1,81,,37084,11,,,1,42,,37079,11,,,1,80,,37085,11,,,1
4401,'CPSaturday',740,,37130,11,,,1,85,,37128,11,,,1,86,,37129,11,,,1,45,,37126,11,,,1,85,,37127,11,,,1,85,,37125,11,,,1,85,,37123,11,,,1,30,,37124,11,,,1,70,,37121,11,,,1,30,,37122,11,,,1,70,,37120,11,,,1,32,,37119,11,,,1,72,,37118,11,,,1,32,,37117,11,,,1,72,,37116,11,,,1,32,,37113,11,,,1,72,,37112,11,,,1,32,,37114,11,,,1,72,,37111,11,,,1,32,,37109,11,,,1,71,,37115,11,,,1,28,,37107,11,,,1,84,,37106,11,,,1,84,,37108,11,,,1,82,,37105,11,,,1,42,,37110,11,,,1
4401,'CPSunday',735,,37155,11,,,1,82,,37156,11,,,1,42,,37154,11,,,1,84,,37153,11,,,1,84,,37152,11,,,1,32,,37150,11,,,1,74,,37151,11,,,1,71,,37148,11,,,1,31,,37149,11,,,1,71,,37146,11,,,1,31,,37147,11,,,1,71,,37145,11,,,1,31,,37144,11,,,1,71,,37143,11,,,1,31,,37142,11,,,1,71,,37141,11,,,1,31,,37140,11,,,1,70,,37139,11,,,1,31,,37134,11,,,1,71,,37135,11,,,1,85,,37133,11,,,1,44,,37138,11,,,1,82,,37132,11,,,1,81,,37136,11,,,1,42,,37131,11,,,1,80,,37137,11,,,1
4401,'CPWeekday',459,,37157,11,,,1,60,,37158,11,,,1,22,,37159,11,,,1,62,,37160,11,,,1,17,,37161,11,,,1,15,,37162,11,,,1,15,,37163,11,,,1,56,,37164,11,,,1,16,,37165,11,,,1,16,,37166,11,,,1,16,,37167,11,,,1,56,,37168,11,,,1,16,,37169,11,,,1,16,,37170,11,,,1,16,,37171,11,,,1,56,,37172,11,,,1,15,,37173,11,,,1,15,,37174,11,,,1,15,,37175,11,,,1,55,,37176,11,,,1,15,,37177,11,,,1,22,,37178,11,,,1,66,,37179,11,,,1,26,,37180,11,,,1,66,,37181,11,,,1,26,,37182,11,,,1,66,,37183,11,,,1,26,,37184,11,,,1,26,,37185,11,,,1,66,,37186,11,,,1,28,,37187,11,,,1,68,,37188,11,,,1,28,,37189,11,,,1,68,,37190,11,,,1,26,,37191,11,,,1,66,,37192,11,,,1,26,,37193,11,,,1,26,,37194,11,,,1,66,,37195,11,,,1,26,,37196,11,,,1,66,,37197,11,,,1,26,,37198,11,,,1,66,,37199,11,,,1,26,,37200,11,,,1,70,,37201,11,,,1,40,,37202,11,,,1,85,,37203,11,,,1,83,,37204,11,,,1,45,,37205,11,,,1,90,,37206,11,,,1,90,,37207,11,,,1
10800,'CPWeekday',547,,40916,22,,,1,71,,40917,22,,,1,33,,40918,22,,,1,72,,40919,22,,,1,23,,40920,22,,,1,65,,40921,22,,,1,22,,40922,22,,,1,12,,40915,22,,,1,11,,40923,22,,,1,63,,40924,22,,,1,28,,40925,22,,,1,68,,40926,22,,,1,26,,40927,22,,,1
