1001,'CPHoliday1',738,,31196,27,,,1,70,,31195,27,,,1,30,,31194,27,,,1,72,,31193,27,,,1,34,,31192,27,,,1,74,,31191,27,,,1,33,,31190,27,,,1,74,,31189,27,,,1,75,,31188,27,,,1,35,,31186,27,,,1,75,,31187,27,,,1,35,,31185,27,,,1,75,,31184,27,,,1,35,,31182,27,,,1,76,,31183,27,,,1,76,,31181,27,,,1,37,,31177,27,,,1,76,,31179,27,,,1,36,,31175,27,,,1,76,,31174,27,,,1,74,,31178,27,,,1,34,,31171,27,,,1,73,,31172,27,,,1,34,,31169,27,,,1,73,,31176,27,,,1,34,,31173,27,,,1,73,,31168,27,,,1,32,,31167,27,,,1,71,,31180,27,,,1,29,,31170,27,,,1
1001,'CPSaturday',631,,31236,27,,,1,26,,31234,27,,,1,66,,31235,27,,,1,25,,31232,27,,,1,65,,31233,27,,,1,27,,31229,27,,,1,65,,31230,27,,,1,27,,31228,27,,,1,27,,31231,27,,,1,67,,31226,27,,,1,27,,31227,27,,,1,68,,31225,27,,,1,28,,31224,27,,,1,68,,31223,27,,,1,28,,31222,27,,,1,70,,31221,27,,,1,29,,31220,27,,,1,69,,31218,27,,,1,28,,31219,27,,,1,69,,31217,27,,,1,29,,31216,27,,,1,70,,31211,27,,,1,30,,31212,27,,,1,69,,31207,27,,,1,30,,31206,27,,,1,67,,31210,27,,,1,28,,31205,27,,,1,67,,31215,27,,,1,28,,31204,27,,,1,27,,31201,27,,,1,68,,31208,27,,,1,26,,31198,27,,,1,66,,31214,27,,,1,25,,31202,27,,,1,66,,31200,27,,,1,26,,31209,27,,,1,26,,31199,27,,,1,66,,31213,27,,,1,23,,31203,27,,,1,64,,31197,27,,,1
1001,'CPSunday',738,,31266,27,,,1,70,,31265,27,,,1,30,,31264,27,,,1,72,,31263,27,,,1,34,,31262,27,,,1,74,,31261,27,,,1,33,,31260,27,,,1,74,,31259,27,,,1,75,,31258,27,,,1,35,,31256,27,,,1,75,,31257,27,,,1,35,,31255,27,,,1,75,,31254,27,,,1,35,,31252,27,,,1,76,,31253,27,,,1,76,,31251,27,,,1,37,,31247,27,,,1,76,,31249,27,,,1,36,,31245,27,,,1,76,,31244,27,,,1,74,,31248,27,,,1,34,,31241,27,,,1,73,,31242,27,,,1,34,,31239,27,,,1,73,,31246,27,,,1,34,,31243,27,,,1,73,,31238,27,,,1,32,,31237,27,,,1,71,,31250,27,,,1,29,,31240,27,,,1
1001,'CPWeekday',458,,31316,27,,,1,62,,31312,27,,,1,20,,31315,27,,,1,63,,31314,27,,,1,22,,31313,27,,,1,22,,31310,27,,,1,66,,31311,27,,,1,25,,31309,27,,,1,65,,31308,27,,,1,27,,31307,27,,,1,26,,31306,27,,,1,64,,31304,27,,,1,25,,31305,27,,,1,64,,31303,27,,,1,26,,31302,27,,,1,65,,31301,27,,,1,24,,31300,27,,,1,25,,31299,27,,,1,65,,31298,27,,,1,25,,31297,27,,,1,65,,31296,27,,,1,25,,31295,27,,,1,25,,31294,27,,,1,66,,31292,27,,,1,28,,31293,27,,,1,67,,31287,27,,,1,27,,31284,27,,,1,67,,31286,27,,,1,27,,31285,27,,,1,64,,31279,27,,,1,22,,31278,27,,,1,21,,31289,27,,,1,62,,31283,27,,,1,22,,31276,27,,,1,22,,31275,27,,,1,63,,31277,27,,,1,23,,31274,27,,,1,19,,31273,27,,,1,60,,31291,27,,,1,22,,31280,27,,,1,22,,31272,27,,,1,63,,31270,27,,,1,34,,31271,27,,,1,73,,31288,27,,,1,31,,31282,27,,,1,72,,31268,27,,,1,71,,31269,27,,,1,28,,31290,27,,,1,29,,31281,27,,,1,67,,31267,27,,,1
3900,'CPHoliday1',618,,36153,36,,,1,38,,36147,36,,,1,82,,36142,36,,,1,78,,36138,36,,,1,41,,36154,36,,,1,82,,36145,36,,,1,82,,36143,36,,,1,83,,36137,36,,,1,43,,36152,36,,,1,84,,36146,36,,,1,86,,36139,36,,,1,85,,36136,36,,,1,45,,36155,36,,,1,85,,36149,36,,,1,85,,36140,36,,,1,84,,36135,36,,,1,45,,36156,36,,,1,85,,36148,36,,,1,83,,36141,36,,,1,44,,36134,36,,,1,82,,36151,36,,,1,80,,36150,36,,,1,81,,36144,36,,,1,35,,36133,36,,,1
3900,'CPSaturday',825,,36161,36,,,1,285,,36160,36,,,1,299,,36159,36,,,1,231,,36162,36,,,1,70,,36158,36,,,1,226,,36163,36,,,1,69,,36157,36,,,1,210,,36164,36,,,1
3900,'CPSunday',618,,36185,36,,,1,38,,36179,36,,,1,82,,36174,36,,,1,78,,36170,36,,,1,41,,36186,36,,,1,82,,36177,36,,,1,82,,36175,36,,,1,83,,36169,36,,,1,43,,36184,36,,,1,84,,36178,36,,,1,86,,36171,36,,,1,85,,36168,36,,,1,45,,36187,36,,,1,85,,36181,36,,,1,85,,36172,36,,,1,84,,36167,36,,,1,45,,36188,36,,,1,85,,36180,36,,,1,83,,36173,36,,,1,44,,36166,36,,,1,82,,36183,36,,,1,80,,36182,36,,,1,81,,36176,36,,,1,35,,36165,36,,,1
3900,'MASaturday',618,,36212,36,,,1,25,,36211,36,,,1,67,,36205,36,,,1,25,,36204,36,,,1,65,,36215,36,,,1,51,,36206,36,,,1,67,,36199,36,,,1,26,,36197,36,,,1,69,,36198,36,,,1,28,,36214,36,,,1,97,,36210,36,,,1,71,,36200,36,,,1,30,,36194,36,,,1,70,,36192,36,,,1,30,,36213,36,,,1,100,,36209,36,,,1,70,,36203,36,,,1,31,,36195,36,,,1,70,,36190,36,,,1,129,,36207,36,,,1,70,,36202,36,,,1,30,,36193,36,,,1,70,,36189,36,,,1,125,,36208,36,,,1,25,,36201,36,,,1,66,,36196,36,,,1,25,,36191,36,,,1
3900,'MAWeekday',446,,36216,3,,,1,91,,36217,36,,,1,63,,36218,36,,,1,24,,36219,36,,,1,20,,36220,36,,,1,58,,36221,36,,,1,21,,36222,36,,,1,19,,36223,36,,,1,60,,36224,36,,,1,23,,36225,36,,,1,23,,36226,36,,,1,61,,36227,36,,,1,31,,36228,36,,,1,77,,36229,36,,,1,37,,36230,36,,,1,78,,36231,36,,,1,77,,36232,36,,,1,37,,36233,36,,,1,75,,36234,36,,,1,34,,36235,36,,,1,66,,36236,36,,,1,28,,36237,36,,,1,59,,36238,36,,,1,20,,36239,36,,,1,21,,36240,36,,,1,62,,36241,36,,,1,18,,36242,36,,,1,19,,36243,36,,,1,58,,36244,36,,,1,19,,36245,36,,,1,22,,36246,36,,,1,62,,36247,36,,,1,21,,36248,36,,,1,23,,36249,36,,,1,58,,36250,36,,,1,22,,36251,36,,,1,23,,36252,36,,,1,59,,36253,36,,,1,35,,36254,36,,,1,78,,36255,36,,,1,81,,36256,36,,,1,41,,36257,36,,,1,77,,36258,36,,,1,74,,36259,36,,,1,33,,36260,36,,,1,75,,36261,36,,,1,34,,36262,36,,,1
4301,'CPWeekday',1446,,36947,28,,,1,82,,36945,28,,,1,82,,36950,28,,,1,40,,36952,28,,,1,80,,36948,28,,,1,81,,36946,28,,,1,42,,36951,28,,,1,81,,36953,28,,,1,79,,36949,28,,,1
37601,'CPWeekday',727,,41809,27,,,1
