3801,'CPHoliday1',809,,21826,,,1,50,,21824,,,1,95,,21830,,,1,95,,21827,,,1,95,,21825,,,1,95,,21835,,,1,95,,21829,,,1,95,,21828,,,1,95,,21834,,,1,95,,21832,,,1,95,,21833,,,1,95,,21836,,,1,95,,21831,,,1,55,,21837,,,1
3801,'CPSaturday',603,,21838,,,1,25,,21839,,,1,25,,21840,,,1,70,,21841,,,1,30,,21842,,,1,70,,21843,,,1,30,,21844,,,1,71,,21845,,,1,32,,21846,,,1,72,,21847,,,1,74,,21848,,,1,34,,21849,,,1,74,,21850,,,1,34,,21851,,,1,74,,21852,,,1,34,,21853,,,1,74,,21854,,,1,74,,21855,,,1,34,,21856,,,1,74,,21857,,,1,35,,21858,,,1,75,,21859,,,1,35,,21860,,,1,75,,21861,,,1,74,,21862,,,1,34,,21863,,,1,72,,21864,,,1,32,,21865,,,1,70,,21866,,,1,30,,21867,,,1,70,,21868,,,1,27,,21869,,,1,68,,21870,,,1,28,,21871,,,1
3801,'CPSunday',809,,21874,,,1,50,,21872,,,1,95,,21878,,,1,95,,21875,,,1,95,,21873,,,1,95,,21883,,,1,95,,21877,,,1,95,,21876,,,1,95,,21882,,,1,95,,21880,,,1,95,,21881,,,1,95,,21884,,,1,95,,21879,,,1,55,,21885,,,1
3801,'CPWeekday',513,,21911,,,1,28,,21919,,,1,69,,21912,,,1,28,,21909,,,1,68,,21902,,,1,30,,21901,,,1,70,,21910,,,1,30,,21921,,,1,72,,21916,,,1,35,,21904,,,1,75,,21900,,,1,40,,21896,,,1,80,,21923,,,1,80,,21915,,,1,40,,21903,,,1,70,,21897,,,1,18,,21887,,,1,7,,21886,,,1,1,,21895,,,1,66,,21894,,,1,30,,21920,,,1,70,,21913,,,1,30,,21892,,,1,68,,21908,,,1,28,,21899,,,1,70,,21891,,,1,30,,21893,,,1,70,,21922,,,1,28,,21914,,,1,68,,21889,,,1,28,,21907,,,1,70,,21898,,,1,40,,21888,,,1,90,,21917,,,1,89,,21905,,,1,86,,21890,,,1,86,,21918,,,1,41,,21906,,,1
3900,'CPHoliday1',549,,21944,,,1,78,,21938,,,1,79,,21933,,,1,38,,21929,,,1,80,,21945,,,1,82,,21936,,,1,42,,21934,,,1,82,,21928,,,1,82,,21943,,,1,44,,21937,,,1,85,,21930,,,1,85,,21927,,,1,85,,21946,,,1,45,,21940,,,1,85,,21931,,,1,85,,21926,,,1,85,,21947,,,1,45,,21939,,,1,85,,21932,,,1,84,,21925,,,1,84,,21942,,,1,42,,21941,,,1,81,,21935,,,1,75,,21924,,,1
3900,'CPSaturday',728,,21953,,,1,25,,21952,,,1,254,,21954,,,1,28,,21951,,,1,268,,21955,,,1,30,,21950,,,1,270,,21956,,,1,30,,21949,,,1,270,,21957,,,1,30,,21948,,,1,214,,21958,,,1
3900,'CPSunday',549,,21979,,,1,78,,21973,,,1,79,,21968,,,1,38,,21964,,,1,80,,21980,,,1,82,,21971,,,1,42,,21969,,,1,82,,21963,,,1,82,,21978,,,1,44,,21972,,,1,85,,21965,,,1,85,,21962,,,1,85,,21981,,,1,45,,21975,,,1,85,,21966,,,1,85,,21961,,,1,85,,21982,,,1,45,,21974,,,1,85,,21967,,,1,84,,21960,,,1,84,,21977,,,1,42,,21976,,,1,81,,21970,,,1,75,,21959,,,1
3900,'MASaturday',547,,22006,,,1,65,,22005,,,1,26,,21999,,,1,65,,21998,,,1,116,,22000,,,1,26,,21993,,,1,66,,21991,,,1,28,,21992,,,1,164,,22004,,,1,30,,21994,,,1,70,,21988,,,1,30,,21986,,,1,170,,22003,,,1,30,,21997,,,1,70,,21989,,,1,30,,21984,,,1,170,,22001,,,1,30,,21996,,,1,70,,21987,,,1,30,,21983,,,1,170,,22002,,,1,27,,21995,,,1,26,,21990,,,1,66,,21985,,,1
3900,'MAWeekday',506,,22008,,,1,22,,22009,,,1,21,,22010,,,1,59,,22011,,,1,18,,22012,,,1,18,,22013,,,1,59,,22014,,,1,20,,22015,,,1,22,,22016,,,1,63,,22017,,,1,24,,22018,,,1,70,,22019,,,1,38,,22020,,,1,77,,22021,,,1,38,,22022,,,1,77,,22023,,,1,77,,22024,,,1,35,,22025,,,1,74,,22026,,,1,26,,22027,,,1,66,,22028,,,1,18,,22029,,,1,18,,22030,,,1,61,,22031,,,1,22,,22032,,,1,18,,22033,,,1,58,,22034,,,1,18,,22035,,,1,19,,22036,,,1,62,,22037,,,1,22,,22038,,,1,22,,22039,,,1,63,,22040,,,1,23,,22041,,,1,23,,22042,,,1,63,,22043,,,1,19,,22044,,,1,76,,22045,,,1,42,,22046,,,1,82,,22047,,,1,81,,22048,,,1,37,,22049,,,1,75,,22050,,,1,75,,22051,,,1,35,,22052,,,1,74,,22007,,,1
4301,'CPWeekday',1422,,22738,,,1,80,,22736,,,1,40,,22741,,,1,80,,22743,,,1,80,,22739,,,1,42,,22737,,,1,82,,22742,,,1,82,,22744,,,1,40,,22740,,,1
9001,'CPWeekday',437,,25573,,,1,65,,25574,,,1,25,,25575,,,1,30,,25576,,,1,70,,25577,,,1,30,,25578,,,1,70,,25579,,,1,30,,25580,,,1,70,,25581,,,1,28,,25582,,,1,90,,25583,,,1,91,,25584,,,1,90,,25585,,,1,90,,25586,,,1,90,,25587,,,1,50,,25588,,,1,72,,25589,,,1,30,,25590,,,1,70,,25591,,,1,30,,25592,,,1,70,,25593,,,1,30,,25594,,,1,70,,25595,,,1,30,,25596,,,1,70,,25597,,,1,30,,25598,,,1,70,,25599,,,1,72,,25600,,,1,33,,25601,,,1,86,,25602,,,1,85,,25603,,,1,47,,25604,,,1,84,,25605,,,1
