3901,'CPHoliday1',738,,36282,37,,,1,80,,36277,37,,,1,40,,36271,37,,,1,82,,36268,37,,,1,82,,36283,37,,,1,83,,36280,37,,,1,44,,36272,37,,,1,86,,36267,37,,,1,85,,36284,37,,,1,85,,36278,37,,,1,44,,36273,37,,,1,86,,36266,37,,,1,85,,36285,37,,,1,86,,36279,37,,,1,45,,36274,37,,,1,84,,36265,37,,,1,84,,36286,37,,,1,82,,36275,37,,,1,41,,36270,37,,,1,82,,36264,37,,,1,78,,36281,37,,,1,40,,36276,37,,,1,76,,36269,37,,,1,30,,36263,37,,,1
3901,'CPSaturday',951,,36291,37,,,1,291,,36290,37,,,1,273,,36292,37,,,1,28,,36289,37,,,1,266,,36293,37,,,1,30,,36288,37,,,1,263,,36294,37,,,1,26,,36287,37,,,1
3901,'CPSunday',738,,36314,37,,,1,80,,36309,37,,,1,40,,36303,37,,,1,82,,36300,37,,,1,82,,36315,37,,,1,83,,36312,37,,,1,44,,36304,37,,,1,86,,36299,37,,,1,85,,36316,37,,,1,85,,36310,37,,,1,44,,36305,37,,,1,86,,36298,37,,,1,85,,36317,37,,,1,86,,36311,37,,,1,45,,36306,37,,,1,84,,36297,37,,,1,84,,36318,37,,,1,82,,36307,37,,,1,41,,36302,37,,,1,82,,36296,37,,,1,78,,36313,37,,,1,40,,36308,37,,,1,76,,36301,37,,,1,30,,36295,37,,,1
3901,'MASaturday',732,,36339,37,,,1,26,,36335,37,,,1,67,,36334,37,,,1,27,,36328,37,,,1,71,,36343,37,,,1,96,,36336,37,,,1,28,,36331,37,,,1,68,,36327,37,,,1,28,,36325,37,,,1,69,,36342,37,,,1,98,,36337,37,,,1,32,,36332,37,,,1,72,,36323,37,,,1,31,,36319,37,,,1,167,,36338,37,,,1,30,,36329,37,,,1,69,,36324,37,,,1,28,,36320,37,,,1,169,,36340,37,,,1,29,,36330,37,,,1,69,,36322,37,,,1,28,,36321,37,,,1,118,,36341,37,,,1,63,,36333,37,,,1,20,,36326,37,,,1
3901,'MAWeekday',503,,36344,38,,,1,17,,36345,38,,,1,16,,36346,38,,,1,17,,36347,38,,,1,57,,36348,38,,,1,19,,36349,38,,,1,21,,36350,38,,,1,65,,36351,38,,,1,24,,36352,38,,,1,66,,36353,38,,,1,22,,36354,38,,,1,21,,36355,38,,,1,58,,36356,38,,,1,19,,36357,38,,,1,19,,36358,38,,,1,62,,36359,37,,,1,34,,36360,37,,,1,76,,36361,37,,,1,35,,36362,37,,,1,75,,36363,37,,,1,75,,36364,37,,,1,35,,36365,37,,,1,79,,36366,37,,,1,25,,36367,38,,,1,65,,36368,38,,,1,20,,36369,38,,,1,22,,36370,38,,,1,63,,36371,38,,,1,21,,36372,38,,,1,24,,36373,38,,,1,62,,36374,38,,,1,22,,36375,38,,,1,17,,36376,38,,,1,56,,36377,38,,,1,16,,36378,38,,,1,18,,36379,38,,,1,59,,36380,38,,,1,18,,36381,38,,,1,21,,36382,38,,,1,60,,36383,37,,,1,21,,36384,37,,,1,32,,36385,37,,,1,79,,36386,37,,,1,77,,36387,37,,,1,38,,36388,37,,,1,77,,36389,37,,,1,77,,36390,37,,,1,36,,36391,37,,,1,78,,36392,37,,,1
4300,'CPWeekday',522,,36936,41,,,1,80,,36943,41,,,1,41,,36939,41,,,1,80,,36941,41,,,1,80,,36937,41,,,1,40,,36944,41,,,1,80,,36940,41,,,1,36,,36942,41,,,1,80,,36938,41,,,1
6800,'CPHoliday1',1012,,39542,25,,,1,106,,39543,25,,,1,107,,39544,25,,,1,106,,39545,25,,,1,110,,39546,25,,,1,112,,39547,25,,,1,150,,39548,25,,,1,109,,39549,25,,,1,109,,39550,25,,,1,105,,39551,25,,,1
6800,'CPSaturday',737,,39552,25,,,1,107,,39553,25,,,1,106,,39554,25,,,1,150,,39555,25,,,1,111,,39556,25,,,1,111,,39557,25,,,1,111,,39558,25,,,1,110,,39559,25,,,1,110,,39560,25,,,1,151,,39561,25,,,1,111,,39562,25,,,1,108,,39563,25,,,1,108,,39564,25,,,1,110,,39565,25,,,1,108,,39566,25,,,1
6800,'CPSunday',1012,,39567,25,,,1,106,,39568,25,,,1,107,,39569,25,,,1,106,,39570,25,,,1,110,,39571,25,,,1,112,,39572,25,,,1,150,,39573,25,,,1,109,,39574,25,,,1,109,,39575,25,,,1,105,,39576,25,,,1
6800,'CPWeekday',533,,39577,25,,,1,111,,39578,25,,,1,113,,39579,25,,,1,149,,39580,25,,,1,115,,39581,25,,,1,114,,39582,25,,,1,116,,39583,25,,,1,157,,39584,25,,,1,117,,39585,25,,,1,116,,39586,25,,,1,114,,39587,25,,,1,153,,39588,25,,,1,114,,39589,25,,,1,114,,39590,25,,,1,113,,39591,25,,,1,153,,39592,25,,,1,114,,39593,25,,,1
