700,'26JA05-CPBlock-Weekday-11',249,,2284,,,1,81,,2285,,,1,83,,2286,,,1,42,,2287,,,1
700,'26JA05-MABlock-Holiday1-24',447,,2324,,,1,61,,2338,,,1,23,,2320,,,1,21,,2315,,,1,61,,2314,,,1,22,,2330,,,1,24,,2313,,,1,63,,2340,,,1,23,,2321,,,1,63,,2312,,,1,23,,2309,,,1,23,,2331,,,1,63,,2310,,,1,24,,2339,,,1,64,,2322,,,1,25,,2304,,,1,25,,2303,,,1,64,,2332,,,1,25,,2311,,,1,64,,2337,,,1,24,,2323,,,1,24,,2302,,,1,65,,2297,,,1,25,,2329,,,1,62,,2296,,,1,21,,2308,,,1,21,,2336,,,1,62,,2316,,,1,21,,2299,,,1,20,,2293,,,1,62,,2326,,,1,22,,2291,,,1,22,,2305,,,1,62,,2334,,,1,22,,2318,,,1,60,,2300,,,1,20,,2292,,,1,21,,2325,,,1,61,,2288,,,1,21,,2307,,,1,22,,2335,,,1,61,,2317,,,1,23,,2301,,,1,22,,2294,,,1,60,,2327,,,1,21,,2289,,,1,20,,2306,,,1,60,,2333,,,1,19,,2319,,,1,19,,2298,,,1,60,,2295,,,1,19,,2328,,,1,19,,2290,,,1
700,'26JA05-MABlock-Saturday-22',413,,2398,,,1,24,,2397,,,1,64,,2396,,,1,26,,2395,,,1,22,,2394,,,1,63,,2393,,,1,22,,2392,,,1,23,,2391,,,1,63,,2390,,,1,25,,2389,,,1,67,,2388,,,1,27,,2387,,,1,66,,2381,,,1,25,,2380,,,1,25,,2378,,,1,65,,2375,,,1,24,,2376,,,1,65,,2377,,,1,27,,2382,,,1,67,,2374,,,1,28,,2373,,,1,70,,2367,,,1,27,,2372,,,1,27,,2366,,,1,61,,2365,,,1,21,,2384,,,1,22,,2371,,,1,62,,2364,,,1,22,,2361,,,1,59,,2359,,,1,20,,2362,,,1,20,,2357,,,1,61,,2356,,,1,22,,2383,,,1,21,,2368,,,1,62,,2355,,,1,22,,2353,,,1,22,,2354,,,1,59,,2360,,,1,20,,2351,,,1,18,,2349,,,1,59,,2385,,,1,18,,2369,,,1,19,,2352,,,1,60,,2346,,,1,18,,2345,,,1,19,,2363,,,1,60,,2350,,,1,20,,2344,,,1,20,,2386,,,1,59,,2370,,,1,20,,2347,,,1,17,,2342,,,1,17,,2343,,,1,59,,2358,,,1,18,,2348,,,1,19,,2341,,,1,57,,2379,,,1
700,'26JA05-MABlock-Sunday-23',447,,2435,,,1,61,,2449,,,1,23,,2431,,,1,21,,2426,,,1,61,,2425,,,1,22,,2441,,,1,24,,2424,,,1,63,,2451,,,1,23,,2432,,,1,63,,2423,,,1,23,,2420,,,1,23,,2442,,,1,63,,2421,,,1,24,,2450,,,1,64,,2433,,,1,25,,2415,,,1,25,,2414,,,1,64,,2443,,,1,25,,2422,,,1,64,,2448,,,1,24,,2434,,,1,24,,2413,,,1,65,,2408,,,1,25,,2440,,,1,62,,2407,,,1,21,,2419,,,1,21,,2447,,,1,62,,2427,,,1,21,,2410,,,1,20,,2404,,,1,62,,2437,,,1,22,,2402,,,1,22,,2416,,,1,62,,2445,,,1,22,,2429,,,1,60,,2411,,,1,20,,2403,,,1,21,,2436,,,1,61,,2399,,,1,21,,2418,,,1,22,,2446,,,1,61,,2428,,,1,23,,2412,,,1,22,,2405,,,1,60,,2438,,,1,21,,2400,,,1,20,,2417,,,1,60,,2444,,,1,19,,2430,,,1,19,,2409,,,1,60,,2406,,,1,19,,2439,,,1,19,,2401,,,1
700,'26JA05-MABlock-Weekday-21',519,,2452,,,1,24,,2453,,,1,65,,2454,,,1,25,,2455,,,1,22,,2456,,,1,61,,2457,,,1,20,,2458,,,1,64,,2459,,,1,24,,2460,,,1,26,,2461,,,1,65,,2462,,,1,28,,2463,,,1,68,,2464,,,1,30,,2465,,,1,65,,2466,,,1,25,,2467,,,1,25,,2468,,,1,66,,2469,,,1,25,,2470,,,1,60,,2471,,,1,21,,2472,,,1,22,,2473,,,1,64,,2474,,,1,25,,2475,,,1,66,,2476,,,1,26,,2477,,,1,25,,2478,,,1,65,,2479,,,1,26,,2480,,,1,64,,2481,,,1,25,,2482,,,1,65,,2483,,,1,25,,2484,,,1,26,,2485,,,1,65,,2486,,,1,24,,2487,,,1,64,,2488,,,1,24,,2489,,,1,22,,2490,,,1,62,,2491,,,1,24,,2492,,,1,73,,2493,,,1,27,,2494,,,1,66,,2495,,,1,28,,2496,,,1,74,,2497,,,1,34,,2498,,,1,72,,2499,,,1,29,,2500,,,1,69,,2501,,,1
2400,'26JA05-MABlock-Weekday-21',534,,5780,,,1,70,,5781,,,1,33,,5782,,,1,75,,5783,,,1,35,,5784,,,1,75,,5785,,,1,35,,5786,,,1,76,,5787,,,1,76,,5788,,,1,410,,5789,,,1,30,,5790,,,1,74,,5791,,,1,35,,5792,,,1,75,,5793,,,1,74,,5794,,,1,38,,5795,,,1,78,,5796,,,1
10700,'26JA05-MABlock-Holiday1-24',824,,12342,,,1,31,,12314,,,1,71,,12318,,,1,29,,12319,,,1,63,,12337,,,1,18,,12347,,,1,18,,12315,,,1,59,,12316,,,1,18,,12317,,,1,18,,12325,,,1,58,,12320,,,1,18,,12338,,,1,18,,12346,,,1,59,,12322,,,1,21,,12324,,,1,21,,12323,,,1,60,,12328,,,1,20,,12321,,,1,20,,12339,,,1,60,,12348,,,1,20,,12329,,,1,20,,12327,,,1,60,,12330,,,1,20,,12326,,,1,20,,12336,,,1,60,,12341,,,1,20,,12349,,,1,20,,12332,,,1,60,,12335,,,1,19,,12331,,,1,20,,12333,,,1,59,,12334,,,1,19,,12340,,,1,17,,12350,,,1,68,,12343,,,1,29,,12345,,,1,67,,12344,,,1
10700,'26JA05-MABlock-Saturday-22',824,,12379,,,1,31,,12351,,,1,71,,12355,,,1,29,,12359,,,1,63,,12374,,,1,18,,12383,,,1,18,,12353,,,1,59,,12352,,,1,18,,12354,,,1,18,,12363,,,1,58,,12360,,,1,18,,12375,,,1,18,,12384,,,1,59,,12358,,,1,21,,12356,,,1,21,,12357,,,1,60,,12368,,,1,20,,12362,,,1,20,,12378,,,1,60,,12386,,,1,20,,12361,,,1,20,,12367,,,1,60,,12365,,,1,20,,12369,,,1,20,,12364,,,1,60,,12376,,,1,20,,12385,,,1,20,,12366,,,1,60,,12370,,,1,19,,12371,,,1,20,,12372,,,1,59,,12373,,,1,19,,12377,,,1,17,,12387,,,1,68,,12380,,,1,29,,12382,,,1,67,,12381,,,1
10700,'26JA05-MABlock-Sunday-23',824,,12416,,,1,31,,12388,,,1,71,,12392,,,1,29,,12393,,,1,63,,12411,,,1,18,,12421,,,1,18,,12389,,,1,59,,12390,,,1,18,,12391,,,1,18,,12399,,,1,58,,12394,,,1,18,,12412,,,1,18,,12420,,,1,59,,12396,,,1,21,,12398,,,1,21,,12397,,,1,60,,12402,,,1,20,,12395,,,1,20,,12413,,,1,60,,12422,,,1,20,,12403,,,1,20,,12401,,,1,60,,12404,,,1,20,,12400,,,1,20,,12410,,,1,60,,12415,,,1,20,,12423,,,1,20,,12406,,,1,60,,12409,,,1,19,,12405,,,1,20,,12407,,,1,59,,12408,,,1,19,,12414,,,1,17,,12424,,,1,68,,12417,,,1,29,,12419,,,1,67,,12418,,,1
10700,'26JA05-MABlock-Weekday-21',518,,12484,,,1,27,,12477,,,1,56,,12473,,,1,16,,12491,,,1,15,,12471,,,1,16,,12474,,,1,56,,12459,,,1,15,,12460,,,1,16,,12488,,,1,15,,12466,,,1,55,,12476,,,1,14,,12467,,,1,14,,12492,,,1,15,,12458,,,1,54,,12457,,,1,12,,12475,,,1,12,,12464,,,1,14,,12450,,,1,15,,12487,,,1,55,,12455,,,1,14,,12479,,,1,15,,12469,,,1,15,,12497,,,1,55,,12448,,,1,15,,12445,,,1,15,,12463,,,1,15,,12451,,,1,55,,12485,,,1,15,,12442,,,1,15,,12483,,,1,16,,12470,,,1,55,,12496,,,1,15,,12453,,,1,16,,12439,,,1,16,,12461,,,1,55,,12449,,,1,15,,12489,,,1,16,,12443,,,1,14,,12480,,,1,55,,12468,,,1,15,,12490,,,1,13,,12432,,,1,12,,12452,,,1,52,,12433,,,1,12,,12436,,,1,12,,12430,,,1,10,,12462,,,1,10,,12447,,,1,11,,12486,,,1,51,,12440,,,1,12,,12427,,,1,12,,12478,,,1,12,,12472,,,1,11,,12493,,,1,52,,12426,,,1,12,,12454,,,1,12,,12431,,,1,11,,12437,,,1,15,,12465,,,1,55,,12456,,,1,19,,12444,,,1,19,,12481,,,1,59,,12494,,,1,20,,12428,,,1,20,,12429,,,1,60,,12438,,,1,20,,12446,,,1,20,,12441,,,1,58,,12482,,,1,19,,12495,,,1,20,,12425,,,1,60,,12434,,,1,20,,12435,,,1
