1001,'CPHoliday1',735,,31196,24,,,1,70,,31195,24,,,1,30,,31194,24,,,1,72,,31193,24,,,1,34,,31192,24,,,1,74,,31191,24,,,1,33,,31190,24,,,1,73,,31189,24,,,1,35,,31188,24,,,1,75,,31186,24,,,1,75,,31187,24,,,1,35,,31185,24,,,1,75,,31184,24,,,1,35,,31182,24,,,1,76,,31183,24,,,1,76,,31181,24,,,1,37,,31177,24,,,1,76,,31179,24,,,1,36,,31175,24,,,1,76,,31174,24,,,1,74,,31178,24,,,1,34,,31171,24,,,1,73,,31172,24,,,1,34,,31169,24,,,1,74,,31176,24,,,1,34,,31173,24,,,1,73,,31168,24,,,1,32,,31167,24,,,1,71,,31180,24,,,1,29,,31170,24,,,1
1001,'CPSaturday',628,,31236,24,,,1,26,,31234,24,,,1,65,,31235,24,,,1,25,,31232,24,,,1,65,,31233,24,,,1,27,,31229,24,,,1,65,,31230,24,,,1,27,,31228,24,,,1,27,,31231,24,,,1,67,,31226,24,,,1,27,,31227,24,,,1,68,,31225,24,,,1,28,,31224,24,,,1,68,,31223,24,,,1,28,,31222,24,,,1,70,,31221,24,,,1,29,,31220,24,,,1,69,,31218,24,,,1,28,,31219,24,,,1,69,,31217,24,,,1,29,,31216,24,,,1,70,,31211,24,,,1,30,,31212,24,,,1,69,,31207,24,,,1,30,,31206,24,,,1,67,,31210,24,,,1,28,,31205,24,,,1,27,,31215,24,,,1,68,,31204,24,,,1,28,,31201,24,,,1,68,,31208,24,,,1,26,,31198,24,,,1,66,,31214,24,,,1,25,,31202,24,,,1,66,,31200,24,,,1,26,,31209,24,,,1,26,,31199,24,,,1,66,,31213,24,,,1,23,,31203,24,,,1,64,,31197,24,,,1
1001,'CPSunday',735,,31266,24,,,1,70,,31265,24,,,1,30,,31264,24,,,1,72,,31263,24,,,1,34,,31262,24,,,1,74,,31261,24,,,1,33,,31260,24,,,1,73,,31259,24,,,1,35,,31258,24,,,1,75,,31256,24,,,1,75,,31257,24,,,1,35,,31255,24,,,1,75,,31254,24,,,1,35,,31252,24,,,1,76,,31253,24,,,1,76,,31251,24,,,1,37,,31247,24,,,1,76,,31249,24,,,1,36,,31245,24,,,1,76,,31244,24,,,1,74,,31248,24,,,1,34,,31241,24,,,1,73,,31242,24,,,1,34,,31239,24,,,1,74,,31246,24,,,1,34,,31243,24,,,1,73,,31238,24,,,1,32,,31237,24,,,1,71,,31250,24,,,1,29,,31240,24,,,1
1001,'CPWeekday',454,,31316,24,,,1,62,,31312,24,,,1,20,,31315,24,,,1,23,,31314,24,,,1,62,,31313,24,,,1,22,,31310,24,,,1,66,,31311,24,,,1,25,,31309,24,,,1,25,,31308,24,,,1,67,,31307,24,,,1,26,,31306,24,,,1,64,,31304,24,,,1,25,,31305,24,,,1,64,,31303,24,,,1,26,,31302,24,,,1,25,,31301,24,,,1,64,,31300,24,,,1,25,,31299,24,,,1,65,,31298,24,,,1,25,,31297,24,,,1,65,,31296,24,,,1,25,,31295,24,,,1,25,,31294,24,,,1,66,,31292,24,,,1,28,,31293,24,,,1,67,,31287,24,,,1,27,,31284,24,,,1,67,,31286,24,,,1,27,,31285,24,,,1,24,,31279,24,,,1,62,,31278,24,,,1,21,,31289,24,,,1,62,,31283,24,,,1,22,,31276,24,,,1,22,,31275,24,,,1,63,,31277,24,,,1,23,,31274,24,,,1,19,,31273,24,,,1,60,,31291,24,,,1,22,,31280,24,,,1,22,,31272,24,,,1,63,,31270,24,,,1,34,,31271,24,,,1,74,,31288,24,,,1,31,,31282,24,,,1,72,,31268,24,,,1,31,,31269,24,,,1,68,,31290,24,,,1,29,,31281,24,,,1,67,,31267,24,,,1
3900,'CPHoliday1',615,,36153,33,,,1,38,,36147,33,,,1,82,,36142,33,,,1,78,,36138,33,,,1,40,,36154,33,,,1,82,,36145,33,,,1,82,,36143,33,,,1,83,,36137,33,,,1,43,,36152,33,,,1,84,,36146,33,,,1,86,,36139,33,,,1,45,,36136,33,,,1,85,,36155,33,,,1,85,,36149,33,,,1,85,,36140,33,,,1,44,,36135,33,,,1,85,,36156,33,,,1,85,,36148,33,,,1,84,,36141,33,,,1,44,,36134,33,,,1,82,,36151,33,,,1,80,,36150,33,,,1,41,,36144,33,,,1,75,,36133,33,,,1
3900,'CPSaturday',822,,36161,33,,,1,284,,36160,33,,,1,299,,36159,33,,,1,231,,36162,33,,,1,70,,36158,33,,,1,227,,36163,33,,,1,69,,36157,33,,,1,210,,36164,33,,,1
3900,'CPSunday',615,,36185,33,,,1,38,,36179,33,,,1,82,,36174,33,,,1,78,,36170,33,,,1,40,,36186,33,,,1,82,,36177,33,,,1,82,,36175,33,,,1,83,,36169,33,,,1,43,,36184,33,,,1,84,,36178,33,,,1,86,,36171,33,,,1,45,,36168,33,,,1,85,,36187,33,,,1,85,,36181,33,,,1,85,,36172,33,,,1,44,,36167,33,,,1,85,,36188,33,,,1,85,,36180,33,,,1,84,,36173,33,,,1,44,,36166,33,,,1,82,,36183,33,,,1,80,,36182,33,,,1,41,,36176,33,,,1,75,,36165,33,,,1
3900,'MASaturday',615,,36212,33,,,1,25,,36211,33,,,1,67,,36205,33,,,1,25,,36204,33,,,1,25,,36215,33,,,1,91,,36206,33,,,1,66,,36199,33,,,1,26,,36197,33,,,1,69,,36198,33,,,1,28,,36214,33,,,1,97,,36210,33,,,1,71,,36200,33,,,1,30,,36194,33,,,1,70,,36192,33,,,1,30,,36213,33,,,1,100,,36209,33,,,1,70,,36203,33,,,1,31,,36195,33,,,1,70,,36190,33,,,1,129,,36207,33,,,1,70,,36202,33,,,1,30,,36193,33,,,1,70,,36189,33,,,1,126,,36208,33,,,1,25,,36201,33,,,1,66,,36196,33,,,1,25,,36191,33,,,1
3900,'MAWeekday',534,,36217,33,,,1,22,,36218,33,,,1,64,,36219,33,,,1,20,,36220,33,,,1,18,,36221,33,,,1,61,,36222,33,,,1,19,,36223,33,,,1,20,,36224,33,,,1,63,,36225,33,,,1,23,,36226,33,,,1,61,,36227,33,,,1,31,,36228,33,,,1,77,,36229,33,,,1,37,,36230,33,,,1,78,,36231,33,,,1,77,,36232,33,,,1,37,,36233,33,,,1,75,,36234,33,,,1,34,,36235,33,,,1,66,,36236,33,,,1,28,,36237,33,,,1,59,,36238,33,,,1,20,,36239,33,,,1,21,,36240,33,,,1,62,,36241,33,,,1,18,,36242,33,,,1,19,,36243,33,,,1,58,,36244,33,,,1,19,,36245,33,,,1,22,,36246,33,,,1,62,,36247,33,,,1,21,,36248,33,,,1,23,,36249,33,,,1,58,,36250,33,,,1,22,,36251,33,,,1,23,,36252,33,,,1,59,,36253,33,,,1,35,,36254,33,,,1,78,,36255,33,,,1,82,,36256,33,,,1,41,,36257,33,,,1,77,,36258,33,,,1,34,,36259,33,,,1,73,,36260,33,,,1,75,,36261,33,,,1,34,,36262,33,,,1
37601,'CPWeekday',723,,41809,24,,,1
