3800,'CPHoliday1',820,,35935,49,,,1,92,,35946,49,,,1,93,,35936,49,,,1,50,,35937,49,,,1,97,,35942,49,,,1,96,,35939,49,,,1,96,,35938,49,,,1,95,,35945,49,,,1,97,,35940,49,,,1,95,,35944,49,,,1,95,,35941,49,,,1,94,,35943,49,,,1,93,,35947,49,,,1,94,,35949,49,,,1,50,,35948,49,,,1
3800,'CPSaturday',707,,35964,49,,,1,36,,35965,49,,,1,70,,35966,49,,,1,32,,35967,49,,,1,71,,35968,49,,,1,31,,35969,49,,,1,73,,35970,49,,,1,33,,35971,49,,,1,71,,35972,49,,,1,34,,35973,49,,,1,74,,35974,49,,,1,74,,35975,49,,,1,35,,35976,49,,,1,74,,35977,49,,,1,37,,35978,49,,,1,75,,35979,49,,,1,75,,35980,49,,,1,36,,35981,49,,,1,74,,35950,49,,,1,33,,35951,49,,,1,74,,35952,49,,,1,33,,35953,49,,,1,73,,35954,49,,,1,31,,35955,49,,,1,72,,35956,49,,,1,72,,35957,49,,,1,32,,35958,49,,,1,69,,35959,49,,,1,30,,35960,49,,,1,69,,35961,49,,,1,27,,35962,49,,,1,24,,35963,49,,,1
3800,'CPSunday',820,,35982,49,,,1,92,,35993,49,,,1,93,,35983,49,,,1,50,,35984,49,,,1,97,,35989,49,,,1,96,,35986,49,,,1,96,,35985,49,,,1,95,,35992,49,,,1,97,,35987,49,,,1,95,,35991,49,,,1,95,,35988,49,,,1,94,,35990,49,,,1,93,,35994,49,,,1,94,,35996,49,,,1,50,,35995,49,,,1
3800,'CPWeekday',503,,36032,49,,,1,30,,36021,49,,,1,23,,36020,49,,,1,67,,36018,49,,,1,27,,36017,49,,,1,67,,36019,49,,,1,33,,36029,49,,,1,72,,36023,49,,,1,36,,36012,49,,,1,75,,36010,49,,,1,78,,36009,49,,,1,39,,36033,49,,,1,80,,36024,49,,,1,78,,36011,49,,,1,37,,36006,49,,,1,76,,36005,49,,,1,35,,36030,49,,,1,77,,36025,49,,,1,16,,36004,49,,,1,75,,36015,49,,,1,32,,36007,49,,,1,70,,36002,49,,,1,29,,36003,49,,,1,69,,36034,49,,,1,28,,36026,49,,,1,70,,36001,49,,,1,28,,36016,49,,,1,71,,36008,49,,,1,32,,35998,49,,,1,74,,36031,49,,,1,73,,36022,49,,,1,26,,35997,49,,,1,26,,36013,49,,,1,87,,35999,49,,,1,85,,36027,49,,,1,83,,36014,49,,,1,41,,36000,49,,,1
4300,'CPWeekday',533,,36936,51,,,1,81,,36943,51,,,1,41,,36939,51,,,1,80,,36941,51,,,1,80,,36937,51,,,1,40,,36944,51,,,1,79,,36940,51,,,1,76,,36942,51,,,1,40,,36938,51,,,1
4400,'CPHoliday1',749,,36977,38,,,1,84,,36978,38,,,1,85,,36976,38,,,1,85,,36974,38,,,1,30,,36973,38,,,1,70,,36975,38,,,1,30,,36971,38,,,1,71,,36970,38,,,1,29,,36972,38,,,1,71,,36968,38,,,1,31,,36969,38,,,1,71,,36966,38,,,1,31,,36967,38,,,1,71,,36965,38,,,1,31,,36964,38,,,1,71,,36963,38,,,1,31,,36962,38,,,1,71,,36961,38,,,1,31,,36960,38,,,1,85,,36956,38,,,1,86,,36957,38,,,1,40,,36955,38,,,1,85,,36958,38,,,1,83,,36954,38,,,1,80,,36959,38,,,1
4400,'CPSaturday',754,,37001,38,,,1,85,,37002,38,,,1,88,,37000,38,,,1,85,,36998,38,,,1,45,,36999,38,,,1,85,,36997,38,,,1,85,,36996,38,,,1,85,,36993,38,,,1,30,,36995,38,,,1,71,,36994,38,,,1,32,,36992,38,,,1,73,,36991,38,,,1,32,,36990,38,,,1,72,,36989,38,,,1,32,,36988,38,,,1,71,,36986,38,,,1,32,,36985,38,,,1,71,,36984,38,,,1,72,,36987,38,,,1,32,,36981,38,,,1,82,,36980,38,,,1,42,,36982,38,,,1,84,,36979,38,,,1,82,,36983,38,,,1
4400,'CPSunday',749,,37026,38,,,1,84,,37027,38,,,1,85,,37025,38,,,1,85,,37023,38,,,1,30,,37022,38,,,1,70,,37024,38,,,1,30,,37020,38,,,1,71,,37019,38,,,1,29,,37021,38,,,1,71,,37017,38,,,1,31,,37018,38,,,1,71,,37015,38,,,1,31,,37016,38,,,1,71,,37014,38,,,1,31,,37013,38,,,1,71,,37012,38,,,1,31,,37011,38,,,1,71,,37010,38,,,1,31,,37009,38,,,1,85,,37005,38,,,1,86,,37006,38,,,1,40,,37004,38,,,1,85,,37007,38,,,1,83,,37003,38,,,1,80,,37008,38,,,1
4400,'CPWeekday',559,,37028,38,,,1,65,,37029,38,,,1,25,,37030,38,,,1,68,,37031,38,,,1,26,,37032,38,,,1,66,,37033,38,,,1,28,,37034,38,,,1,68,,37035,38,,,1,26,,37036,38,,,1,26,,37037,38,,,1,66,,37038,38,,,1,26,,37039,38,,,1,66,,37040,38,,,1,25,,37041,38,,,1,65,,37042,38,,,1,25,,37043,38,,,1,25,,37044,38,,,1,65,,37045,38,,,1,25,,37046,38,,,1,65,,37047,38,,,1,21,,37048,38,,,1,16,,37049,38,,,1,56,,37050,38,,,1,16,,37051,38,,,1,16,,37052,38,,,1,16,,37053,38,,,1,56,,37054,38,,,1,16,,37055,38,,,1,16,,37056,38,,,1,16,,37057,38,,,1,56,,37058,38,,,1,16,,37059,38,,,1,16,,37060,38,,,1,16,,37061,38,,,1,58,,37062,38,,,1,18,,37063,38,,,1,14,,37064,38,,,1,56,,37065,38,,,1,16,,37066,38,,,1,16,,37067,38,,,1,15,,37068,38,,,1,56,,37069,38,,,1,18,,37070,38,,,1,22,,37071,38,,,1,65,,37072,38,,,1,38,,37073,38,,,1,85,,37074,38,,,1,88,,37075,38,,,1,88,,37076,38,,,1,88,,37077,38,,,1,49,,37078,38,,,1
10801,'CPWeekday',1520,,40929,6,,,1,31,,40930,6,,,1,60,,40931,6,,,1,20,,40932,6,,,1,9,,40928,6,,,1,13,,40933,6,,,1,62,,40934,6,,,1,23,,40935,6,,,1,65,,40936,6,,,1,28,,40937,6,,,1,70,,40938,6,,,1,30,,40939,6,,,1,70,,40940,6,,,1
