3801,'CPHoliday1',830,,36037,25,,,1,90,,36035,25,,,1,97,,36041,25,,,1,95,,36038,25,,,1,96,,36036,25,,,1,95,,36046,25,,,1,56,,36040,25,,,1,96,,36039,25,,,1,95,,36045,25,,,1,96,,36043,25,,,1,93,,36044,25,,,1,93,,36047,25,,,1,94,,36042,25,,,1,93,,36048,25,,,1
3801,'CPSaturday',623,,36049,25,,,1,25,,36050,25,,,1,65,,36051,25,,,1,33,,36052,25,,,1,70,,36053,25,,,1,30,,36054,25,,,1,70,,36055,25,,,1,31,,36056,25,,,1,73,,36057,25,,,1,34,,36058,25,,,1,74,,36059,25,,,1,74,,36060,25,,,1,34,,36061,25,,,1,75,,36062,25,,,1,34,,36063,25,,,1,74,,36064,25,,,1,34,,36065,25,,,1,74,,36066,25,,,1,74,,36067,25,,,1,34,,36068,25,,,1,75,,36069,25,,,1,34,,36070,25,,,1,74,,36071,25,,,1,34,,36072,25,,,1,73,,36073,25,,,1,34,,36074,25,,,1,72,,36075,25,,,1,71,,36076,25,,,1,29,,36077,25,,,1,70,,36078,25,,,1,30,,36079,25,,,1,27,,36080,25,,,1,66,,36081,25,,,1,28,,36082,25,,,1
3801,'CPSunday',830,,36085,25,,,1,90,,36083,25,,,1,97,,36089,25,,,1,95,,36086,25,,,1,96,,36084,25,,,1,95,,36094,25,,,1,56,,36088,25,,,1,96,,36087,25,,,1,95,,36093,25,,,1,96,,36091,25,,,1,93,,36092,25,,,1,93,,36095,25,,,1,94,,36090,25,,,1,93,,36096,25,,,1
3801,'CPWeekday',536,,36120,30,,,1,73,,36128,30,,,1,28,,36121,30,,,1,70,,36118,30,,,1,30,,36111,30,,,1,71,,36110,30,,,1,32,,36119,30,,,1,70,,36130,30,,,1,32,,36125,30,,,1,74,,36113,30,,,1,36,,36109,30,,,1,77,,36105,30,,,1,79,,36132,30,,,1,40,,36124,30,,,1,80,,36112,30,,,1,72,,36106,30,,,1,27,,36104,30,,,1,26,,36103,30,,,1,72,,36129,30,,,1,31,,36122,30,,,1,71,,36101,30,,,1,31,,36117,30,,,1,68,,36108,30,,,1,28,,36100,30,,,1,69,,36102,30,,,1,27,,36131,30,,,1,67,,36123,30,,,1,26,,36098,30,,,1,68,,36116,30,,,1,28,,36107,30,,,1,78,,36097,30,,,1,89,,36126,30,,,1,47,,36114,30,,,1,85,,36099,30,,,1,85,,36127,30,,,1,80,,36115,30,,,1
4301,'CPWeekday',1437,,36947,20,,,1,82,,36945,20,,,1,40,,36950,20,,,1,80,,36952,20,,,1,80,,36948,20,,,1,82,,36946,20,,,1,42,,36951,20,,,1,82,,36953,20,,,1,79,,36949,20,,,1
4401,'CPHoliday1',736,,37103,12,,,1,82,,37104,12,,,1,82,,37102,12,,,1,44,,37101,12,,,1,84,,37100,12,,,1,72,,37098,12,,,1,34,,37099,12,,,1,71,,37096,12,,,1,31,,37097,12,,,1,71,,37094,12,,,1,31,,37095,12,,,1,71,,37093,12,,,1,31,,37092,12,,,1,71,,37091,12,,,1,31,,37090,12,,,1,71,,37089,12,,,1,31,,37088,12,,,1,70,,37087,12,,,1,31,,37082,12,,,1,71,,37083,12,,,1,85,,37081,12,,,1,44,,37086,12,,,1,82,,37080,12,,,1,81,,37084,12,,,1,42,,37079,12,,,1,80,,37085,12,,,1
4401,'CPSaturday',741,,37130,12,,,1,85,,37128,12,,,1,86,,37129,12,,,1,45,,37126,12,,,1,85,,37127,12,,,1,85,,37125,12,,,1,85,,37123,12,,,1,30,,37124,12,,,1,70,,37121,12,,,1,30,,37122,12,,,1,70,,37120,12,,,1,32,,37119,12,,,1,72,,37118,12,,,1,32,,37117,12,,,1,72,,37116,12,,,1,32,,37113,12,,,1,72,,37112,12,,,1,32,,37114,12,,,1,72,,37111,12,,,1,72,,37109,12,,,1,31,,37115,12,,,1,28,,37107,12,,,1,84,,37106,12,,,1,84,,37108,12,,,1,82,,37105,12,,,1,42,,37110,12,,,1
4401,'CPSunday',736,,37155,12,,,1,82,,37156,12,,,1,82,,37154,12,,,1,44,,37153,12,,,1,84,,37152,12,,,1,72,,37150,12,,,1,34,,37151,12,,,1,71,,37148,12,,,1,31,,37149,12,,,1,71,,37146,12,,,1,31,,37147,12,,,1,71,,37145,12,,,1,31,,37144,12,,,1,71,,37143,12,,,1,31,,37142,12,,,1,71,,37141,12,,,1,31,,37140,12,,,1,70,,37139,12,,,1,31,,37134,12,,,1,71,,37135,12,,,1,85,,37133,12,,,1,44,,37138,12,,,1,82,,37132,12,,,1,81,,37136,12,,,1,42,,37131,12,,,1,80,,37137,12,,,1
4401,'CPWeekday',500,,37157,12,,,1,20,,37158,12,,,1,22,,37159,12,,,1,62,,37160,12,,,1,17,,37161,12,,,1,15,,37162,12,,,1,15,,37163,12,,,1,56,,37164,12,,,1,16,,37165,12,,,1,16,,37166,12,,,1,16,,37167,12,,,1,56,,37168,12,,,1,16,,37169,12,,,1,16,,37170,12,,,1,16,,37171,12,,,1,56,,37172,12,,,1,15,,37173,12,,,1,15,,37174,12,,,1,55,,37175,12,,,1,15,,37176,12,,,1,15,,37177,12,,,1,22,,37178,12,,,1,66,,37179,12,,,1,26,,37180,12,,,1,66,,37181,12,,,1,26,,37182,12,,,1,66,,37183,12,,,1,26,,37184,12,,,1,26,,37185,12,,,1,66,,37186,12,,,1,28,,37187,12,,,1,68,,37188,12,,,1,28,,37189,12,,,1,68,,37190,12,,,1,26,,37191,12,,,1,66,,37192,12,,,1,26,,37193,12,,,1,26,,37194,12,,,1,66,,37195,12,,,1,26,,37196,12,,,1,66,,37197,12,,,1,26,,37198,12,,,1,66,,37199,12,,,1,26,,37200,12,,,1,70,,37201,12,,,1,40,,37202,12,,,1,85,,37203,12,,,1,83,,37204,12,,,1,45,,37205,12,,,1,90,,37206,12,,,1,90,,37207,12,,,1
10800,'CPWeekday',548,,40916,23,,,1,71,,40917,23,,,1,33,,40918,23,,,1,72,,40919,23,,,1,23,,40920,23,,,1,65,,40921,23,,,1,22,,40922,23,,,1,12,,40915,23,,,1,11,,40923,23,,,1,63,,40924,23,,,1,28,,40925,23,,,1,68,,40926,23,,,1,26,,40927,23,,,1
