4400,'CPHoliday1',726,,9109,1,,,1,82,,9110,1,,,1,42,,9108,1,,,1,84,,9106,1,,,1,70,,9105,1,,,1,30,,9107,1,,,1,70,,9103,1,,,1,31,,9102,1,,,1,69,,9104,1,,,1,31,,9100,1,,,1,71,,9101,1,,,1,31,,9098,1,,,1,71,,9099,1,,,1,31,,9097,1,,,1,71,,9096,1,,,1,31,,9095,1,,,1,71,,9094,1,,,1,31,,9093,1,,,1,71,,9092,1,,,1,45,,9088,1,,,1,86,,9089,1,,,1,85,,9087,1,,,1,85,,9090,1,,,1,43,,9086,1,,,1,80,,9091,1,,,1
4400,'CPSaturday',730,,9133,1,,,1,85,,9134,1,,,1,85,,9132,1,,,1,45,,9130,1,,,1,85,,9131,1,,,1,85,,9129,1,,,1,85,,9128,1,,,1,45,,9125,1,,,1,70,,9127,1,,,1,30,,9126,1,,,1,70,,9124,1,,,1,32,,9123,1,,,1,72,,9122,1,,,1,32,,9121,1,,,1,72,,9120,1,,,1,32,,9118,1,,,1,72,,9117,1,,,1,32,,9116,1,,,1,72,,9119,1,,,1,72,,9113,1,,,1,44,,9112,1,,,1,84,,9114,1,,,1,84,,9111,1,,,1,42,,9115,1,,,1
4400,'CPSunday',726,,9158,1,,,1,82,,9159,1,,,1,42,,9157,1,,,1,84,,9155,1,,,1,70,,9154,1,,,1,30,,9156,1,,,1,70,,9152,1,,,1,31,,9151,1,,,1,69,,9153,1,,,1,31,,9149,1,,,1,71,,9150,1,,,1,31,,9147,1,,,1,71,,9148,1,,,1,31,,9146,1,,,1,71,,9145,1,,,1,31,,9144,1,,,1,71,,9143,1,,,1,31,,9142,1,,,1,71,,9141,1,,,1,45,,9137,1,,,1,86,,9138,1,,,1,85,,9136,1,,,1,85,,9139,1,,,1,43,,9135,1,,,1,80,,9140,1,,,1
4400,'CPWeekday',535,,9198,1,,,1,14,,9199,1,,,1,58,,9203,1,,,1,20,,9200,1,,,1,20,,9195,1,,,1,60,,9197,1,,,1,20,,9196,1,,,1,20,,9204,1,,,1,60,,9194,1,,,1,22,,9191,1,,,1,22,,9192,1,,,1,62,,9193,1,,,1,22,,9208,1,,,1,22,,9184,1,,,1,62,,9183,1,,,1,22,,9186,1,,,1,62,,9182,1,,,1,22,,9205,1,,,1,20,,9181,1,,,1,60,,9180,1,,,1,20,,9190,1,,,1,20,,9175,1,,,1,60,,9206,1,,,1,20,,9176,1,,,1,20,,9174,1,,,1,60,,9210,1,,,1,10,,9187,1,,,1,14,,9173,1,,,1,12,,9215,1,,,1,12,,9202,1,,,1,54,,9179,1,,,1,14,,9218,1,,,1,16,,9172,1,,,1,16,,9188,1,,,1,54,,9213,1,,,1,14,,9171,1,,,1,14,,9201,1,,,1,14,,9211,1,,,1,56,,9177,1,,,1,16,,9165,1,,,1,10,,9216,1,,,1,18,,9189,1,,,1,56,,9167,1,,,1,10,,9217,1,,,1,16,,9207,1,,,1,16,,9212,1,,,1,12,,9178,1,,,1,54,,9161,1,,,1,14,,9209,1,,,1,14,,9185,1,,,1,14,,9166,1,,,1,56,,9214,1,,,1,40,,9162,1,,,1,81,,9168,1,,,1,86,,9160,1,,,1,86,,9170,1,,,1,46,,9163,1,,,1,86,,9169,1,,,1,86,,9164,1,,,1
4401,'CPHoliday1',757,,9243,47,4,,1,82,,9244,47,4,,1,85,,9242,47,4,,1,84,,9241,47,4,,1,44,,9240,47,4,,1,73,,9238,47,4,,1,34,,9239,47,4,,1,71,,9236,47,4,,1,71,,9237,47,4,,1,31,,9234,47,4,,1,71,,9235,47,4,,1,31,,9233,47,4,,1,71,,9232,47,4,,1,31,,9231,47,4,,1,71,,9230,47,4,,1,31,,9229,47,4,,1,71,,9228,47,4,,1,30,,9227,47,4,,1,71,,9222,47,4,,1,31,,9223,47,4,,1,85,,9221,47,4,,1,84,,9226,47,4,,1,42,,9220,47,4,,1,80,,9224,47,4,,1,82,,9219,47,4,,1,40,,9225,47,4,,1
4401,'CPSaturday',804,,9270,47,4,,1,45,,9268,47,4,,1,88,,9269,47,4,,1,85,,9266,47,4,,1,85,,9267,47,4,,1,45,,9265,47,4,,1,85,,9263,47,4,,1,70,,9264,47,4,,1,30,,9261,47,4,,1,71,,9262,47,4,,1,31,,9260,47,4,,1,72,,9259,47,4,,1,32,,9258,47,4,,1,72,,9257,47,4,,1,32,,9256,47,4,,1,71,,9253,47,4,,1,32,,9252,47,4,,1,72,,9254,47,4,,1,32,,9251,47,4,,1,70,,9249,47,4,,1,31,,9255,47,4,,1,68,,9247,47,4,,1,84,,9246,47,4,,1,44,,9248,47,4,,1,82,,9245,47,4,,1,82,,9250,47,4,,1
4401,'CPSunday',757,,9295,47,4,,1,82,,9296,47,4,,1,85,,9294,47,4,,1,84,,9293,47,4,,1,44,,9292,47,4,,1,73,,9290,47,4,,1,34,,9291,47,4,,1,71,,9288,47,4,,1,71,,9289,47,4,,1,31,,9286,47,4,,1,71,,9287,47,4,,1,31,,9285,47,4,,1,71,,9284,47,4,,1,31,,9283,47,4,,1,71,,9282,47,4,,1,31,,9281,47,4,,1,71,,9280,47,4,,1,30,,9279,47,4,,1,71,,9274,47,4,,1,31,,9275,47,4,,1,85,,9273,47,4,,1,84,,9278,47,4,,1,42,,9272,47,4,,1,80,,9276,47,4,,1,82,,9271,47,4,,1,40,,9277,47,4,,1
4401,'CPWeekday',524,,9352,47,4,,1,22,,9340,47,4,,1,54,,9354,47,4,,1,17,,9337,47,4,,1,16,,9338,47,4,,1,12,,9349,47,4,,1,14,,9336,47,4,,1,55,,9339,47,4,,1,12,,9357,47,4,,1,13,,9347,47,4,,1,14,,9334,47,4,,1,52,,9353,47,4,,1,13,,9333,47,4,,1,14,,9335,47,4,,1,6,,9355,47,4,,1,6,,9331,47,4,,1,14,,9332,47,4,,1,58,,9346,47,4,,1,6,,9350,47,4,,1,18,,9327,47,4,,1,14,,9330,47,4,,1,50,,9356,47,4,,1,6,,9329,47,4,,1,16,,9328,47,4,,1,16,,9351,47,4,,1,14,,9321,47,4,,1,54,,9342,47,4,,1,20,,9319,47,4,,1,22,,9320,47,4,,1,62,,9322,47,4,,1,22,,9318,47,4,,1,22,,9343,47,4,,1,60,,9317,47,4,,1,20,,9312,47,4,,1,20,,9326,47,4,,1,60,,9311,47,4,,1,20,,9341,47,4,,1,20,,9313,47,4,,1,62,,9310,47,4,,1,22,,9323,47,4,,1,62,,9309,47,4,,1,22,,9345,47,4,,1,22,,9316,47,4,,1,62,,9308,47,4,,1,22,,9325,47,4,,1,22,,9303,47,4,,1,62,,9344,47,4,,1,22,,9315,47,4,,1,62,,9301,47,4,,1,21,,9324,47,4,,1,22,,9304,47,4,,1,62,,9348,47,4,,1,20,,9314,47,4,,1,20,,9298,47,4,,1,82,,9302,47,4,,1,83,,9300,47,4,,1,45,,9305,47,4,,1,82,,9297,47,4,,1,86,,9306,47,4,,1,86,,9299,47,4,,1,46,,9307,47,4,,1
12600,'CPWeekday',652,,13741,1,,,1,55,,13738,1,,,1,15,,13735,1,,,1,15,,13733,1,,,1,15,,13744,1,,,1,55,,13743,1,,,1,15,,13742,1,,,1,15,,13739,1,,,1,15,,13740,1,,,1,56,,13737,1,,,1,16,,13736,1,,,1,16,,13734,1,,,1,460,,13731,1,,,1,13,,13727,1,,,1,15,,13725,1,,,1,16,,13719,1,,,1,56,,13720,1,,,1,16,,13716,1,,,1,16,,13715,1,,,1,16,,13714,1,,,1,55,,13730,1,,,1,16,,13728,1,,,1,16,,13726,1,,,1,16,,13723,1,,,1,56,,13722,1,,,1,16,,13717,1,,,1,16,,13712,1,,,1,16,,13713,1,,,1,56,,13732,1,,,1,16,,13729,1,,,1,15,,13724,1,,,1,15,,13718,1,,,1,55,,13721,1,,,1
12601,'CPWeekday',742,,13775,14,4,,1,16,,13772,14,4,,1,56,,13770,14,4,,1,16,,13767,14,4,,1,16,,13768,14,4,,1,58,,13764,14,4,,1,15,,13762,14,4,,1,15,,13760,14,4,,1,16,,13774,14,4,,1,54,,13773,14,4,,1,15,,13771,14,4,,1,15,,13766,14,4,,1,13,,13769,14,4,,1,54,,13765,14,4,,1,14,,13763,14,4,,1,13,,13761,14,4,,1,427,,13759,14,4,,1,58,,13756,14,4,,1,17,,13754,14,4,,1,16,,13750,14,4,,1,57,,13751,14,4,,1,16,,13748,14,4,,1,16,,13746,14,4,,1,16,,13747,14,4,,1,54,,13758,14,4,,1,15,,13757,14,4,,1,15,,13755,14,4,,1,14,,13753,14,4,,1,54,,13752,14,4,,1,13,,13749,14,4,,1,14,,13745,14,4,,1
