1001,'CPHoliday1',721,,17246,2,,,1,30,,17245,2,,,1,70,,17244,2,,,1,32,,17243,2,,,1,72,,17242,2,,,1,32,,17241,2,,,1,73,,17240,2,,,1,73,,17239,2,,,1,35,,17238,2,,,1,75,,17236,2,,,1,35,,17237,2,,,1,75,,17235,2,,,1,35,,17234,2,,,1,75,,17232,2,,,1,76,,17233,2,,,1,36,,17231,2,,,1,76,,17227,2,,,1,36,,17229,2,,,1,76,,17225,2,,,1,76,,17224,2,,,1,34,,17228,2,,,1,74,,17221,2,,,1,34,,17222,2,,,1,74,,17219,2,,,1,34,,17226,2,,,1,74,,17223,2,,,1,74,,17218,2,,,1,32,,17217,2,,,1,72,,17230,2,,,1,30,,17220,2,,,1
1001,'CPSaturday',614,,17286,2,,,1,24,,17284,2,,,1,65,,17285,2,,,1,25,,17282,2,,,1,25,,17283,2,,,1,65,,17279,2,,,1,25,,17280,2,,,1,67,,17278,2,,,1,27,,17281,2,,,1,67,,17276,2,,,1,27,,17277,2,,,1,28,,17275,2,,,1,68,,17274,2,,,1,28,,17273,2,,,1,68,,17272,2,,,1,29,,17271,2,,,1,69,,17270,2,,,1,29,,17268,2,,,1,68,,17269,2,,,1,29,,17267,2,,,1,69,,17266,2,,,1,30,,17261,2,,,1,70,,17262,2,,,1,29,,17257,2,,,1,69,,17256,2,,,1,28,,17260,2,,,1,68,,17255,2,,,1,28,,17265,2,,,1,68,,17254,2,,,1,28,,17251,2,,,1,68,,17258,2,,,1,26,,17248,2,,,1,26,,17264,2,,,1,65,,17252,2,,,1,26,,17250,2,,,1,66,,17259,2,,,1,26,,17249,2,,,1,67,,17263,2,,,1,24,,17253,2,,,1,24,,17247,2,,,1
1001,'CPSunday',721,,17316,2,,,1,30,,17315,2,,,1,70,,17314,2,,,1,32,,17313,2,,,1,72,,17312,2,,,1,32,,17311,2,,,1,73,,17310,2,,,1,73,,17309,2,,,1,35,,17308,2,,,1,75,,17306,2,,,1,35,,17307,2,,,1,75,,17305,2,,,1,35,,17304,2,,,1,75,,17302,2,,,1,76,,17303,2,,,1,36,,17301,2,,,1,76,,17297,2,,,1,36,,17299,2,,,1,76,,17295,2,,,1,76,,17294,2,,,1,34,,17298,2,,,1,74,,17291,2,,,1,34,,17292,2,,,1,74,,17289,2,,,1,34,,17296,2,,,1,74,,17293,2,,,1,74,,17288,2,,,1,32,,17287,2,,,1,72,,17300,2,,,1,30,,17290,2,,,1
1001,'CPWeekday',439,,17366,2,,,1,20,,17362,2,,,1,60,,17365,2,,,1,22,,17364,2,,,1,60,,17363,2,,,1,22,,17360,2,,,1,25,,17361,2,,,1,65,,17359,2,,,1,7,,17367,2,,,1,18,,17358,2,,,1,66,,17357,2,,,1,26,,17356,2,,,1,25,,17354,2,,,1,65,,17355,2,,,1,25,,17353,2,,,1,65,,17352,2,,,1,25,,17351,2,,,1,65,,17350,2,,,1,25,,17349,2,,,1,25,,17348,2,,,1,65,,17347,2,,,1,25,,17346,2,,,1,65,,17345,2,,,1,25,,17344,2,,,1,26,,17342,2,,,1,66,,17343,2,,,1,26,,17337,2,,,1,67,,17334,2,,,1,27,,17336,2,,,1,67,,17335,2,,,1,24,,17329,2,,,1,22,,17328,2,,,1,62,,17339,2,,,1,22,,17333,2,,,1,62,,17326,2,,,1,22,,17325,2,,,1,23,,17327,2,,,1,64,,17324,2,,,1,20,,17323,2,,,1,20,,17341,2,,,1,63,,17330,2,,,1,23,,17322,2,,,1,23,,17320,2,,,1,74,,17321,2,,,1,74,,17338,2,,,1,32,,17332,2,,,1,72,,17318,2,,,1,31,,17319,2,,,1,70,,17340,2,,,1,29,,17331,2,,,1,68,,17317,2,,,1
3801,'CPHoliday1',807,,22072,2,,,1,50,,22070,2,,,1,95,,22076,2,,,1,95,,22073,2,,,1,95,,22071,2,,,1,95,,22081,2,,,1,95,,22075,2,,,1,95,,22074,2,,,1,95,,22080,2,,,1,95,,22078,2,,,1,95,,22079,2,,,1,95,,22082,2,,,1,95,,22077,2,,,1,55,,22083,2,,,1
3801,'CPSaturday',601,,22084,2,,,1,25,,22085,2,,,1,25,,22086,2,,,1,70,,22087,2,,,1,30,,22088,2,,,1,70,,22089,2,,,1,30,,22090,2,,,1,71,,22091,2,,,1,32,,22092,2,,,1,72,,22093,2,,,1,74,,22094,2,,,1,34,,22095,2,,,1,74,,22096,2,,,1,34,,22097,2,,,1,74,,22098,2,,,1,34,,22099,2,,,1,74,,22100,2,,,1,34,,22101,2,,,1,74,,22102,2,,,1,74,,22103,2,,,1,35,,22104,2,,,1,75,,22105,2,,,1,35,,22106,2,,,1,75,,22107,2,,,1,74,,22108,2,,,1,34,,22109,2,,,1,72,,22110,2,,,1,32,,22111,2,,,1,70,,22112,2,,,1,30,,22113,2,,,1,70,,22114,2,,,1,27,,22115,2,,,1,68,,22116,2,,,1,28,,22117,2,,,1
3801,'CPSunday',807,,22120,2,,,1,50,,22118,2,,,1,95,,22124,2,,,1,95,,22121,2,,,1,95,,22119,2,,,1,95,,22129,2,,,1,95,,22123,2,,,1,95,,22122,2,,,1,95,,22128,2,,,1,95,,22126,2,,,1,95,,22127,2,,,1,95,,22130,2,,,1,95,,22125,2,,,1,55,,22131,2,,,1
3801,'CPWeekday',511,,22155,2,,,1,28,,22163,2,,,1,69,,22156,2,,,1,28,,22153,2,,,1,68,,22146,2,,,1,30,,22145,2,,,1,70,,22154,2,,,1,30,,22165,2,,,1,72,,22160,2,,,1,35,,22148,2,,,1,75,,22144,2,,,1,40,,22140,2,,,1,80,,22167,2,,,1,80,,22159,2,,,1,40,,22147,2,,,1,70,,22141,2,,,1,18,,22169,2,,,1,7,,22168,2,,,1,1,,22139,2,,,1,66,,22138,2,,,1,30,,22164,2,,,1,70,,22157,2,,,1,30,,22136,2,,,1,68,,22152,2,,,1,28,,22143,2,,,1,70,,22135,2,,,1,30,,22137,2,,,1,70,,22166,2,,,1,28,,22158,2,,,1,68,,22133,2,,,1,28,,22151,2,,,1,70,,22142,2,,,1,40,,22132,2,,,1,90,,22161,2,,,1,89,,22149,2,,,1,86,,22134,2,,,1,46,,22162,2,,,1,82,,22150,2,,,1
3900,'CPHoliday1',548,,22190,2,,,1,78,,22184,2,,,1,78,,22179,2,,,1,38,,22175,2,,,1,80,,22191,2,,,1,82,,22182,2,,,1,42,,22180,2,,,1,82,,22174,2,,,1,82,,22189,2,,,1,44,,22183,2,,,1,85,,22176,2,,,1,85,,22173,2,,,1,85,,22192,2,,,1,45,,22186,2,,,1,85,,22177,2,,,1,85,,22172,2,,,1,85,,22193,2,,,1,45,,22185,2,,,1,85,,22178,2,,,1,84,,22171,2,,,1,84,,22188,2,,,1,42,,22187,2,,,1,82,,22181,2,,,1,75,,22170,2,,,1
3900,'CPSaturday',726,,22199,2,,,1,25,,22198,2,,,1,254,,22200,2,,,1,28,,22197,2,,,1,268,,22201,2,,,1,30,,22196,2,,,1,271,,22202,2,,,1,30,,22195,2,,,1,269,,22203,2,,,1,30,,22194,2,,,1,215,,22204,2,,,1
3900,'CPSunday',548,,22225,2,,,1,78,,22219,2,,,1,78,,22214,2,,,1,38,,22210,2,,,1,80,,22226,2,,,1,82,,22217,2,,,1,42,,22215,2,,,1,82,,22209,2,,,1,82,,22224,2,,,1,44,,22218,2,,,1,85,,22211,2,,,1,85,,22208,2,,,1,85,,22227,2,,,1,45,,22221,2,,,1,85,,22212,2,,,1,85,,22207,2,,,1,85,,22228,2,,,1,45,,22220,2,,,1,85,,22213,2,,,1,84,,22206,2,,,1,84,,22223,2,,,1,42,,22222,2,,,1,82,,22216,2,,,1,75,,22205,2,,,1
3900,'MASaturday',546,,22252,2,,,1,65,,22251,2,,,1,25,,22245,2,,,1,65,,22244,2,,,1,116,,22246,2,,,1,26,,22239,2,,,1,66,,22237,2,,,1,28,,22238,2,,,1,164,,22250,2,,,1,30,,22240,2,,,1,70,,22234,2,,,1,30,,22232,2,,,1,170,,22249,2,,,1,30,,22243,2,,,1,71,,22235,2,,,1,30,,22230,2,,,1,169,,22247,2,,,1,30,,22242,2,,,1,70,,22233,2,,,1,30,,22229,2,,,1,170,,22248,2,,,1,28,,22241,2,,,1,26,,22236,2,,,1,66,,22231,2,,,1
3900,'MAWeekday',505,,22254,2,,,1,21,,22255,2,,,1,21,,22256,2,,,1,59,,22257,2,,,1,18,,22258,2,,,1,18,,22259,2,,,1,59,,22260,2,,,1,20,,22261,2,,,1,22,,22262,2,,,1,63,,22263,2,,,1,24,,22264,2,,,1,70,,22265,2,,,1,38,,22266,2,,,1,77,,22267,2,,,1,38,,22268,2,,,1,77,,22269,2,,,1,77,,22270,2,,,1,35,,22271,2,,,1,74,,22272,2,,,1,26,,22273,2,,,1,66,,22274,2,,,1,19,,22275,2,,,1,18,,22276,2,,,1,61,,22277,2,,,1,22,,22278,2,,,1,18,,22279,2,,,1,58,,22280,2,,,1,18,,22281,2,,,1,19,,22282,2,,,1,62,,22283,2,,,1,22,,22284,2,,,1,22,,22285,2,,,1,63,,22286,2,,,1,23,,22287,2,,,1,22,,22288,2,,,1,63,,22289,2,,,1,19,,22290,2,,,1,76,,22291,2,,,1,42,,22292,2,,,1,82,,22293,2,,,1,82,,22294,2,,,1,37,,22295,2,,,1,75,,22296,2,,,1,75,,22297,2,,,1,35,,22298,2,,,1,74,,22299,2,,,1
4301,'CPWeekday',1421,,22984,2,,,1,80,,22982,2,,,1,40,,22987,2,,,1,80,,22989,2,,,1,80,,22985,2,,,1,42,,22983,2,,,1,82,,22988,2,,,1,82,,22990,2,,,1,40,,22986,2,,,1
4501,'CPHoliday1',746,,23368,2,,,1,75,,23369,2,,,1,35,,23370,2,,,1,75,,23371,2,,,1,75,,23372,2,,,1,35,,23373,2,,,1,80,,23374,2,,,1,80,,23375,2,,,1,40,,23376,2,,,1,80,,23377,2,,,1,80,,23378,2,,,1,40,,23379,2,,,1,80,,23380,2,,,1,80,,23381,2,,,1,40,,23382,2,,,1,80,,23383,2,,,1,80,,23384,2,,,1,40,,23385,2,,,1,80,,23386,2,,,1,80,,23387,2,,,1,40,,23388,2,,,1,80,,23389,2,,,1
4501,'CPSaturday',541,,23390,2,,,1,75,,23391,2,,,1,35,,23392,2,,,1,75,,23393,2,,,1,75,,23394,2,,,1,35,,23395,2,,,1,80,,23396,2,,,1,40,,23397,2,,,1,80,,23398,2,,,1,80,,23399,2,,,1,40,,23400,2,,,1,82,,23401,2,,,1,82,,23402,2,,,1,82,,23403,2,,,1,42,,23404,2,,,1,82,,23405,2,,,1,82,,23406,2,,,1,42,,23407,2,,,1,82,,23408,2,,,1,82,,23409,2,,,1,42,,23410,2,,,1,80,,23411,2,,,1,80,,23412,2,,,1,35,,23413,2,,,1,75,,23414,2,,,1
4501,'CPSunday',746,,23415,2,,,1,75,,23416,2,,,1,35,,23417,2,,,1,75,,23418,2,,,1,75,,23419,2,,,1,35,,23420,2,,,1,80,,23421,2,,,1,80,,23422,2,,,1,40,,23423,2,,,1,80,,23424,2,,,1,80,,23425,2,,,1,40,,23426,2,,,1,80,,23427,2,,,1,80,,23428,2,,,1,40,,23429,2,,,1,80,,23430,2,,,1,80,,23431,2,,,1,40,,23432,2,,,1,80,,23433,2,,,1,80,,23434,2,,,1,40,,23435,2,,,1,80,,23436,2,,,1
4501,'CPWeekday',431,,23437,2,,,1,70,,23438,2,,,1,30,,23439,2,,,1,20,,23440,2,0,11 6 12 13 14 15 16,1,60,,23441,2,,,1,20,,23442,2,0,11 6 12 13 14 15 16,1,18,,23443,2,,,1,58,,23444,2,0,11 6 12 13 14 15 16,1,18,,23445,2,,,1,20,,23446,2,0,11 6 12 13 14 15 16,1,60,,23447,2,,,1,20,,23448,2,0,11 6 12 13 14 15 16,1,20,,23449,2,,,1,62,,23450,2,0,11 6 12 13 14 15 16,1,22,,23451,2,,,1,30,,23452,2,0,11 6 12 13 14 15 16,1,72,,23453,2,,,1,72,,23454,2,,,1,32,,23455,2,,,1,72,,23456,2,,,1,32,,23457,2,,,1,72,,23458,2,,,1,20,,23459,2,,,1,20,,23460,2,,,1,60,,23461,2,,,1,19,,23462,2,,,1,17,,23463,2,0,11 6 12 13 14 15 16,1,55,,23464,2,,,1,20,,23465,2,0,11 6 12 13 14 15 16,1,18,,23466,2,,,1,18,,23467,2,0,11 6 12 13 14 15 16,1,58,,23468,2,,,1,18,,23469,2,0,11 6 12 13 14 15 16,1,18,,23470,2,,,1,58,,23471,2,0,11 6 12 13 14 15 16,1,18,,23472,2,,,1,18,,23473,2,0,11 6 12 13 14 15 16,1,58,,23474,2,,,1,18,,23475,2,0,11 6 12 13 14 15 16,1,18,,23476,2,,,1,18,,23477,2,0,11 6 12 13 14 15 16,1,58,,23478,2,,,1,18,,23479,2,,,1,20,,23480,2,,,1,60,,23481,2,,,1,22,,23482,2,,,1,70,,23483,2,,,1,30,,23484,2,,,1,70,,23485,2,,,1,30,,23486,2,,,1,70,,23487,2,,,1
4601,'CPHoliday1',721,,23583,2,,,1,80,,23584,2,,,1,40,,23585,2,,,1,80,,23586,2,,,1,80,,23587,2,,,1,40,,23588,2,,,1,80,,23589,2,,,1,80,,23590,2,,,1,40,,23591,2,,,1,82,,23592,2,,,1,82,,23593,2,,,1,42,,23594,2,,,1,82,,23595,2,,,1,84,,23596,2,,,1,42,,23597,2,,,1,82,,23598,2,,,1,82,,23599,2,,,1,82,,23600,2,,,1,42,,23601,2,,,1,84,,23602,2,,,1,86,,23603,2,,,1
4601,'CPSaturday',631,,23604,2,,,1,80,,23605,2,,,1,40,,23606,2,,,1,80,,23607,2,,,1,80,,23608,2,,,1,42,,23609,2,,,1,82,,23610,2,,,1,82,,23611,2,,,1,42,,23612,2,,,1,82,,23613,2,,,1,82,,23614,2,,,1,82,,23615,2,,,1,44,,23616,2,,,1,84,,23617,2,,,1,84,,23618,2,,,1,84,,23619,2,,,1,44,,23620,2,,,1,84,,23621,2,,,1,84,,23622,2,,,1,44,,23623,2,,,1,82,,23624,2,,,1,82,,23625,2,,,1,80,,23626,2,,,1
4601,'CPSunday',721,,23627,2,,,1,80,,23628,2,,,1,40,,23629,2,,,1,80,,23630,2,,,1,80,,23631,2,,,1,40,,23632,2,,,1,80,,23633,2,,,1,80,,23634,2,,,1,40,,23635,2,,,1,82,,23636,2,,,1,82,,23637,2,,,1,42,,23638,2,,,1,82,,23639,2,,,1,84,,23640,2,,,1,42,,23641,2,,,1,82,,23642,2,,,1,82,,23643,2,,,1,82,,23644,2,,,1,42,,23645,2,,,1,84,,23646,2,,,1,86,,23647,2,,,1
4601,'CPWeekday',416,,23673,2,,,1,85,,23674,2,,,1,40,,23668,2,,,1,80,,23675,2,,,1,82,,23676,2,,,1,39,,23677,2,,,1,5,,23669,2,,,1,86,,23670,2,,,1,86,,23672,2,,,1,86,,23671,2,,,1,46,,23651,2,,,1,84,,23652,2,,,1,84,,23648,2,,,1,84,,23650,2,,,1,44,,23653,2,,,1,86,,23654,2,,,1,86,,23658,2,,,1,88,,23649,2,,,1,48,,23655,2,,,1,88,,23666,2,,,1,88,,23665,2,,,1,86,,23663,2,,,1,86,,23659,2,,,1,44,,23664,2,,,1,82,,23656,2,,,1,82,,23657,2,,,1,42,,23661,2,,,1,80,,23667,2,,,1,80,,23660,2,,,1,40,,23662,2,,,1
9001,'CPWeekday',436,,25822,2,,,1,65,,25823,2,,,1,25,,25824,2,,,1,30,,25825,2,,,1,70,,25826,2,,,1,30,,25827,2,,,1,70,,25828,2,,,1,30,,25829,2,,,1,70,,25830,2,,,1,28,,25831,2,,,1,90,,25832,2,,,1,91,,25833,2,,,1,90,,25834,2,,,1,90,,25835,2,,,1,90,,25836,2,,,1,50,,25837,2,,,1,72,,25838,2,,,1,30,,25839,2,,,1,70,,25840,2,,,1,30,,25841,2,,,1,70,,25842,2,,,1,30,,25843,2,,,1,70,,25844,2,,,1,30,,25845,2,,,1,70,,25846,2,,,1,30,,25847,2,,,1,70,,25848,2,,,1,32,,25849,2,,,1,73,,25850,2,,,1,86,,25851,2,,,1,85,,25852,2,,,1,47,,25853,2,,,1,84,,25854,2,,,1
31301,'CPWeekday',737,,27837,2,,,1
