'25AP28-CPBlock-Holiday1-14',3600,65900,,'',1,7600,,'',1,7600,,'',1,3600,,'',1,7600,,'',1,3600,,'',1,7700,,'',1,7800,,'',1,3800,,'',1,7800,,'',1,7800,,'',1,3800,,'',1,7800,,'',1,7800,,'',1,3800,,'',1,7800,,'',1,3700,,'',1,7700,,'',1,7700,,'',1,3700,,'',1,7600,,'',1,3600,,'',1,7600,,'',1,7600,,'',1,3600,,'',1,7600,,'',1,3600,,'',1,7600,,'',1,7600,,'',1
'25AP28-CPBlock-Holiday1-14',3601,80200,4,'',1,3800,4,'',1,7700,4,'',1,3600,4,'',1,7800,4,'',1,7800,4,'',1,3800,4,'',1,7800,4,'',1,7800,4,'',1,3800,4,'',1,7800,4,'',1,3800,4,'',1,7700,4,'',1,7800,4,'',1,3800,4,'',1,7700,4,'',1,7700,4,'',1,3700,4,'',1,7600,4,'',1,3600,4,'',1,7500,4,'',1,7500,4,'',1,3600,4,'',1,7600,4,'',1,3600,4,'',1,7400,4,'',1,7600,4,'',1
'25AP28-CPBlock-Saturday-12',3600,53600,,'',1,7300,,'',1,3200,,'',1,7400,,'',1,3200,,'',1,7600,,'',1,3600,,'',1,7700,,'',1,7700,,'',1,3700,,'',1,7800,,'',1,7800,,'',1,3800,,'',1,7800,,'',1,3700,,'',1,7800,,'',1,7700,,'',1,3800,,'',1,7600,,'',1,7700,,'',1,3600,,'',1,7700,,'',1,3500,,'',1,7700,,'',1,7500,,'',1,3600,,'',1,7500,,'',1,3600,,'',1,7400,,'',1,3300,,'',1,7300,,'',1,7300,,'',1,3300,,'',1,7300,,'',1,3300,,'',1,7300,,'',1
'25AP28-CPBlock-Saturday-12',3601,60300,4,'',1,3300,4,'',1,7400,4,'',1,3200,4,'',1,7500,4,'',1,3600,4,'',1,7800,4,'',1,7800,4,'',1,3700,4,'',1,7700,4,'',1,7800,4,'',1,3800,4,'',1,7800,4,'',1,3800,4,'',1,7800,4,'',1,7700,4,'',1,3800,4,'',1,7500,4,'',1,7800,4,'',1,3500,4,'',1,7800,4,'',1,3500,4,'',1,7700,4,'',1,7500,4,'',1,3600,4,'',1,7500,4,'',1,3600,4,'',1,7300,4,'',1,3400,4,'',1,7200,4,'',1,7300,4,'',1,3300,4,'',1,7300,4,'',1,3300,4,'',1,7300,4,'',1
'25AP28-CPBlock-Sunday-13',3600,65900,,'',1,7600,,'',1,7600,,'',1,3600,,'',1,7600,,'',1,3600,,'',1,7700,,'',1,7800,,'',1,3800,,'',1,7800,,'',1,7800,,'',1,3800,,'',1,7800,,'',1,7800,,'',1,3800,,'',1,7800,,'',1,3700,,'',1,7700,,'',1,7700,,'',1,3700,,'',1,7600,,'',1,3600,,'',1,7600,,'',1,7600,,'',1,3600,,'',1,7600,,'',1,3600,,'',1,7600,,'',1,7600,,'',1
'25AP28-CPBlock-Sunday-13',3601,80200,4,'',1,3800,4,'',1,7700,4,'',1,3600,4,'',1,7800,4,'',1,7800,4,'',1,3800,4,'',1,7800,4,'',1,7800,4,'',1,3800,4,'',1,7800,4,'',1,3800,4,'',1,7700,4,'',1,7800,4,'',1,3800,4,'',1,7700,4,'',1,7700,4,'',1,3700,4,'',1,7600,4,'',1,3600,4,'',1,7500,4,'',1,7500,4,'',1,3600,4,'',1,7600,4,'',1,3600,4,'',1,7400,4,'',1,7600,4,'',1
'25AP28-CPBlock-Weekday-11',3600,54100,,'',1,7800,,'',1,3800,,'',1,7500,,'',1,300,,'',1,7900,,'',1,3900,,'',1,7900,,'',1,7800,,'',1,3900,,'',1,8000,,'',1,8000,,'',1,4000,,'',1,8000,,'',1,7600,,'',1,400,,'',1,4000,,'',1,8300,,'',1,8200,,'',1,4200,,'',1,8200,,'',1,8100,,'',1,3900,,'',1,8000,,'',1,7900,,'',1,3700,,'',1,7700,,'',1,7600,,'',1,3600,,'',1,7600,,'',1,3600,,'',1,7500,,'',1,7500,,'',1,3500,,'',1,7500,,'',1
'25AP28-CPBlock-Weekday-11',3601,61400,4,'',1,3700,4,'',1,7900,4,'',1,8000,4,'',1,4000,4,'',1,7900,4,'',1,7800,4,'',1,3700,4,'',1,7900,4,'',1,7900,4,'',1,4100,4,'',1,8100,4,'',1,8100,4,'',1,4100,4,'',1,700,4,'',1,300,4,'',1,7200,4,'',1,8200,4,'',1,4200,4,'',1,8200,4,'',1,8100,4,'',1,3900,4,'',1,8000,4,'',1,7700,4,'',1,3700,4,'',1,7800,4,'',1,7700,4,'',1,3600,4,'',1,7600,4,'',1,3600,4,'',1,7500,4,'',1,7500,4,'',1,3400,4,'',1,7400,4,'',1
'25FE24-CPBlock-Saturday-12',3600,53600,,'',1,7300,,'',1,3200,,'',1,7400,,'',1,3200,,'',1,7600,,'',1,3600,,'',1,7700,,'',1,7700,,'',1,3700,,'',1,7800,,'',1,7800,,'',1,3800,,'',1,7800,,'',1,3700,,'',1,7800,,'',1,7700,,'',1,3800,,'',1,7600,,'',1,7700,,'',1,3600,,'',1,7700,,'',1,3500,,'',1,7700,,'',1,7500,,'',1,3600,,'',1,7500,,'',1,3600,,'',1,7400,,'',1,3300,,'',1,7300,,'',1,7300,,'',1,3300,,'',1,7300,,'',1,3300,,'',1,7300,,'',1
'25FE24-CPBlock-Saturday-12',3601,60300,4,'',1,3300,4,'',1,7400,4,'',1,3200,4,'',1,7500,4,'',1,3600,4,'',1,7800,4,'',1,7800,4,'',1,3700,4,'',1,7700,4,'',1,7800,4,'',1,3800,4,'',1,7800,4,'',1,3800,4,'',1,7800,4,'',1,7700,4,'',1,3800,4,'',1,7500,4,'',1,7800,4,'',1,3500,4,'',1,7800,4,'',1,3500,4,'',1,7700,4,'',1,7500,4,'',1,3600,4,'',1,7500,4,'',1,3600,4,'',1,7300,4,'',1,3400,4,'',1,7200,4,'',1,7300,4,'',1,3300,4,'',1,7300,4,'',1,3300,4,'',1,7300,4,'',1
'25FE24-CPBlock-Sunday-13',3600,65900,,'',1,7600,,'',1,7600,,'',1,3600,,'',1,7600,,'',1,3600,,'',1,7700,,'',1,7800,,'',1,3800,,'',1,7800,,'',1,7800,,'',1,3800,,'',1,7800,,'',1,7800,,'',1,3800,,'',1,7800,,'',1,3700,,'',1,7700,,'',1,7700,,'',1,3700,,'',1,7600,,'',1,3600,,'',1,7600,,'',1,7600,,'',1,3600,,'',1,7600,,'',1,3600,,'',1,7600,,'',1,7600,,'',1
'25FE24-CPBlock-Sunday-13',3601,80200,4,'',1,3800,4,'',1,7700,4,'',1,3600,4,'',1,7800,4,'',1,7800,4,'',1,3800,4,'',1,7800,4,'',1,7800,4,'',1,3800,4,'',1,7800,4,'',1,3800,4,'',1,7700,4,'',1,7800,4,'',1,3800,4,'',1,7700,4,'',1,7700,4,'',1,3700,4,'',1,7600,4,'',1,3600,4,'',1,7500,4,'',1,7500,4,'',1,3600,4,'',1,7600,4,'',1,3600,4,'',1,7400,4,'',1,7600,4,'',1
