700,'CPSunday',2208,,16240,22,,,1
700,'CPWeekday',242,,16241,22,,,1,81,,16242,22,,,1,82,,16243,22,,,1,42,,16244,22,,,1
700,'MASaturday',406,,16355,22,,,1,24,,16354,22,,,1,24,,16353,22,,,1,66,,16352,22,,,1,22,,16351,22,,,1,62,,16350,22,,,1,22,,16349,22,,,1,23,,16348,22,,,1,63,,16347,22,,,1,25,,16346,22,,,1,67,,16345,22,,,1,27,,16344,22,,,1,26,,16338,22,,,1,65,,16337,22,,,1,25,,16335,22,,,1,65,,16332,22,,,1,24,,16333,22,,,1,65,,16334,22,,,1,27,,16339,22,,,1,27,,16331,22,,,1,69,,16330,22,,,1,28,,16324,22,,,1,67,,16329,22,,,1,27,,16323,22,,,1,61,,16322,22,,,1,21,,16341,22,,,1,21,,16328,22,,,1,62,,16321,22,,,1,22,,16318,22,,,1,19,,16316,22,,,1,60,,16319,22,,,1,20,,16314,22,,,1,21,,16313,22,,,1,62,,16340,22,,,1,22,,16325,22,,,1,22,,16312,22,,,1,62,,16310,22,,,1,22,,16311,22,,,1,60,,16317,22,,,1,19,,16308,22,,,1,19,,16306,22,,,1,59,,16342,22,,,1,18,,16326,22,,,1,19,,16309,22,,,1,20,,16303,22,,,1,58,,16302,22,,,1,19,,16320,22,,,1,20,,16307,22,,,1,60,,16301,22,,,1,20,,16343,22,,,1,19,,16327,22,,,1,60,,16304,22,,,1,17,,16299,22,,,1,18,,16300,22,,,1,59,,16315,22,,,1,18,,16305,22,,,1,19,,16298,22,,,1,57,,16336,22,,,1,18,,16356,22,,,1
700,'MASunday',439,,16393,22,,,1,61,,16406,22,,,1,23,,16389,22,,,1,21,,16384,22,,,1,61,,16383,22,,,1,22,,16399,22,,,1,24,,16382,22,,,1,63,,16408,22,,,1,23,,16390,22,,,1,63,,16381,22,,,1,23,,16378,22,,,1,23,,16400,22,,,1,63,,16379,22,,,1,24,,16407,22,,,1,24,,16391,22,,,1,65,,16373,22,,,1,25,,16372,22,,,1,64,,16401,22,,,1,25,,16380,22,,,1,64,,16405,22,,,1,24,,16392,22,,,1,24,,16371,22,,,1,65,,16366,22,,,1,25,,16398,22,,,1,62,,16365,22,,,1,21,,16377,22,,,1,21,,16404,22,,,1,62,,16385,22,,,1,21,,16368,22,,,1,20,,16362,22,,,1,62,,16395,22,,,1,22,,16360,22,,,1,22,,16374,22,,,1,62,,16402,22,,,1,22,,16387,22,,,1,20,,16369,22,,,1,60,,16361,22,,,1,21,,16394,22,,,1,21,,16357,22,,,1,62,,16376,22,,,1,22,,16403,22,,,1,61,,16386,22,,,1,23,,16370,22,,,1,22,,16363,22,,,1,60,,16396,22,,,1,21,,16358,22,,,1,20,,16375,22,,,1,79,,16388,22,,,1,19,,16367,22,,,1,60,,16364,22,,,1,19,,16397,22,,,1,19,,16359,22,,,1,60,,16409,22,,,1
700,'MAWeekday',511,,16410,22,,,1,24,,16411,22,,,1,24,,16412,22,,,1,64,,16413,22,,,1,22,,16414,22,,,1,61,,16415,22,,,1,20,,16416,22,,,1,24,,16417,22,,,1,64,,16418,22,,,1,26,,16419,22,,,1,65,,16420,22,,,1,28,,16421,22,,,1,70,,16422,22,,,1,30,,16423,22,,,1,25,,16424,22,,,1,65,,16425,22,,,1,25,,16426,22,,,1,65,,16427,22,,,1,25,,16428,22,,,1,20,,16429,22,,,1,60,,16430,22,,,1,22,,16431,22,,,1,64,,16432,22,,,1,25,,16433,22,,,1,25,,16434,22,,,1,66,,16435,22,,,1,25,,16436,22,,,1,65,,16437,22,,,1,26,,16438,22,,,1,65,,16439,22,,,1,25,,16440,22,,,1,25,,16441,22,,,1,65,,16442,22,,,1,26,,16443,22,,,1,66,,16444,22,,,1,25,,16445,22,,,1,24,,16446,22,,,1,64,,16447,22,,,1,22,,16448,22,,,1,62,,16449,22,,,1,24,,16450,22,,,1,73,,16451,22,,,1,27,,16452,22,,,1,26,,16453,22,,,1,68,,16454,22,,,1,34,,16455,22,,,1,75,,16456,22,,,1,72,,16457,22,,,1,29,,16458,22,,,1,69,,16459,22,,,1
3900,'CPSaturday',831,,22199,70,,,1,25,,22198,70,,,1,258,,22200,70,,,1,29,,22197,70,,,1,272,,22201,70,,,1,30,,22196,70,,,1,272,,22202,70,,,1,30,,22195,70,,,1,260,,22203,70,,,1,28,,22194,70,,,1,207,,22204,70,,,1
3900,'CPSunday',648,,22225,70,,,1,78,,22219,70,,,1,83,,22214,70,,,1,38,,22210,70,,,1,81,,22226,70,,,1,83,,22217,70,,,1,42,,22215,70,,,1,84,,22209,70,,,1,83,,22224,70,,,1,85,,22218,70,,,1,47,,22211,70,,,1,85,,22208,70,,,1,85,,22227,70,,,1,85,,22221,70,,,1,45,,22212,70,,,1,83,,22207,70,,,1,85,,22228,70,,,1,84,,22220,70,,,1,40,,22213,70,,,1,84,,22206,70,,,1,82,,22223,70,,,1,40,,22222,70,,,1,81,,22216,70,,,1,75,,22205,70,,,1
3900,'MASaturday',647,,22252,70,,,1,65,,22251,70,,,1,28,,22245,70,,,1,66,,22244,70,,,1,116,,22246,70,,,1,28,,22239,70,,,1,66,,22237,70,,,1,30,,22238,70,,,1,166,,22250,70,,,1,31,,22240,70,,,1,71,,22234,70,,,1,30,,22232,70,,,1,171,,22249,70,,,1,30,,22243,70,,,1,71,,22235,70,,,1,30,,22230,70,,,1,169,,22247,70,,,1,27,,22242,70,,,1,69,,22233,70,,,1,30,,22229,70,,,1,162,,22248,70,,,1,25,,22241,70,,,1,26,,22236,70,,,1,64,,22231,70,,,1
3900,'MAWeekday',519,,22253,38,,,1,92,,22254,71,,,1,25,,22255,71,,,1,64,,22256,71,,,1,22,,22257,71,,,1,19,,22258,71,,,1,61,,22259,71,,,1,19,,22260,71,,,1,20,,22261,71,,,1,63,,22262,71,,,1,24,,22263,71,,,1,20,,22264,70,,,1,71,,22265,70,,,1,35,,22266,70,,,1,77,,22267,70,,,1,77,,22268,70,,,1,38,,22269,70,,,1,77,,22270,70,,,1,36,,22271,70,,,1,74,,22272,70,,,1,25,,22273,70,,,1,69,,22274,71,,,1,20,,22275,71,,,1,61,,22276,71,,,1,21,,22277,71,,,1,22,,22278,71,,,1,58,,22279,71,,,1,19,,22280,71,,,1,17,,22281,71,,,1,59,,22282,71,,,1,21,,22283,71,,,1,22,,22284,71,,,1,60,,22285,71,,,1,21,,22286,71,,,1,16,,22287,70,,,1,62,,22288,70,,,1,22,,22289,70,,,1,18,,22290,70,,,1,75,,22291,70,,,1,37,,22292,70,,,1,81,,22293,70,,,1,80,,22294,70,,,1,37,,22295,70,,,1,75,,22296,70,,,1,73,,22297,70,,,1,33,,22298,70,,,1,74,,22299,70,,,1
4301,'CPWeekday',1515,,22984,63,,,1,42,,22982,63,,,1,83,,22987,63,,,1,81,,22989,63,,,1,81,,22985,63,,,1,40,,22983,63,,,1,80,,22988,63,,,1,80,,22990,63,,,1,39,,22986,63,,,1
