3800,'CPHoliday1',819,,21969,48,,,1,93,,21980,48,,,1,93,,21970,48,,,1,50,,21971,48,,,1,97,,21976,48,,,1,96,,21973,48,,,1,96,,21972,48,,,1,95,,21979,48,,,1,97,,21974,48,,,1,95,,21978,48,,,1,95,,21975,48,,,1,94,,21977,48,,,1,93,,21981,48,,,1,93,,21983,48,,,1,50,,21982,48,,,1
3800,'CPSaturday',707,,21998,48,,,1,36,,21999,48,,,1,70,,22000,48,,,1,31,,22001,48,,,1,71,,22002,48,,,1,31,,22003,48,,,1,73,,22004,48,,,1,33,,22005,48,,,1,72,,22006,48,,,1,34,,22007,48,,,1,74,,22008,48,,,1,74,,22009,48,,,1,35,,22010,48,,,1,74,,22011,48,,,1,37,,22012,48,,,1,75,,22013,48,,,1,75,,22014,48,,,1,36,,22015,48,,,1,74,,21984,48,,,1,33,,21985,48,,,1,74,,21986,48,,,1,33,,21987,48,,,1,72,,21988,48,,,1,31,,21989,48,,,1,72,,21990,48,,,1,32,,21991,48,,,1,72,,21992,48,,,1,70,,21993,48,,,1,30,,21994,48,,,1,69,,21995,48,,,1,27,,21996,48,,,1,24,,21997,48,,,1
3800,'CPSunday',819,,22016,48,,,1,93,,22027,48,,,1,93,,22017,48,,,1,50,,22018,48,,,1,97,,22023,48,,,1,96,,22020,48,,,1,96,,22019,48,,,1,95,,22026,48,,,1,97,,22021,48,,,1,95,,22025,48,,,1,95,,22022,48,,,1,94,,22024,48,,,1,93,,22028,48,,,1,93,,22030,48,,,1,50,,22029,48,,,1
3800,'CPWeekday',502,,22066,48,,,1,30,,22055,48,,,1,23,,22054,48,,,1,67,,22052,48,,,1,27,,22051,48,,,1,67,,22053,48,,,1,33,,22063,48,,,1,67,,22069,31,,,1,5,,22057,48,,,1,36,,22046,48,,,1,75,,22044,48,,,1,78,,22043,48,,,1,39,,22067,48,,,1,80,,22058,48,,,1,78,,22045,48,,,1,37,,22040,48,,,1,76,,22039,48,,,1,35,,22064,48,,,1,77,,22059,48,,,1,16,,22038,48,,,1,75,,22049,48,,,1,32,,22041,48,,,1,70,,22036,48,,,1,29,,22037,48,,,1,69,,22068,48,,,1,28,,22060,48,,,1,70,,22035,48,,,1,28,,22050,48,,,1,71,,22042,48,,,1,32,,22032,48,,,1,74,,22065,48,,,1,33,,22056,48,,,1,66,,22031,48,,,1,26,,22047,48,,,1,87,,22033,48,,,1,85,,22061,48,,,1,83,,22048,48,,,1,41,,22034,48,,,1
4300,'CPWeekday',532,,22973,50,,,1,81,,22980,50,,,1,41,,22976,50,,,1,80,,22978,50,,,1,80,,22974,50,,,1,40,,22981,50,,,1,79,,22977,50,,,1,76,,22979,50,,,1,40,,22975,50,,,1
4400,'CPHoliday1',748,,23014,37,,,1,84,,23015,37,,,1,85,,23013,37,,,1,85,,23011,37,,,1,30,,23010,37,,,1,70,,23012,37,,,1,30,,23008,37,,,1,71,,23007,37,,,1,29,,23009,37,,,1,71,,23005,37,,,1,31,,23006,37,,,1,71,,23003,37,,,1,31,,23004,37,,,1,71,,23002,37,,,1,31,,23001,37,,,1,71,,23000,37,,,1,31,,22999,37,,,1,71,,22998,37,,,1,31,,22997,37,,,1,85,,22993,37,,,1,86,,22994,37,,,1,40,,22992,37,,,1,85,,22995,37,,,1,83,,22991,37,,,1,80,,22996,37,,,1
4400,'CPSaturday',753,,23038,37,,,1,85,,23039,37,,,1,88,,23037,37,,,1,85,,23035,37,,,1,45,,23036,37,,,1,85,,23034,37,,,1,85,,23033,37,,,1,85,,23030,37,,,1,30,,23032,37,,,1,71,,23031,37,,,1,32,,23029,37,,,1,73,,23028,37,,,1,32,,23027,37,,,1,72,,23026,37,,,1,32,,23025,37,,,1,71,,23023,37,,,1,32,,23022,37,,,1,71,,23021,37,,,1,32,,23024,37,,,1,72,,23018,37,,,1,82,,23017,37,,,1,42,,23019,37,,,1,84,,23016,37,,,1,82,,23020,37,,,1
4400,'CPSunday',748,,23063,37,,,1,84,,23064,37,,,1,85,,23062,37,,,1,85,,23060,37,,,1,30,,23059,37,,,1,70,,23061,37,,,1,30,,23057,37,,,1,71,,23056,37,,,1,29,,23058,37,,,1,71,,23054,37,,,1,31,,23055,37,,,1,71,,23052,37,,,1,31,,23053,37,,,1,71,,23051,37,,,1,31,,23050,37,,,1,71,,23049,37,,,1,31,,23048,37,,,1,71,,23047,37,,,1,31,,23046,37,,,1,85,,23042,37,,,1,86,,23043,37,,,1,40,,23041,37,,,1,85,,23044,37,,,1,83,,23040,37,,,1,80,,23045,37,,,1
4400,'CPWeekday',558,,23065,37,,,1,65,,23066,37,,,1,25,,23067,37,,,1,68,,23068,37,,,1,26,,23069,37,,,1,66,,23070,37,,,1,28,,23071,37,,,1,68,,23072,37,,,1,26,,23073,37,,,1,26,,23074,37,,,1,66,,23075,37,,,1,26,,23076,37,,,1,66,,23077,37,,,1,25,,23078,37,,,1,65,,23079,37,,,1,25,,23080,37,,,1,25,,23081,37,,,1,65,,23082,37,,,1,25,,23083,37,,,1,65,,23084,37,,,1,21,,23085,37,,,1,16,,23086,37,,,1,56,,23087,37,,,1,16,,23088,37,,,1,16,,23089,37,,,1,16,,23090,37,,,1,56,,23091,37,,,1,16,,23092,37,,,1,16,,23093,37,,,1,16,,23094,37,,,1,56,,23095,37,,,1,16,,23096,37,,,1,16,,23097,37,,,1,16,,23098,37,,,1,58,,23099,37,,,1,18,,23100,37,,,1,14,,23101,37,,,1,56,,23102,37,,,1,16,,23103,37,,,1,16,,23104,37,,,1,15,,23105,37,,,1,56,,23106,37,,,1,18,,23107,37,,,1,22,,23108,37,,,1,65,,23109,37,,,1,38,,23110,37,,,1,85,,23111,37,,,1,88,,23112,37,,,1,88,,23113,37,,,1,48,,23114,37,,,1,89,,23115,37,,,1
10801,'CPWeekday',1519,,26956,5,,,1,31,,26957,5,,,1,60,,26958,5,,,1,20,,26959,5,,,1,9,,26968,5,,,1,13,,26960,5,,,1,62,,26961,5,,,1,23,,26962,5,,,1,65,,26963,5,,,1,28,,26964,5,,,1,70,,26965,5,,,1,30,,26966,5,,,1,70,,26967,5,,,1
