701,'CPSunday',2335,,16461,32,,,1
701,'CPWeekday',237,,16463,32,,,1,81,,16465,32,,,1,41,,16462,32,,,1,85,,16464,32,,,1
701,'MASaturday',432,,16576,32,,,1,21,,16575,32,,,1,62,,16574,32,,,1,22,,16573,32,,,1,22,,16572,32,,,1,64,,16571,32,,,1,25,,16570,32,,,1,65,,16568,32,,,1,25,,16569,32,,,1,63,,16567,32,,,1,23,,16566,32,,,1,22,,16565,32,,,1,64,,16560,32,,,1,26,,16561,32,,,1,68,,16556,32,,,1,27,,16562,32,,,1,26,,16555,32,,,1,66,,16554,32,,,1,26,,16553,32,,,1,67,,16552,32,,,1,26,,16551,32,,,1,60,,16550,32,,,1,20,,16557,32,,,1,20,,16546,32,,,1,60,,16544,32,,,1,20,,16542,32,,,1,20,,16543,32,,,1,60,,16541,32,,,1,22,,16540,32,,,1,22,,16539,32,,,1,63,,16558,32,,,1,23,,16547,32,,,1,23,,16535,32,,,1,62,,16534,32,,,1,20,,16533,32,,,1,20,,16536,32,,,1,59,,16532,32,,,1,19,,16531,32,,,1,20,,16559,32,,,1,59,,16545,32,,,1,22,,16530,32,,,1,21,,16529,32,,,1,61,,16526,32,,,1,21,,16537,32,,,1,20,,16527,32,,,1,59,,16524,32,,,1,19,,16564,32,,,1,19,,16549,32,,,1,59,,16523,32,,,1,19,,16522,32,,,1,19,,16521,32,,,1,59,,16538,32,,,1,19,,16528,32,,,1,19,,16520,32,,,1,58,,16563,32,,,1,19,,16548,32,,,1,19,,16525,32,,,1,57,,16519,32,,,1,18,,16577,32,,,1
701,'MASunday',436,,16615,32,,,1,80,,16614,32,,,1,22,,16616,32,,,1,63,,16605,32,,,1,22,,16624,32,,,1,23,,16606,32,,,1,64,,16604,32,,,1,23,,16603,32,,,1,24,,16619,32,,,1,63,,16602,32,,,1,23,,16628,32,,,1,63,,16607,32,,,1,23,,16595,32,,,1,24,,16594,32,,,1,63,,16618,32,,,1,23,,16598,32,,,1,63,,16627,32,,,1,24,,16608,32,,,1,24,,16589,32,,,1,66,,16587,32,,,1,25,,16620,32,,,1,62,,16586,32,,,1,19,,16597,32,,,1,19,,16626,32,,,1,61,,16609,32,,,1,20,,16590,32,,,1,23,,16585,32,,,1,63,,16617,32,,,1,23,,16581,32,,,1,23,,16599,32,,,1,60,,16625,32,,,1,20,,16610,32,,,1,20,,16588,32,,,1,62,,16582,32,,,1,23,,16621,32,,,1,63,,16580,32,,,1,23,,16596,32,,,1,23,,16630,32,,,1,62,,16613,32,,,1,21,,16591,32,,,1,20,,16583,32,,,1,61,,16622,32,,,1,21,,16579,32,,,1,21,,16600,32,,,1,61,,16629,32,,,1,22,,16612,32,,,1,21,,16592,32,,,1,59,,16584,32,,,1,20,,16623,32,,,1,19,,16578,32,,,1,59,,16601,32,,,1,40,,16611,32,,,1,59,,16593,32,,,1
701,'MAWeekday',508,,16631,32,,,1,21,,16632,32,,,1,19,,16633,32,,,1,60,,16634,32,,,1,20,,16635,32,,,1,23,,16636,32,,,1,63,,16637,32,,,1,24,,16638,32,,,1,66,,16639,32,,,1,27,,16640,32,,,1,26,,16641,32,,,1,59,,16642,32,,,1,20,,16643,32,,,1,22,,16644,32,,,1,63,,16645,32,,,1,23,,16646,32,,,1,66,,16647,32,,,1,30,,16648,32,,,1,70,,16649,32,,,1,25,,16650,32,,,1,67,,16651,32,,,1,25,,16652,32,,,1,25,,16653,32,,,1,65,,16654,32,,,1,23,,16655,32,,,1,64,,16656,32,,,1,25,,16657,32,,,1,24,,16658,32,,,1,67,,16659,32,,,1,25,,16660,32,,,1,66,,16661,32,,,1,26,,16662,32,,,1,64,,16663,32,,,1,24,,16664,32,,,1,25,,16665,32,,,1,64,,16666,32,,,1,23,,16667,32,,,1,64,,16668,32,,,1,21,,16669,32,,,1,26,,16670,32,,,1,65,,16671,32,,,1,24,,16672,32,,,1,64,,16673,32,,,1,33,,16674,32,,,1,74,,16675,32,,,1,32,,16676,32,,,1,76,,16677,32,,,1,32,,16678,32,,,1,73,,16679,32,,,1,31,,16680,32,,,1
3901,'CPSaturday',852,,22329,6,,,1,68,,22328,6,,,1,220,,22330,6,,,1,68,,22327,6,,,1,229,,22331,6,,,1,70,,22326,6,,,1,230,,22332,6,,,1,70,,22325,6,,,1,227,,22333,6,,,1,66,,22324,6,,,1
3901,'CPSunday',709,,22353,6,,,1,40,,22348,6,,,1,80,,22342,6,,,1,80,,22339,6,,,1,42,,22354,6,,,1,82,,22351,6,,,1,84,,22343,6,,,1,85,,22338,6,,,1,45,,22355,6,,,1,85,,22349,6,,,1,85,,22344,6,,,1,85,,22337,6,,,1,45,,22356,6,,,1,86,,22350,6,,,1,85,,22345,6,,,1,85,,22336,6,,,1,45,,22357,6,,,1,83,,22346,6,,,1,82,,22341,6,,,1,42,,22335,6,,,1,80,,22352,6,,,1,80,,22347,6,,,1,36,,22340,6,,,1,70,,22334,6,,,1
3901,'MASaturday',706,,22378,6,,,1,26,,22374,6,,,1,26,,22373,6,,,1,66,,22367,6,,,1,124,,22375,6,,,1,68,,22370,6,,,1,28,,22366,6,,,1,68,,22364,6,,,1,124,,22376,6,,,1,70,,22371,6,,,1,31,,22362,6,,,1,70,,22358,6,,,1,130,,22377,6,,,1,70,,22368,6,,,1,30,,22363,6,,,1,70,,22359,6,,,1,130,,22379,6,,,1,70,,22369,6,,,1,29,,22361,6,,,1,70,,22360,6,,,1,120,,22380,6,,,1,24,,22372,6,,,1,60,,22365,6,,,1
3901,'MAWeekday',439,,22381,6,,,1,15,,22382,6,,,1,55,,22383,6,,,1,15,,22384,6,,,1,16,,22385,6,,,1,18,,22386,6,,,1,60,,22387,6,,,1,21,,22388,6,,,1,64,,22389,6,,,1,24,,22390,6,,,1,23,,22391,6,,,1,60,,22392,6,,,1,19,,22393,6,,,1,19,,22394,6,,,1,62,,22395,6,,,1,24,,22396,6,,,1,76,,22397,6,,,1,36,,22398,6,,,1,75,,22399,6,,,1,36,,22400,6,,,1,76,,22401,6,,,1,75,,22402,6,,,1,36,,22403,6,,,1,61,,22404,6,,,1,22,,22405,6,,,1,20,,22406,6,,,1,61,,22407,6,,,1,21,,22408,6,,,1,21,,22409,6,,,1,62,,22410,6,,,1,22,,22411,6,,,1,22,,22412,6,,,1,59,,22413,6,,,1,17,,22414,6,,,1,18,,22415,6,,,1,59,,22416,6,,,1,20,,22417,6,,,1,19,,22418,6,,,1,62,,22419,6,,,1,22,,22420,6,,,1,23,,22421,6,,,1,72,,22422,6,,,1,79,,22423,6,,,1,39,,22424,6,,,1,78,,22425,6,,,1,78,,22426,6,,,1,38,,22427,6,,,1,78,,22428,6,,,1,38,,22429,6,,,1
4300,'CPWeekday',454,,22973,7,,,1,80,,22980,7,,,1,80,,22976,7,,,1,40,,22978,7,,,1,80,,22974,7,,,1,80,,22981,7,,,1,40,,22977,7,,,1,80,,22979,7,,,1,80,,22975,7,,,1
