600,'CPHoliday1',815,,16019,43,,,1,42,,16020,43,,,1,81,,16021,43,,,1,85,,16022,43,,,1,82,,16023,43,,,1,45,,16024,43,,,1,87,,16025,43,,,1,86,,16026,43,,,1,88,,16027,43,,,1,48,,16028,43,,,1,87,,16029,43,,,1,89,,16030,43,,,1,88,,16031,43,,,1,88,,16032,43,,,1,43,,16033,43,,,1,81,,16034,43,,,1,81,,16035,43,,,1,41,,16036,43,,,1,79,,16037,43,,,1
600,'CPSaturday',544,,16038,43,,,1,78,,16039,43,,,1,78,,16040,43,,,1,39,,16041,43,,,1,82,,16042,43,,,1,81,,16043,43,,,1,42,,16044,43,,,1,83,,16045,43,,,1,88,,16046,43,,,1,44,,16047,43,,,1,85,,16048,43,,,1,87,,16049,43,,,1,85,,16050,43,,,1,84,,16051,43,,,1,44,,16052,43,,,1,85,,16053,43,,,1,85,,16054,43,,,1,44,,16055,43,,,1,84,,16056,43,,,1,84,,16057,43,,,1,84,,16058,43,,,1,42,,16059,43,,,1,83,,16060,43,,,1,82,,16061,43,,,1,40,,16062,43,,,1,80,,16063,43,,,1,80,,16064,43,,,1
600,'CPSunday',815,,16065,43,,,1,42,,16066,43,,,1,81,,16067,43,,,1,85,,16068,43,,,1,82,,16069,43,,,1,45,,16070,43,,,1,87,,16071,43,,,1,86,,16072,43,,,1,88,,16073,43,,,1,48,,16074,43,,,1,87,,16075,43,,,1,89,,16076,43,,,1,88,,16077,43,,,1,88,,16078,43,,,1,43,,16079,43,,,1,81,,16080,43,,,1,81,,16081,43,,,1,41,,16082,43,,,1,79,,16083,43,,,1
600,'CPWeekday',529,,16129,43,,,1,27,,16120,43,,,1,72,,16118,43,,,1,28,,16123,43,,,1,65,,16117,43,,,1,36,,16116,43,,,1,71,,16121,43,,,1,72,,16115,43,,,1,29,,16114,43,,,1,29,,16122,43,,,1,70,,16103,43,,,1,30,,16101,43,,,1,70,,16125,43,,,1,30,,16105,43,,,1,71,,16100,43,,,1,30,,16124,43,,,1,71,,16104,43,,,1,70,,16099,43,,,1,31,,16119,43,,,1,26,,16098,43,,,1,65,,16106,43,,,1,7,,16130,43,,,1,5,,16131,43,,,1,12,,16092,43,,,1,64,,16126,43,,,1,25,,16091,43,,,1,66,,16102,43,,,1,26,,16093,43,,,1,26,,16127,43,,,1,65,,16090,43,,,1,25,,16107,43,,,1,62,,16095,43,,,1,22,,16128,43,,,1,22,,16089,43,,,1,65,,16109,43,,,1,27,,16096,43,,,1,67,,16088,43,,,1,27,,16111,43,,,1,67,,16094,43,,,1,28,,16087,43,,,1,28,,16108,43,,,1,66,,16097,43,,,1,26,,16086,43,,,1,75,,16112,43,,,1,75,,16085,43,,,1,33,,16110,43,,,1,75,,16084,43,,,1,36,,16113,43,,,1
800,'CPSaturday',709,,16692,42,,,1,42,,16682,42,,,1,84,,16693,42,,,1,85,,16688,42,,,1,86,,16694,42,,,1,48,,16683,42,,,1,90,,16695,42,,,1,90,,16684,42,,,1,91,,16696,42,,,1,95,,16689,42,,,1,93,,16697,42,,,1,93,,16690,42,,,1,53,,16701,42,,,1,92,,16681,42,,,1,93,,16699,42,,,1,90,,16691,42,,,1,88,,16702,42,,,1,86,,16685,42,,,1,46,,16703,42,,,1,86,,16686,42,,,1,84,,16698,42,,,1,82,,16687,42,,,1,43,,16700,42,,,1
800,'CPWeekday',528,,16732,42,,,1,31,,16734,42,,,1,71,,16731,42,,,1,73,,16733,42,,,1,36,,16728,42,,,1,78,,16729,42,,,1,39,,16730,42,,,1,76,,16725,42,,,1,74,,16726,42,,,1,36,,16727,42,,,1,76,,16724,42,,,1,35,,16723,42,,,1,75,,16722,42,,,1,77,,16721,42,,,1,37,,16720,42,,,1,79,,16719,42,,,1,85,,16718,42,,,1,17,,16736,29,,,1,12,,16738,28,,,1,7,,16735,42,,,1,4,,16739,42,,,1,3,,16717,42,,,1,51,,16737,42,,,1,25,,16716,42,,,1,80,,16715,42,,,1,40,,16709,42,,,1,79,,16714,42,,,1,32,,16708,42,,,1,73,,16704,42,,,1,72,,16713,42,,,1,41,,16706,42,,,1,82,,16711,42,,,1,82,,16707,42,,,1,42,,16712,42,,,1,81,,16705,42,,,1,82,,16710,42,,,1
2600,'CPHoliday1',638,,19886,9,,,1,65,,19887,9,,,1,26,,19889,18,,,1,25,,19890,18,,,1,67,,19891,18,,,1,26,,19892,18,,,1,67,,19893,18,,,1,28,,19894,18,,,1,69,,19895,18,,,1,28,,19896,18,,,1,68,,19897,18,,,1,29,,19898,18,,,1,67,,19899,18,,,1,20,,19900,18,,,1,20,,19901,18,,,1,63,,19902,18,,,1,24,,19903,18,,,1,24,,19904,18,,,1,65,,19905,18,,,1,22,,19906,18,,,1,62,,19907,18,,,1,22,,19908,18,,,1,22,,19909,18,,,1,64,,19910,18,,,1,25,,19911,18,,,1,23,,19912,18,,,1,63,,19913,18,,,1,24,,19914,18,,,1,62,,19915,18,,,1,22,,19916,18,,,1,22,,19917,18,,,1,62,,19918,18,,,1,21,,19919,18,,,1,66,,19920,18,,,1,28,,19921,18,,,1,26,,19922,18,,,1,68,,19923,18,,,1,27,,19924,18,,,1,65,,19925,18,,,1,26,,19926,18,,,1,65,,19927,18,,,1,26,,19928,18,,,1,26,,19929,18,,,1,64,,19930,18,,,1,23,,19931,18,,,1,64,,19932,18,,,1
2600,'CPSaturday',450,,19933,18,,,1,60,,19934,18,,,1,21,,19935,18,,,1,20,,19936,18,,,1,64,,19937,18,,,1,22,,19938,18,,,1,22,,19939,18,,,1,63,,19940,18,,,1,22,,19941,18,,,1,64,,19942,18,,,1,22,,19943,18,,,1,22,,19944,18,,,1,65,,19945,18,,,1,24,,19946,18,,,1,65,,19947,18,,,1,25,,19948,18,,,1,18,,19949,18,,,1,58,,19950,18,,,1,19,,19951,18,,,1,20,,19952,18,,,1,61,,19953,18,,,1,19,,19954,18,,,1,18,,19955,18,,,1,58,,19956,18,,,1,16,,19957,18,,,1,16,,19958,18,,,1,16,,19959,18,,,1,56,,19960,18,,,1,14,,19961,18,,,1,14,,19962,18,,,1,14,,19963,18,,,1,54,,19964,18,,,1,14,,19965,18,,,1,14,,19966,18,,,1,14,,19967,18,,,1,14,,19968,18,,,1,54,,19969,18,,,1,14,,19970,18,,,1,14,,19971,18,,,1,15,,19972,18,,,1,55,,19973,18,,,1,14,,19974,18,,,1,15,,19975,18,,,1,15,,19976,18,,,1,54,,19977,18,,,1,14,,19978,18,,,1,14,,19979,18,,,1,14,,19980,18,,,1,52,,19981,18,,,1,11,,19982,18,,,1,12,,19983,18,,,1,16,,19984,18,,,1,64,,19985,18,,,1,24,,19986,18,,,1,24,,19987,18,,,1,63,,19988,18,,,1,20,,19989,18,,,1,18,,19990,18,,,1,57,,19991,18,,,1,17,,19992,18,,,1,18,,19993,18,,,1,61,,19994,18,,,1,24,,19995,18,,,1,24,,19996,18,,,1,66,,19997,18,,,1,28,,19998,18,,,1,65,,19999,18,,,1,22,,20000,18,,,1,20,,20001,18,,,1,59,,20002,18,,,1,20,,20003,18,0,32 33 34 35 36 37,1
2600,'CPSunday',638,,20004,9,,,1,65,,20005,9,,,1,26,,20007,18,,,1,25,,20008,18,,,1,67,,20009,18,,,1,26,,20010,18,,,1,67,,20011,18,,,1,28,,20012,18,,,1,69,,20013,18,,,1,28,,20014,18,,,1,68,,20015,18,,,1,29,,20016,18,,,1,67,,20017,18,,,1,20,,20018,18,,,1,20,,20019,18,,,1,63,,20020,18,,,1,24,,20021,18,,,1,24,,20022,18,,,1,65,,20023,18,,,1,22,,20024,18,,,1,62,,20025,18,,,1,22,,20026,18,,,1,22,,20027,18,,,1,64,,20028,18,,,1,25,,20029,18,,,1,23,,20030,18,,,1,63,,20031,18,,,1,24,,20032,18,,,1,62,,20033,18,,,1,22,,20034,18,,,1,22,,20035,18,,,1,62,,20036,18,,,1,21,,20037,18,,,1,66,,20038,18,,,1,28,,20039,18,,,1,26,,20040,18,,,1,68,,20041,18,,,1,27,,20042,18,,,1,65,,20043,18,,,1,26,,20044,18,,,1,65,,20045,18,,,1,26,,20046,18,,,1,26,,20047,18,,,1,64,,20048,18,,,1,23,,20049,18,,,1,64,,20050,18,,,1
30201,'CPWeekday',1449,,27828,29,,,1,7,,27827,29,,,1
31201,'CPWeekday',1517,,27834,20,,,1
