100,1661,1,0
100,1656,2,0
100,1662,3,0
100,1663,4,0
100,1664,5,0
100,1047,6,0
100,548,7,0
100,501,8,0
100,675,9,0
100,522,10,0
100,523,11,0
100,524,12,0
100,535,13,0
100,536,14,0
100,537,15,0
100,1099,16,0
100,964,17,0
100,968,18,0
100,1030,19,0
100,1054,20,0
100,1055,21,0
100,910,22,0
100,1629,23,0
100,992,24,0
100,520,25,0
100,629,26,0
100,639,27,0
100,640,28,0
100,670,29,0
100,641,30,0
100,642,31,0
100,643,32,0
100,644,33,0
100,645,34,0
100,4000,35,0
100,3026,36,0
100,646,37,0
100,747,38,0
100,748,39,0
100,749,40,0
100,750,41,0
100,751,42,0
100,752,43,0
100,753,44,0
100,754,45,0
100,855,46,0
100,856,47,0
100,857,48,0
100,826,49,0
100,858,50,0
100,859,51,0
100,860,52,0
100,861,53,0
100,862,54,0
100,831,55,0
100,863,56,0
100,1191,57,0
100,864,58,0
100,865,59,0
100,866,60,0
100,867,61,0
100,868,62,0
100,869,63,0
100,9160,64,1
100,9026,65,1
100,9001,66,0
100,9002,67,0
100,9003,68,1
100,9004,69,1
100,9005,70,1
100,9118,71,1
101,9118,1,0
101,9006,2,0
101,1304,3,0
101,811,4,0
101,9016,5,0
101,9017,6,0
101,9018,7,0
101,9019,8,0
101,815,9,0
101,9020,10,0
101,9156,11,0
101,871,12,0
101,872,13,0
101,873,14,0
101,874,15,0
101,875,16,0
101,3536,17,0
101,876,18,0
101,877,19,0
101,1192,20,0
101,878,21,0
101,1354,22,0
101,1377,23,0
101,1378,24,0
101,1379,25,0
101,1380,26,0
101,1302,27,0
101,1381,28,0
101,827,29,0
101,1382,30,0
101,1283,31,0
101,784,32,0
101,785,33,0
101,786,34,0
101,787,35,0
101,788,36,0
101,1189,37,0
101,1190,38,0
101,1152,39,0
101,1153,40,0
101,149,41,0
101,3139,42,0
101,1194,43,0
101,3169,44,0
101,1195,45,0
101,1196,46,0
101,1197,47,0
101,1198,48,0
101,1199,49,0
101,1101,50,0
101,1100,51,0
101,1102,52,0
101,993,53,0
101,914,54,0
101,991,55,0
101,1629,56,0
101,1087,57,0
101,1072,58,0
101,1094,59,0
101,1071,60,0
101,1069,61,0
101,1049,62,0
101,1029,63,0
101,1099,64,1
101,1035,65,0
101,1036,66,0
101,1037,67,0
101,1006,68,0
101,1665,69,0
101,1666,70,0
101,1095,71,0
101,1002,72,0
101,1667,73,0
101,1141,74,0
101,1660,75,0
101,958,76,0
101,1661,77,1
200,348,1,0
200,345,2,0
200,311,3,0
200,326,4,0
200,336,5,0
200,324,6,0
200,334,7,0
200,304,8,0
200,332,9,0
200,330,10,0
200,709,11,0
200,728,12,0
200,726,13,0
200,724,14,0
200,722,15,0
200,720,16,0
200,1902,17,0
200,718,18,0
200,796,19,0
200,769,20,0
200,1210,21,0
200,1208,22,0
200,1206,23,0
200,1204,24,0
200,4003,25,0
200,2577,26,0
200,666,27,0
200,1402,28,1
201,1402,1,0
201,480,2,0
201,481,3,0
201,1822,4,0
201,4005,5,0
201,1103,6,0
201,1105,7,0
201,1107,8,0
201,2536,9,0
201,1109,10,0
201,1104,11,0
201,1113,12,0
201,1115,13,0
201,717,14,0
201,719,15,0
201,792,16,0
201,721,17,0
201,723,18,0
201,725,19,0
201,727,20,0
201,329,21,0
201,331,22,0
201,305,23,0
201,333,24,0
201,335,25,0
201,337,26,0
201,339,27,0
201,341,28,0
201,348,29,1
300,1403,1,0
300,480,2,0
300,481,3,0
300,3013,4,0
300,1425,5,0
300,74,6,0
300,75,7,0
300,76,8,0
300,66,9,0
300,78,10,0
300,1215,11,0
300,1216,12,0
300,1217,13,0
300,1218,14,0
300,1219,15,0
300,1220,16,0
300,1221,17,0
300,1222,18,0
300,1223,19,0
300,1224,20,0
300,1225,21,0
300,1326,22,0
300,1327,23,0
300,1325,24,0
300,1328,25,0
300,1329,26,0
300,1330,27,0
300,1331,28,0
300,1332,29,0
300,1333,30,0
300,1334,31,0
300,1335,32,0
300,1336,33,0
300,1337,34,0
300,1339,35,0
300,9161,36,1
300,9022,37,1
300,9023,38,1
300,9024,39,1
300,9025,40,1
300,2892,41,1
300,9027,42,1
300,9028,43,1
300,9029,44,1
300,9030,45,1
300,9031,46,1
300,9052,47,1
300,9162,48,1
300,9033,49,1
300,811,50,0
300,9062,51,1
301,9062,1,0
301,9006,2,0
301,1304,3,0
301,9034,4,0
301,9035,5,0
301,9036,6,0
301,9037,7,0
301,9038,8,0
301,2955,9,0
301,9040,10,0
301,9041,11,0
301,9042,12,0
301,9043,13,0
301,9044,14,0
301,1305,15,0
301,1340,16,0
301,1341,17,0
301,1342,18,0
301,1343,19,0
301,1344,20,0
301,1345,21,0
301,1346,22,0
301,1347,23,0
301,1348,24,0
301,1349,25,0
301,1350,26,0
301,1351,27,0
301,1352,28,0
301,1353,29,0
301,2268,30,0
301,1255,31,0
301,1256,32,0
301,1257,33,0
301,1258,34,0
301,1259,35,0
301,1260,36,0
301,1261,37,0
301,1262,38,0
301,1263,39,0
301,1264,40,0
301,59,41,0
301,68,42,0
301,69,43,0
301,70,44,0
301,2140,45,0
301,1975,46,0
301,813,47,0
301,1821,48,0
301,666,49,0
301,6000,50,1
400,3429,1,0
400,3123,2,0
400,6127,3,0
400,6128,4,0
400,6129,5,0
400,6137,6,0
400,6130,7,0
400,6131,8,0
400,3431,9,0
400,604,10,0
400,606,11,0
400,631,12,0
400,607,13,0
400,686,14,0
400,687,15,0
400,688,16,0
400,693,17,0
400,694,18,0
400,758,19,0
400,759,20,0
400,2622,21,0
400,722,22,0
400,720,23,0
400,1902,24,0
400,3372,25,0
400,3435,26,0
400,3376,27,0
400,704,28,0
400,760,29,0
400,705,30,0
400,706,31,0
400,707,32,0
400,710,33,0
400,711,34,0
400,712,35,0
400,713,36,0
400,714,37,0
400,716,38,0
400,729,39,0
400,730,40,0
400,400,41,0
400,402,42,0
400,403,43,0
400,405,44,0
400,426,45,0
400,459,46,0
400,458,47,0
400,9157,48,1
400,9158,49,1
400,9159,50,1
400,9058,51,1
401,9058,1,0
401,9060,2,0
401,422,3,0
401,1399,4,0
401,423,5,0
401,424,6,0
401,461,7,0
401,409,8,0
401,410,9,0
401,411,10,0
401,412,11,0
401,413,12,0
401,414,13,0
401,415,14,0
401,731,15,0
401,732,16,0
401,733,17,0
401,734,18,0
401,735,19,0
401,736,20,0
401,737,21,0
401,738,22,0
401,739,23,0
401,740,24,0
401,741,25,0
401,742,26,0
401,761,27,0
401,743,28,0
401,3377,29,0
401,3434,30,0
401,3373,31,0
401,719,32,0
401,792,33,0
401,721,34,0
401,723,35,0
401,3198,36,0
401,701,37,0
401,695,38,0
401,696,39,0
401,697,40,0
401,698,41,0
401,699,42,0
401,702,43,0
401,620,44,0
401,630,45,0
401,628,46,0
401,621,47,0
401,604,48,0
401,606,49,0
401,631,50,0
401,607,51,0
401,3430,52,0
401,6140,53,0
401,6141,54,0
401,6142,55,0
401,6170,56,0
401,6143,57,0
401,6144,58,0
401,6145,59,0
401,3429,60,1
500,446,1,0
500,471,2,0
500,447,3,0
500,448,4,0
500,408,5,0
500,450,6,0
500,451,7,0
500,2745,8,0
500,452,9,0
500,469,10,0
500,468,11,0
500,467,12,0
500,449,13,0
500,466,14,0
500,465,15,0
500,464,16,0
500,463,17,0
500,462,18,0
500,470,19,0
500,461,20,0
500,459,21,0
500,458,22,0
500,879,23,0
500,880,24,0
500,1091,25,0
500,1355,26,0
500,1364,27,0
500,1356,28,0
500,1357,29,0
500,1358,30,0
500,1359,31,0
500,1550,32,0
500,1549,33,0
500,1548,34,0
500,3122,35,0
500,2047,36,0
500,2046,37,0
500,2045,38,0
500,2043,39,0
500,2042,40,0
500,2041,41,0
500,2040,42,0
500,2638,43,0
500,2637,44,0
500,2655,45,0
500,2502,46,0
500,2503,47,0
500,886,48,0
500,1004,49,0
500,925,50,0
500,941,51,0
500,942,52,0
500,966,53,0
500,967,54,0
500,2493,55,1
501,2493,1,0
501,2509,2,0
501,2591,3,0
501,5100,4,0
501,2481,5,0
501,2482,6,0
501,2492,7,0
501,1832,8,0
501,1890,9,0
501,1891,10,0
501,978,11,0
501,1892,12,0
501,1893,13,0
501,999,14,0
501,1894,15,0
501,1895,16,0
501,309,17,0
501,2520,18,0
501,2521,19,0
501,2687,20,0
501,2606,21,0
501,2605,22,0
501,2003,23,0
501,2004,24,0
501,2005,25,0
501,2007,26,0
501,2008,27,0
501,2010,28,0
501,2011,29,0
501,3144,30,0
501,1512,31,0
501,1513,32,0
501,1514,33,0
501,1315,34,0
501,1316,35,0
501,1317,36,0
501,1318,37,0
501,1300,38,0
501,1319,39,0
501,820,40,0
501,821,41,0
501,822,42,0
501,423,43,0
501,424,44,0
501,426,45,0
501,428,46,0
501,427,47,0
501,429,48,0
501,430,49,0
501,431,50,0
501,420,51,0
501,432,52,0
501,433,53,0
501,434,54,0
501,440,55,0
501,2744,56,0
501,441,57,0
501,442,58,0
501,443,59,0
501,444,60,0
501,445,61,0
501,472,62,0
501,446,63,1
600,1106,1,0
600,1198,2,0
600,1199,3,0
600,1174,4,0
600,1108,5,0
600,1173,6,0
600,1110,7,0
600,1172,8,0
600,1112,9,0
600,1114,10,0
600,1134,11,0
600,1116,12,0
600,1117,13,0
600,1118,14,0
600,1119,15,0
600,1120,16,0
600,1121,17,0
600,1794,18,0
600,1122,19,0
600,1123,20,0
600,1124,21,0
600,1795,22,0
600,1125,23,0
600,1126,24,0
600,1127,25,0
600,1167,26,0
600,1165,27,0
600,1128,28,0
600,3039,29,0
600,3125,30,0
600,661,31,0
600,662,32,0
600,663,33,0
600,3040,34,0
600,6158,35,0
600,6159,36,0
600,6160,37,0
600,6202,38,0
600,1746,39,0
600,1421,40,0
600,1498,41,0
600,3033,42,0
600,1428,43,0
600,1446,44,0
600,4030,45,0
600,1456,46,0
600,6000,47,1
601,364,1,0
601,4020,2,0
601,577,3,0
601,4021,4,0
601,1511,5,0
601,585,6,0
601,1645,7,0
601,1691,8,0
601,6203,9,0
601,6161,10,0
601,6162,11,0
601,6163,12,0
601,3045,13,0
601,648,14,0
601,649,15,0
601,650,16,0
601,651,17,0
601,3046,18,0
601,1474,19,0
601,1166,20,0
601,1168,21,0
601,1175,22,0
601,1176,23,0
601,1177,24,0
601,1178,25,0
601,1447,26,0
601,1179,27,0
601,1180,28,0
601,1181,29,0
601,1182,30,0
601,1183,31,0
601,1144,32,0
601,1145,33,0
601,1169,34,0
601,1146,35,0
601,1147,36,0
601,1188,37,0
601,1171,38,0
601,1106,39,1
700,766,1,0
700,480,2,0
700,1582,3,0
700,1588,4,0
700,2213,5,0
700,1593,6,0
700,322,7,0
700,1992,8,0
700,2304,9,0
700,1471,10,0
700,2048,11,0
700,2002,12,0
700,2012,13,0
700,2013,14,0
700,2014,15,0
700,2015,16,0
700,12,17,0
700,3211,18,0
700,2070,19,0
700,38,20,0
700,39,21,0
700,40,22,0
700,41,23,0
700,42,24,0
700,2144,25,0
700,43,26,0
700,44,27,0
700,2061,28,0
700,3258,29,0
700,1133,30,0
700,2904,31,0
700,9970,32,0
700,2956,33,0
700,9972,34,0
700,2910,35,0
700,2995,36,0
700,3553,37,0
700,2908,38,0
700,2934,39,0
700,2915,40,0
700,2916,41,0
700,2917,42,0
700,2918,43,0
700,2891,44,0
700,2919,45,0
700,2920,46,0
700,2933,47,0
700,2320,48,0
700,2321,49,0
700,2322,50,0
700,2323,51,0
700,2324,52,0
700,2360,53,0
700,2361,54,0
700,1835,55,0
700,3347,56,0
700,2747,57,0
700,2853,58,1
701,2853,1,0
701,2748,2,0
701,1836,3,0
701,2362,4,0
701,2363,5,0
701,2364,6,0
701,1681,7,0
701,2365,8,0
701,2366,9,0
701,2367,10,0
701,2368,11,0
701,2925,12,0
701,2927,13,0
701,2928,14,0
701,2953,15,0
701,2932,16,0
701,3815,17,0
701,2908,18,0
701,2909,19,0
701,2901,20,0
701,9960,21,0
701,9961,22,0
701,3300,23,0
701,3301,24,0
701,2905,25,0
701,1088,26,0
701,3272,27,0
701,2147,28,0
701,2145,29,0
701,20,30,0
701,21,31,0
701,2344,32,0
701,14,33,0
701,37,34,0
701,79,35,0
701,3254,36,0
701,47,37,0
701,3097,38,0
701,3212,39,0
701,1749,40,0
701,3213,41,0
701,2035,42,0
701,2621,43,0
701,2039,44,0
701,2037,45,0
701,1068,46,0
701,2083,47,0
701,2031,48,0
701,2289,49,0
701,1988,50,0
701,340,51,0
701,294,52,0
701,1595,53,0
701,899,54,0
701,6000,55,1
800,342,1,0
800,345,2,0
800,311,3,0
800,326,4,0
800,336,5,0
800,324,6,0
800,334,7,0
800,380,8,0
800,381,9,0
800,382,10,0
800,384,11,0
800,385,12,0
800,386,13,0
800,387,14,0
800,416,15,0
800,493,16,0
800,496,17,0
800,497,18,0
800,498,19,0
800,499,20,0
800,491,21,0
800,895,22,0
800,1296,23,0
800,2221,24,0
800,2267,25,0
800,2268,26,0
800,2269,27,0
800,1238,28,0
800,1239,29,0
800,1240,30,0
800,1241,31,0
800,1242,32,0
800,1227,33,0
800,68,34,0
800,69,35,0
800,70,36,0
800,2140,37,0
800,586,38,0
800,1421,39,0
800,1498,40,0
800,3033,41,0
800,1428,42,0
800,1446,43,0
800,4030,44,0
800,1456,45,0
800,6000,46,1
801,597,1,0
801,4020,2,0
801,577,3,0
801,4021,4,0
801,585,5,0
801,587,6,0
801,74,7,0
801,75,8,0
801,76,9,0
801,66,10,0
801,1243,11,0
801,1228,12,0
801,1229,13,0
801,1230,14,0
801,1231,15,0
801,1232,16,0
801,2217,17,0
801,1225,18,0
801,2219,19,0
801,2220,20,0
801,1237,21,0
801,838,22,0
801,839,23,0
801,762,24,0
801,763,25,0
801,764,26,0
801,365,27,0
801,366,28,0
801,367,29,0
801,368,30,0
801,854,31,0
801,369,32,0
801,370,33,0
801,371,34,0
801,372,35,0
801,373,36,0
801,374,37,0
801,375,38,0
801,376,39,0
801,335,40,0
801,337,41,0
801,339,42,0
801,341,43,0
801,342,44,1
900,3419,1,0
900,3570,2,0
900,3501,3,0
900,4121,4,0
900,4120,5,0
900,4111,6,0
900,4123,7,0
900,4112,8,0
900,4115,9,0
900,4116,10,0
900,4117,11,0
900,4910,12,0
900,4911,13,0
900,4912,14,0
900,4913,15,0
900,1762,16,0
900,299,17,0
900,2420,18,0
900,57,19,0
900,1689,20,0
900,2128,21,0
900,3517,22,0
900,1725,23,0
900,1799,24,0
900,1807,25,0
900,1487,26,0
900,2335,27,0
900,1496,28,0
900,1497,29,0
900,1412,30,0
900,1460,31,0
900,1488,32,0
900,1489,33,0
900,1494,34,0
900,1490,35,0
900,1491,36,0
900,840,37,0
900,1492,38,0
900,1493,39,0
900,1416,40,0
900,1424,41,0
900,851,42,0
900,2585,43,0
900,1456,44,0
900,6000,45,1
901,597,1,0
901,1838,2,0
901,3192,3,0
901,849,4,0
901,1404,5,0
901,1405,6,0
901,1415,7,0
901,1481,8,0
901,837,9,0
901,1482,10,0
901,1483,11,0
901,1495,12,0
901,1484,13,0
901,1485,14,0
901,1468,15,0
901,1460,16,0
901,1410,17,0
901,1478,18,0
901,1479,19,0
901,1486,20,0
901,1633,21,0
901,1808,22,0
901,1700,23,0
901,667,24,0
901,3522,25,0
901,3248,26,0
901,3402,27,0
901,58,28,0
901,298,29,0
901,4923,30,0
901,4924,31,0
901,4925,32,0
901,4927,33,0
901,4928,34,0
901,4100,35,0
901,4125,36,0
901,4102,37,0
901,4103,38,0
901,4104,39,0
901,4113,40,0
901,4942,41,0
901,4105,42,0
901,4124,43,0
901,3417,44,0
901,3419,45,1
1000,597,1,0
1000,480,2,0
1000,481,3,0
1000,1822,4,0
1000,1508,5,0
1000,1509,6,0
1000,1510,7,0
1000,1061,8,0
1000,1600,9,0
1000,3343,10,0
1000,1798,11,0
1000,1603,12,0
1000,1604,13,0
1000,1605,14,0
1000,1606,15,0
1000,1993,16,0
1000,3358,17,0
1000,3357,18,0
1000,3345,19,0
1000,2100,20,0
1000,3030,21,0
1000,3421,22,0
1000,3408,23,0
1000,3409,24,0
1000,3410,25,0
1000,3411,26,0
1000,3412,27,0
1000,3413,28,0
1000,3414,29,0
1000,3415,30,0
1000,1848,31,0
1000,1854,32,0
1000,2105,33,0
1000,3015,34,0
1000,2106,35,0
1000,2111,36,0
1000,1459,37,0
1000,1461,38,0
1000,1462,39,0
1000,1463,40,0
1000,1464,41,0
1000,1465,42,0
1000,1398,43,0
1000,1466,44,0
1000,783,45,0
1000,67,46,0
1000,789,47,0
1000,1883,48,0
1000,2466,49,0
1000,2467,50,0
1000,3277,51,0
1000,2468,52,0
1000,2245,53,0
1000,2246,54,0
1000,2247,55,0
1000,2248,56,0
1000,2249,57,0
1000,2250,58,0
1000,2325,59,0
1000,72,60,0
1000,73,61,0
1000,778,62,0
1000,94,63,0
1000,2153,64,0
1000,2154,65,0
1000,1294,66,0
1000,3306,67,0
1000,1295,68,0
1000,1458,69,0
1000,6002,70,1
1001,2266,1,0
1001,2290,2,0
1001,346,3,0
1001,3307,4,0
1001,1783,5,0
1001,352,6,0
1001,1694,7,0
1001,2394,8,0
1001,22,9,0
1001,830,10,0
1001,3175,11,0
1001,23,12,0
1001,24,13,0
1001,2238,14,0
1001,2239,15,0
1001,2240,16,0
1001,2241,17,0
1001,2242,18,0
1001,2243,19,0
1001,2454,20,0
1001,3276,21,0
1001,2461,22,0
1001,2462,23,0
1001,2463,24,0
1001,401,25,0
1001,54,26,0
1001,404,27,0
1001,1669,28,0
1001,1670,29,0
1001,1671,30,0
1001,1672,31,0
1001,1673,32,0
1001,1674,33,0
1001,1675,34,0
1001,1676,35,0
1001,3147,36,0
1001,2112,37,0
1001,2113,38,0
1001,2114,39,0
1001,2120,40,0
1001,2197,41,0
1001,3002,42,0
1001,3309,43,0
1001,3310,44,0
1001,3311,45,0
1001,3312,46,0
1001,3313,47,0
1001,1857,48,0
1001,2667,49,0
1001,1634,50,0
1001,1635,51,0
1001,2551,52,0
1001,3416,53,0
1001,590,54,0
1001,591,55,0
1001,592,56,0
1001,3356,57,0
1001,1981,58,0
1001,1987,59,0
1001,1608,60,0
1001,1616,61,0
1001,1609,62,0
1001,1610,63,0
1001,1878,64,0
1001,1612,65,0
1001,1614,66,0
1001,1066,67,0
1001,1521,68,0
1001,1522,69,0
1001,1523,70,0
1001,2577,71,0
1001,666,72,0
1001,597,73,1
1100,9059,1,0
1100,9017,2,0
1100,9018,3,0
1100,9019,4,0
1100,815,5,0
1100,9020,6,0
1100,2886,7,0
1100,2958,8,0
1100,2989,9,0
1100,2987,10,0
1100,2800,11,0
1100,2801,12,0
1100,2802,13,0
1100,2897,14,0
1100,2804,15,1
1101,2804,1,0
1101,3009,2,0
1101,2771,3,0
1101,2772,4,0
1101,2707,5,0
1101,2986,6,0
1101,2988,7,0
1101,379,8,1
1101,2294,9,1
1101,2882,10,1
1101,9026,11,1
1101,9001,12,0
1101,9002,13,0
1101,9003,14,1
1101,9004,15,1
1101,9005,16,1
1101,9059,17,1
1300,101,1,0
1300,283,2,0
1300,244,3,0
1300,245,4,0
1300,288,5,0
1300,566,6,0
1300,503,7,0
1300,504,8,0
1300,1,9,0
1300,2887,10,0
1300,1039,11,0
1300,198,12,0
1300,1040,13,0
1300,1041,14,0
1300,1090,15,0
1300,1029,16,0
1300,1014,17,0
1300,1151,18,0
1300,146,19,0
1300,147,20,0
1300,148,21,0
1300,2678,22,0
1300,2506,23,0
1300,2508,24,0
1300,2560,25,0
1300,2561,26,0
1300,2170,27,0
1300,58,28,0
1300,1757,29,0
1300,313,30,0
1300,3403,31,0
1300,153,32,0
1300,154,33,0
1300,155,34,0
1300,156,35,0
1300,1712,36,0
1300,157,37,0
1300,3034,38,0
1300,519,39,0
1300,521,40,0
1300,2636,41,0
1300,2194,42,0
1300,2568,43,0
1300,2569,44,0
1300,2253,45,0
1300,2254,46,0
1300,2255,47,0
1300,2256,48,0
1300,2257,49,0
1300,2258,50,0
1300,3184,51,0
1300,2293,52,0
1300,6002,53,1
1301,780,1,0
1301,2199,2,0
1301,2107,3,0
1301,2196,4,0
1301,2570,5,0
1301,2232,6,0
1301,2233,7,0
1301,2234,8,0
1301,2235,9,0
1301,2236,10,0
1301,2571,11,0
1301,2193,12,0
1301,532,13,0
1301,2640,14,0
1301,540,15,0
1301,541,16,0
1301,1411,17,0
1301,546,18,0
1301,570,19,0
1301,571,20,0
1301,572,21,0
1301,573,22,0
1301,2170,23,0
1301,58,24,0
1301,3402,25,0
1301,313,26,0
1301,3221,27,0
1301,3222,28,0
1301,3303,29,0
1301,3342,30,0
1301,3304,31,0
1301,2679,32,0
1301,160,33,0
1301,161,34,0
1301,162,35,0
1301,349,36,0
1301,350,37,0
1301,990,38,0
1301,1015,39,0
1301,1031,40,0
1301,1032,41,0
1301,199,42,0
1301,1033,43,0
1301,1034,44,0
1301,545,45,0
1301,2,46,0
1301,560,47,0
1301,531,48,0
1301,526,49,0
1301,502,50,0
1301,103,51,0
1301,104,52,0
1301,105,53,0
1301,106,54,0
1301,101,55,1
1400,4009,1,0
1400,283,2,0
1400,244,3,0
1400,245,4,0
1400,246,5,0
1400,247,6,0
1400,248,7,0
1400,249,8,0
1400,250,9,0
1400,1186,10,0
1400,1187,11,0
1400,251,12,0
1400,252,13,0
1400,253,14,0
1400,254,15,0
1400,255,16,0
1400,256,17,0
1400,257,18,0
1400,258,19,0
1400,259,20,0
1400,260,21,0
1400,289,22,0
1400,2104,23,0
1400,261,24,0
1400,262,25,0
1400,263,26,0
1400,264,27,0
1400,224,28,0
1400,325,29,0
1400,326,30,0
1400,341,31,0
1400,314,32,1
1401,314,1,0
1401,345,2,0
1401,311,3,0
1401,302,4,0
1401,377,5,0
1401,378,6,0
1401,303,7,0
1401,306,8,0
1401,226,9,0
1401,227,10,0
1401,228,11,0
1401,229,12,0
1401,2123,13,0
1401,290,14,0
1401,230,15,0
1401,231,16,0
1401,232,17,0
1401,233,18,0
1401,234,19,0
1401,235,20,0
1401,236,21,0
1401,3022,22,0
1401,237,23,0
1401,238,24,0
1401,1454,25,0
1401,239,26,0
1401,240,27,0
1401,241,28,0
1401,242,29,0
1401,243,30,0
1401,104,31,0
1401,105,32,0
1401,106,33,0
1401,4508,34,0
1401,287,35,0
1401,286,36,0
1401,212,37,0
1401,1556,38,0
1401,2117,39,0
1401,2333,40,0
1401,2348,41,0
1401,529,42,0
1401,2339,43,0
1401,2317,44,0
1401,1695,45,0
1401,2319,46,0
1401,3004,47,0
1401,2329,48,0
1401,3473,49,0
1401,3720,50,0
1401,2350,51,0
1401,1684,52,0
1401,2351,53,0
1401,2352,54,0
1401,2682,55,0
1401,2353,56,0
1401,2906,57,0
1401,4009,58,1
1500,2591,1,0
1500,2510,2,0
1500,2513,3,0
1500,2515,4,0
1500,2516,5,0
1500,2623,6,0
1500,2615,7,0
1500,2632,8,0
1500,2188,9,0
1500,2189,10,0
1500,307,11,0
1500,2190,12,0
1500,2191,13,0
1500,2192,14,0
1500,2161,15,0
1500,2162,16,0
1500,2163,17,0
1500,2634,18,0
1500,2164,19,0
1500,2664,20,0
1500,2666,21,0
1500,2683,22,0
1500,2684,23,0
1500,2685,24,0
1500,2686,25,0
1500,2691,26,0
1500,2692,27,0
1500,2693,28,0
1500,2694,29,0
1500,2688,30,0
1500,2759,31,0
1500,2761,32,0
1500,2762,33,0
1500,2763,34,0
1500,2699,35,0
1500,2766,36,0
1500,2767,37,0
1500,2768,38,0
1500,2747,39,0
1500,2850,40,1
1501,2850,1,0
1501,2748,2,0
1501,2749,3,0
1501,2750,4,0
1501,2752,5,0
1501,2755,6,0
1501,2756,7,0
1501,2757,8,0
1501,2717,9,0
1501,2718,10,0
1501,2758,11,0
1501,2650,12,0
1501,2651,13,0
1501,2652,14,0
1501,2653,15,0
1501,2654,16,0
1501,2656,17,0
1501,2657,18,0
1501,2658,19,0
1501,2659,20,0
1501,2175,21,0
1501,2176,22,0
1501,2177,23,0
1501,2635,24,0
1501,2179,25,0
1501,2180,26,0
1501,920,27,0
1501,2139,28,0
1501,2149,29,0
1501,308,30,0
1501,2171,31,0
1501,2172,32,0
1501,2186,33,0
1501,2341,34,0
1501,5015,35,0
1501,2507,36,0
1501,2546,37,0
1501,2493,38,0
1501,2509,39,0
1501,2591,40,1
1600,1687,1,0
1600,2854,2,0
1600,2840,3,0
1600,2855,4,0
1600,2856,5,0
1600,2857,6,0
1600,2858,7,0
1600,2805,8,0
1600,3251,9,0
1600,1983,10,0
1600,2806,11,0
1600,2807,12,0
1600,2808,13,0
1600,2809,14,0
1600,2866,15,0
1600,2847,16,0
1600,2846,17,0
1600,2845,18,0
1600,2811,19,0
1600,2812,20,0
1600,2899,21,0
1600,2813,22,0
1600,2116,23,0
1600,2900,24,0
1600,2959,25,0
1600,2960,26,0
1600,2961,27,0
1600,2903,28,0
1600,2962,29,0
1600,2963,30,0
1600,2964,31,0
1600,2966,32,0
1600,2957,33,0
1600,2952,34,0
1600,2826,35,0
1600,2814,36,0
1600,2864,37,0
1600,2816,38,0
1600,2817,39,0
1600,2818,40,0
1600,2870,41,0
1600,6003,42,1
1601,1687,1,0
1601,2860,2,0
1601,2821,3,0
1601,2822,4,0
1601,2823,5,0
1601,2824,6,0
1601,2839,7,0
1601,2825,8,0
1601,2813,9,0
1601,2116,10,0
1601,2900,11,0
1601,2959,12,0
1601,2960,13,0
1601,2961,14,0
1601,2903,15,0
1601,2962,16,0
1601,2963,17,0
1601,2964,18,0
1601,2966,19,0
1601,2957,20,0
1601,2952,21,0
1601,2826,22,0
1601,893,23,0
1601,2827,24,0
1601,2828,25,0
1601,2829,26,0
1601,2844,27,0
1601,2843,28,0
1601,2842,29,0
1601,2830,30,0
1601,2831,31,0
1601,2832,32,0
1601,985,33,0
1601,2888,34,0
1601,2833,35,0
1601,1984,36,0
1601,3460,37,0
1601,2834,38,0
1601,2835,39,0
1601,2836,40,0
1601,2837,41,0
1601,2838,42,0
1601,2739,43,0
1601,2740,44,0
1601,6003,45,1
1700,1402,1,0
1700,480,2,0
1700,1916,3,0
1700,1900,4,0
1700,1901,5,0
1700,2608,6,0
1700,2663,7,0
1700,1950,8,0
1700,190,9,0
1700,1960,10,0
1700,1961,11,0
1700,1899,12,0
1700,1837,13,0
1700,1949,14,0
1700,1905,15,0
1700,95,16,0
1700,96,17,0
1700,1906,18,0
1700,1888,19,0
1700,1698,20,0
1700,1907,21,0
1700,4006,22,0
1700,1908,23,0
1700,2182,24,1
1701,2182,1,0
1701,4213,2,0
1701,2518,3,0
1701,1912,4,0
1701,3132,5,0
1701,1889,6,0
1701,1913,7,0
1701,97,8,0
1701,98,9,0
1701,1914,10,0
1701,1968,11,0
1701,1898,12,0
1701,1969,13,0
1701,1980,14,0
1701,1917,15,0
1701,191,16,0
1701,1951,17,0
1701,1918,18,0
1701,2216,19,0
1701,1959,20,0
1701,1919,21,0
1701,1915,22,0
1701,1402,23,1
1800,6626,1,0
1800,6628,2,0
1800,6615,3,0
1800,6609,4,0
1800,6616,5,0
1800,6617,6,0
1800,6618,7,0
1800,6619,8,0
1800,6167,9,0
1800,2396,10,0
1800,2397,11,0
1800,2497,12,0
1800,2483,13,0
1800,3346,14,0
1800,1519,15,0
1800,2498,16,0
1800,2514,17,0
1800,2515,18,0
1800,2516,19,0
1800,802,20,0
1800,2550,21,0
1800,2553,22,0
1800,3226,23,0
1800,2555,24,0
1800,2603,25,0
1800,2607,26,0
1800,2939,27,0
1800,2924,28,0
1800,2800,29,0
1800,2801,30,0
1800,2802,31,0
1800,2897,32,0
1800,2708,33,1
1801,2708,1,0
1801,3009,2,0
1801,2771,3,0
1801,2772,4,0
1801,2707,5,0
1801,3279,6,0
1801,2709,7,0
1801,2993,8,0
1801,2770,9,0
1801,2785,10,0
1801,2787,11,0
1801,327,12,0
1801,1815,13,0
1801,328,14,0
1801,2545,15,0
1801,2507,16,0
1801,2546,17,0
1801,2547,18,0
1801,2548,19,0
1801,2499,20,0
1801,1520,21,0
1801,3975,22,0
1801,2590,23,0
1801,2556,24,0
1801,2557,25,0
1801,2558,26,0
1801,2559,27,0
1801,6607,28,0
1801,6608,29,0
1801,6670,30,0
1801,6610,31,0
1801,6612,32,0
1801,6613,33,0
1801,6614,34,0
1801,6626,35,1
2000,766,1,0
2000,480,2,0
2000,1589,3,0
2000,1501,4,0
2000,1502,5,0
2000,1503,6,0
2000,2681,7,0
2000,1504,8,0
2000,1518,9,0
2000,1516,10,0
2000,1505,11,0
2000,1506,12,0
2000,1507,13,0
2000,1524,14,0
2000,1525,15,0
2000,1526,16,0
2000,1527,17,0
2000,1528,18,0
2000,1529,19,0
2000,1530,20,0
2000,1531,21,0
2000,1532,22,0
2000,1533,23,0
2000,1590,24,0
2000,1393,25,0
2000,9163,26,1
2000,3442,27,1
2000,9063,28,1
2000,9064,29,1
2000,9065,30,1
2000,9066,31,1
2000,9067,32,1
2000,9026,33,1
2000,9001,34,0
2000,9002,35,0
2000,9003,36,1
2000,9004,37,1
2000,9005,38,1
2000,9099,39,1
2001,9099,1,0
2001,9017,2,0
2001,9018,3,0
2001,9019,4,0
2001,815,5,0
2001,9020,6,0
2001,9091,7,0
2001,9092,8,0
2001,9093,9,0
2001,9094,10,0
2001,9095,11,0
2001,3441,12,0
2001,1309,13,0
2001,1534,14,0
2001,1535,15,0
2001,1536,16,0
2001,1537,17,0
2001,1538,18,0
2001,1539,19,0
2001,1540,20,0
2001,1541,21,0
2001,1542,22,0
2001,1543,23,0
2001,1591,24,0
2001,1545,25,0
2001,1546,26,0
2001,1547,27,0
2001,1517,28,0
2001,1583,29,0
2001,1571,30,0
2001,1572,31,0
2001,1573,32,0
2001,1574,33,0
2001,1844,34,0
2001,1005,35,0
2001,6000,36,1
2200,2859,1,0
2200,2860,2,0
2200,2803,3,0
2200,2872,4,0
2200,2865,5,0
2200,2873,6,0
2200,2867,7,0
2200,2884,8,0
2200,2874,9,1
2200,3365,10,1
2200,9100,11,1
2200,2946,12,0
2200,7200,13,0
2200,2700,14,0
2200,9127,15,1
2201,9127,1,0
2201,9128,2,0
2201,9129,3,0
2201,2851,4,0
2201,9131,5,0
2201,9132,6,0
2201,9133,7,0
2201,9101,8,0
2201,9102,9,0
2201,9103,10,0
2201,2868,11,0
2201,2877,12,0
2201,2869,13,0
2201,2876,14,0
2201,2871,15,0
2201,2870,16,0
2201,2859,17,1
2300,139,1,0
2300,208,2,0
2300,209,3,0
2300,210,4,0
2300,211,5,0
2300,581,6,0
2300,214,7,0
2300,225,8,0
2300,909,9,0
2300,216,10,0
2300,217,11,0
2300,295,12,0
2300,296,13,0
2300,219,14,0
2300,218,15,0
2300,221,16,0
2300,222,17,0
2300,223,18,0
2300,224,19,0
2300,325,20,0
2300,326,21,0
2300,341,22,0
2300,344,23,0
2300,345,24,0
2300,311,25,0
2300,323,26,0
2300,353,27,0
2300,354,28,0
2300,355,29,0
2300,356,30,0
2300,357,31,0
2300,435,32,0
2300,436,33,0
2300,437,34,0
2300,1813,35,0
2300,438,36,0
2300,439,37,0
2300,440,38,0
2300,2744,39,0
2300,441,40,0
2300,442,41,0
2300,443,42,0
2300,444,43,0
2300,445,44,0
2300,472,45,0
2300,446,46,1
2301,446,1,0
2301,471,2,0
2301,447,3,0
2301,448,4,0
2301,408,5,0
2301,450,6,0
2301,451,7,0
2301,2745,8,0
2301,452,9,0
2301,453,10,0
2301,454,11,0
2301,3274,12,0
2301,455,13,0
2301,456,14,0
2301,457,15,0
2301,358,16,0
2301,359,17,0
2301,360,18,0
2301,361,19,0
2301,362,20,0
2301,881,21,0
2301,363,22,0
2301,341,23,0
2301,314,24,0
2301,345,25,0
2301,311,26,0
2301,302,27,0
2301,377,28,0
2301,378,29,0
2301,267,30,0
2301,268,31,0
2301,637,32,0
2301,269,33,0
2301,270,34,0
2301,272,35,0
2301,291,36,0
2301,292,37,0
2301,274,38,0
2301,275,39,0
2301,843,40,0
2301,276,41,0
2301,278,42,0
2301,266,43,0
2301,279,44,0
2301,280,45,0
2301,281,46,0
2301,282,47,0
2301,2649,48,0
2301,139,49,1
2400,779,1,0
2400,2904,2,0
2400,9970,3,0
2400,2956,4,0
2400,9972,5,0
2400,2198,6,0
2400,1729,7,0
2400,1733,8,0
2400,2211,9,0
2400,1736,10,0
2400,575,11,0
2400,1764,12,0
2400,936,13,0
2400,3246,14,0
2400,1755,15,0
2400,1765,16,0
2400,1786,17,0
2400,2741,18,0
2400,2898,19,0
2400,2967,20,0
2400,2968,21,0
2400,2985,22,0
2400,2990,23,0
2400,2991,24,0
2400,2992,25,0
2400,2994,26,0
2400,3120,27,0
2400,2997,28,0
2400,2998,29,0
2400,2999,30,0
2400,2920,31,0
2400,2933,32,0
2400,2784,33,0
2400,2781,34,0
2400,2705,35,0
2400,2788,36,0
2400,2789,37,0
2400,2790,38,0
2400,2791,39,0
2400,2725,40,0
2400,2792,41,0
2400,2793,42,0
2400,2794,43,0
2400,2795,44,0
2400,2796,45,0
2400,2897,46,0
2400,2850,47,1
2401,2850,1,0
2401,3009,2,0
2401,2771,3,0
2401,2772,4,0
2401,2773,5,0
2401,2774,6,0
2401,2775,7,0
2401,2776,8,0
2401,2777,9,0
2401,2778,10,0
2401,2779,11,0
2401,2780,12,0
2401,2798,13,0
2401,2786,14,0
2401,2782,15,0
2401,2783,16,0
2401,2925,17,0
2401,2940,18,0
2401,2941,19,0
2401,2942,20,0
2401,3003,21,0
2401,2943,22,0
2401,2944,23,0
2401,2945,24,0
2401,2982,25,0
2401,2983,26,0
2401,1396,27,0
2401,1397,28,0
2401,2981,29,0
2401,2980,30,0
2401,2979,31,0
2401,2978,32,0
2401,2977,33,0
2401,2976,34,0
2401,2975,35,0
2401,2974,36,0
2401,2973,37,0
2401,2230,38,0
2401,575,39,0
2401,1776,40,0
2401,2214,41,0
2401,1797,42,0
2401,9045,43,0
2401,2210,44,0
2401,3300,45,0
2401,3301,46,0
2401,2905,47,0
2401,779,48,1
2500,1925,1,0
2500,1802,2,0
2500,1803,3,0
2500,1804,4,0
2500,48,5,0
2500,63,6,0
2500,64,7,0
2500,1805,8,0
2500,1806,9,0
2500,3027,10,0
2500,835,11,0
2500,2574,12,0
2500,2713,13,0
2500,2714,14,0
2500,1851,15,0
2500,3080,16,0
2500,1944,17,0
2500,1939,18,0
2500,1940,19,0
2500,1994,20,0
2500,2552,21,0
2500,1935,22,0
2500,1936,23,0
2500,1945,24,0
2500,1937,25,0
2600,1089,1,0
2600,1015,2,0
2600,1063,3,0
2600,1251,4,0
2600,1266,5,0
2600,981,6,0
2600,980,7,0
2600,904,8,0
2600,1127,9,0
2600,1167,10,0
2600,1165,11,0
2600,1128,12,0
2600,1129,13,0
2600,1130,14,0
2600,1131,15,0
2600,1132,16,0
2600,1135,17,0
2600,584,18,0
2600,585,19,0
2600,587,20,0
2600,1498,21,0
2600,3033,22,0
2600,1428,23,0
2600,1446,24,0
2600,4030,25,0
2600,1456,26,0
2600,85,27,0
2600,480,28,0
2600,481,29,0
2600,3013,30,0
2600,1425,31,0
2600,2519,32,0
2600,1270,33,0
2600,1271,34,0
2600,1272,35,0
2600,1273,36,0
2600,1274,37,0
2600,1276,38,0
2600,1277,39,0
2600,1383,40,0
2600,1384,41,0
2600,1385,42,0
2600,1386,43,0
2600,1387,44,0
2600,1388,45,0
2600,1389,46,0
2600,1391,47,0
2600,1392,48,0
2600,1393,49,0
2600,9163,50,1
2600,3442,51,1
2600,9063,52,1
2600,9064,53,1
2600,9065,54,1
2600,9066,55,1
2600,9067,56,1
2600,9068,57,1
2600,9069,58,1
2600,9071,59,1
2600,9072,60,1
2600,9073,61,1
2600,9074,62,1
2600,9075,63,1
2600,9077,64,1
2600,9078,65,1
2600,9079,66,1
2600,9012,67,1
2600,9000,68,0
2600,310,69,0
2600,9013,70,0
2600,811,71,0
2600,9117,72,1
2601,9117,1,0
2601,9006,2,0
2601,9007,3,0
2601,9126,4,0
2601,9046,5,0
2601,9047,6,0
2601,9048,7,0
2601,9049,8,0
2601,9050,9,0
2601,9051,10,0
2601,9053,11,0
2601,9054,12,0
2601,9083,13,0
2601,9084,14,0
2601,9085,15,0
2601,9086,16,0
2601,9087,17,0
2601,9089,18,0
2601,9090,19,0
2601,9091,20,0
2601,9092,21,0
2601,9093,22,0
2601,9094,23,0
2601,9095,24,0
2601,3441,25,0
2601,1309,26,0
2601,1552,27,0
2601,1553,28,0
2601,1554,29,0
2601,1555,30,0
2601,1557,31,0
2601,1558,32,0
2601,1559,33,0
2601,1560,34,0
2601,1561,35,0
2601,1563,36,0
2601,1564,37,0
2601,1565,38,0
2601,1566,39,0
2601,1567,40,0
2601,1568,41,0
2601,1569,42,0
2601,588,43,0
2601,813,44,0
2601,1821,45,0
2601,666,46,0
2601,1408,47,0
2601,4020,48,0
2601,577,49,0
2601,4021,50,0
2601,1511,51,0
2601,586,52,0
2601,1421,53,0
2601,1422,54,0
2601,3232,55,0
2601,1476,56,0
2601,1477,57,0
2601,1472,58,0
2601,1473,59,0
2601,1474,60,0
2601,1166,61,0
2601,1168,62,0
2601,1499,63,0
2601,903,64,0
2601,902,65,0
2601,971,66,0
2601,3432,67,0
2601,3436,68,0
2601,1089,69,1
2800,2622,1,0
2800,700,2,0
2800,701,3,0
2800,1607,4,0
2800,1619,5,0
2800,1620,6,0
2800,1621,7,0
2800,1622,8,0
2800,3426,9,0
2800,3123,10,0
2800,6127,11,0
2800,1401,12,0
2800,1870,13,0
2800,1871,14,0
2800,1872,15,0
2800,1873,16,0
2800,1874,17,0
2800,1875,18,0
2800,1876,19,0
2800,1668,20,0
2800,1625,21,0
2800,1626,22,0
2800,1627,23,0
2800,3043,24,0
2800,3287,25,0
2800,3224,26,0
2800,3289,27,0
2800,2585,28,0
2800,1456,29,0
2800,6000,30,1
2801,664,1,0
2801,1838,2,0
2801,3288,3,0
2801,1617,4,0
2801,1774,5,0
2801,3285,6,0
2801,1641,7,0
2801,1642,8,0
2801,1643,9,0
2801,1644,10,0
2801,1861,11,0
2801,1862,12,0
2801,1863,13,0
2801,1864,14,0
2801,1865,15,0
2801,1866,16,0
2801,1867,17,0
2801,1868,18,0
2801,3426,19,0
2801,3123,20,0
2801,1646,21,0
2801,1647,22,0
2801,1648,23,0
2801,1651,24,0
2801,1649,25,0
2801,71,26,0
2801,758,27,0
2801,759,28,0
2801,2622,29,1
2900,4009,1,0
2900,136,2,0
2900,135,3,0
2900,141,4,0
2900,133,5,0
2900,3095,6,0
2900,132,7,0
2900,131,8,0
2900,130,9,0
2900,142,10,0
2900,129,11,0
2900,150,12,0
2900,144,13,0
2900,128,14,0
2900,127,15,0
2900,125,16,0
2900,126,17,0
2900,124,18,0
2900,123,19,0
2900,122,20,0
2900,288,21,0
2900,566,22,0
2900,503,23,0
2900,505,24,0
2900,506,25,0
2900,507,26,0
2900,508,27,0
2900,509,28,0
2900,510,29,0
2900,511,30,0
2900,512,31,0
2900,513,32,0
2900,516,33,0
2900,517,34,0
2900,501,35,0
2900,1007,36,0
2900,1008,37,0
2900,1009,38,0
2900,3422,39,0
2900,793,40,0
2900,794,41,0
2900,795,42,0
2900,349,43,0
2900,350,44,0
2900,4008,45,1
2901,4008,1,0
2901,1015,2,0
2901,1016,3,0
2901,1017,4,0
2901,9,5,0
2901,1018,6,0
2901,1019,7,0
2901,1020,8,0
2901,1021,9,0
2901,1150,10,0
2901,549,11,0
2901,550,12,0
2901,551,13,0
2901,552,14,0
2901,553,15,0
2901,554,16,0
2901,555,17,0
2901,556,18,0
2901,557,19,0
2901,558,20,0
2901,559,21,0
2901,579,22,0
2901,564,23,0
2901,563,24,0
2901,565,25,0
2901,502,26,0
2901,103,27,0
2901,121,28,0
2901,120,29,0
2901,119,30,0
2901,118,31,0
2901,117,32,0
2901,116,33,0
2901,138,34,0
2901,137,35,0
2901,114,36,0
2901,143,37,0
2901,113,38,0
2901,112,39,0
2901,111,40,0
2901,110,41,0
2901,115,42,0
2901,109,43,0
2901,108,44,0
2901,106,45,0
2901,4508,46,0
2901,287,47,0
2901,286,48,0
2901,212,49,0
2901,1631,50,0
2901,284,51,0
2901,285,52,0
2901,2358,53,0
2901,2649,54,0
2901,4009,55,1
3000,2849,1,0
3000,2748,2,0
3000,2749,3,0
3000,2750,4,0
3000,2752,5,0
3000,2755,6,0
3000,2756,7,0
3000,2757,8,0
3000,2717,9,0
3000,2718,10,0
3000,2719,11,0
3000,2720,12,0
3000,2324,13,0
3000,2723,14,0
3000,2724,15,0
3000,2777,16,0
3000,2778,17,0
3000,2779,18,0
3000,2780,19,0
3000,2798,20,0
3000,2786,21,0
3000,2782,22,0
3000,2783,23,0
3000,2939,24,0
3000,2902,25,0
3000,2924,26,0
3000,2954,27,0
3000,2986,28,0
3000,2988,29,0
3000,379,30,1
3000,2294,31,1
3000,2882,32,1
3000,3438,33,1
3000,2880,34,1
3000,9107,35,1
3000,9108,36,1
3000,9109,37,1
3000,9110,38,1
3000,9111,39,1
3000,9150,40,1
3000,9112,41,1
3000,9113,42,1
3000,9114,43,1
3000,9115,44,1
3000,9116,45,1
3000,2862,46,1
3001,2862,1,0
3001,2863,2,0
3001,9119,3,0
3001,9120,4,0
3001,9121,5,0
3001,9122,6,0
3001,9123,7,0
3001,9124,8,0
3001,9125,9,0
3001,2879,10,0
3001,3437,11,0
3001,2886,12,0
3001,2958,13,0
3001,2989,14,0
3001,2987,15,0
3001,3278,16,0
3001,2709,17,0
3001,2993,18,0
3001,2902,19,0
3001,2784,20,0
3001,2781,21,0
3001,2705,22,0
3001,2788,23,0
3001,2789,24,0
3001,2790,25,0
3001,2791,26,0
3001,2725,27,0
3001,2726,28,0
3001,2727,29,0
3001,2728,30,0
3001,2729,31,0
3001,2731,32,0
3001,2716,33,0
3001,2761,34,0
3001,2762,35,0
3001,2763,36,0
3001,2699,37,0
3001,2766,38,0
3001,2767,39,0
3001,2768,40,0
3001,2747,41,0
3001,2849,42,1
3500,3419,1,0
3500,3570,2,0
3500,3501,3,0
3500,3539,4,0
3500,3540,5,0
3500,3352,6,0
3500,3532,7,0
3500,3518,8,0
3500,3510,9,0
3500,2203,10,0
3500,3500,11,0
3500,3509,12,0
3500,3516,13,0
3500,1775,14,0
3500,599,15,0
3500,3517,16,0
3500,1725,17,0
3500,1799,18,0
3500,1807,19,0
3500,1911,20,0
3500,1896,21,0
3500,2270,22,0
3500,2151,23,0
3500,2271,24,0
3500,1966,25,0
3500,1999,26,0
3500,1697,27,0
3500,1954,28,0
3500,836,29,0
3500,1957,30,0
3500,1967,31,0
3500,1956,32,0
3500,1976,33,0
3500,2291,34,0
3500,2283,35,0
3500,1991,36,0
3500,3519,37,0
3500,322,38,0
3500,1992,39,0
3500,2304,40,0
3500,1471,41,0
3500,2048,42,0
3500,2002,43,0
3500,2012,44,0
3500,2013,45,0
3500,2014,46,0
3500,2015,47,0
3500,2016,48,0
3500,3149,49,0
3500,2017,50,0
3500,3266,51,0
3500,2038,52,0
3500,2029,53,0
3500,2030,54,0
3500,2066,55,0
3500,3393,56,0
3500,9026,57,1
3500,9001,58,0
3500,9002,59,0
3500,9003,60,1
3500,9004,61,1
3500,9005,62,1
3500,9056,63,1
3501,9056,1,0
3501,9017,2,0
3501,9018,3,0
3501,9019,4,0
3501,815,5,0
3501,9020,6,0
3501,5009,7,0
3501,2032,8,0
3501,3505,9,0
3501,1618,10,0
3501,3195,11,0
3501,2033,12,0
3501,3148,13,0
3501,2764,14,0
3501,2035,15,0
3501,2621,16,0
3501,2039,17,0
3501,2037,18,0
3501,1068,19,0
3501,2083,20,0
3501,2031,21,0
3501,2289,22,0
3501,1988,23,0
3501,340,24,0
3501,3521,25,0
3501,482,26,0
3501,3068,27,0
3501,1630,28,0
3501,1955,29,0
3501,1962,30,0
3501,1952,31,0
3501,1449,32,0
3501,1953,33,0
3501,1696,34,0
3501,1998,35,0
3501,2889,36,0
3501,1963,37,0
3501,1796,38,0
3501,1897,39,0
3501,4,40,0
3501,1964,41,0
3501,1633,42,0
3501,1808,43,0
3501,1700,44,0
3501,667,45,0
3501,3522,46,0
3501,3523,47,0
3501,1772,48,0
3501,1773,49,0
3501,3302,50,0
3501,3524,51,0
3501,3525,52,0
3501,3511,53,0
3501,3526,54,0
3501,3527,55,0
3501,3534,56,0
3501,3502,57,0
3501,3538,58,0
3501,3535,59,0
3501,3566,60,0
3501,3537,61,0
3501,3419,62,1
3600,1073,1,0
3600,964,2,0
3600,1049,3,0
3600,1016,4,0
3600,1017,5,0
3600,9,6,0
3600,1043,7,0
3600,1044,8,0
3600,1045,9,0
3600,937,10,0
3600,946,11,0
3600,947,12,0
3600,948,13,0
3600,949,14,0
3600,950,15,0
3600,951,16,0
3600,952,17,0
3600,953,18,0
3600,965,19,0
3600,954,20,0
3600,955,21,0
3600,956,22,0
3600,973,23,0
3600,957,24,0
3600,898,25,0
3600,959,26,0
3600,960,27,0
3600,961,28,0
3600,929,29,0
3600,930,30,0
3600,944,31,0
3600,931,32,0
3600,932,33,0
3600,934,34,0
3600,935,35,0
3600,928,36,0
3600,962,37,0
3600,4506,38,0
3600,4548,39,1
3601,4548,1,0
3601,4514,2,0
3601,4515,3,0
3601,1213,4,0
3601,927,5,0
3601,974,6,0
3601,975,7,0
3601,976,8,0
3601,977,9,0
3601,2746,10,0
3601,3378,11,0
3601,3380,12,0
3601,3382,13,0
3601,1164,14,0
3601,1139,15,0
3601,897,16,0
3601,1170,17,0
3601,527,18,0
3601,1652,19,0
3601,1653,20,0
3601,1654,21,0
3601,1656,22,0
3601,1662,23,0
3601,1657,24,0
3601,1658,25,0
3601,1280,26,0
3601,1281,27,0
3601,1282,28,0
3601,1376,29,0
3601,1284,30,0
3601,1285,31,0
3601,1048,32,0
3601,1025,33,0
3601,1026,34,0
3601,1027,35,0
3601,1028,36,0
3601,1029,37,0
3601,1073,38,1
3800,3428,1,0
3800,3123,2,0
3800,1647,3,0
3800,1190,4,0
3800,1152,5,0
3800,1153,6,0
3800,149,7,0
3800,3139,8,0
3800,1194,9,0
3800,3169,10,0
3800,1195,11,0
3800,1142,12,0
3800,1143,13,0
3800,1185,14,0
3800,1200,15,0
3800,1233,16,0
3800,648,17,0
3800,649,18,0
3800,650,19,0
3800,651,20,0
3800,652,21,0
3800,653,22,0
3800,654,23,0
3800,655,24,0
3800,1410,25,0
3800,1478,26,0
3800,1479,27,0
3800,1486,28,0
3800,1469,29,0
3800,1413,30,0
3800,1414,31,0
3800,2318,32,0
3800,1417,33,0
3800,891,34,0
3800,3053,35,0
3800,892,36,0
3800,2421,37,0
3800,2895,38,0
3800,2912,39,0
3800,2495,40,0
3800,2349,41,0
3800,3389,42,0
3800,1441,43,0
3800,1442,44,0
3800,1443,45,0
3800,2417,46,0
3800,2378,47,0
3800,2300,48,0
3800,2465,49,0
3800,2301,50,0
3800,2302,51,0
3800,2371,52,0
3800,2372,53,0
3800,2373,54,0
3800,2374,55,0
3800,2375,56,0
3800,2158,57,0
3800,2159,58,0
3800,3019,59,0
3800,1011,60,0
3800,1012,61,0
3800,1051,62,0
3800,3689,63,0
3800,1053,64,0
3800,3121,65,0
3800,3020,66,0
3800,3021,67,0
3800,3840,68,0
3800,3841,69,0
3800,3843,70,0
3800,3842,71,0
3800,3801,72,0
3800,3800,73,0
3800,3298,74,0
3800,3812,75,0
3800,1850,76,0
3800,2573,77,0
3800,1597,78,0
3800,1598,79,0
3800,2334,80,0
3800,93,81,0
3800,1458,82,0
3800,6002,83,1
3801,2127,1,0
3801,2290,2,0
3801,2581,3,0
3801,3016,4,0
3801,3017,5,0
3801,2617,6,0
3801,2660,7,0
3801,2661,8,0
3801,2662,9,0
3801,3801,10,0
3801,3800,11,0
3801,3298,12,0
3801,3812,13,0
3801,1850,14,0
3801,3866,15,0
3801,3869,16,0
3801,3867,17,0
3801,3868,18,0
3801,3075,19,0
3801,3076,20,0
3801,1056,21,0
3801,1057,22,0
3801,1058,23,0
3801,1059,24,0
3801,1060,25,0
3801,2110,26,0
3801,2109,27,0
3801,2379,28,0
3801,2380,29,0
3801,2381,30,0
3801,2382,31,0
3801,2383,32,0
3801,2314,33,0
3801,2315,34,0
3801,2316,35,0
3801,2554,36,0
3801,2418,37,0
3801,2377,38,0
3801,2496,39,0
3801,1444,40,0
3801,1445,41,0
3801,3391,42,0
3801,3392,43,0
3801,2259,44,0
3801,2260,45,0
3801,2227,46,0
3801,2229,47,0
3801,3023,48,0
3801,2173,49,0
3801,1451,50,0
3801,2517,51,0
3801,1452,52,0
3801,1453,53,0
3801,1487,54,0
3801,2335,55,0
3801,1496,56,0
3801,1497,57,0
3801,1412,58,0
3801,656,59,0
3801,658,60,0
3801,677,61,0
3801,659,62,0
3801,3125,63,0
3801,661,64,0
3801,662,65,0
3801,663,66,0
3801,1234,67,0
3801,1235,68,0
3801,1742,69,0
3801,1753,70,0
3801,1831,71,0
3801,645,72,0
3801,4000,73,0
3801,3026,74,0
3801,646,75,0
3801,747,76,0
3801,1621,77,0
3801,1622,78,0
3801,3428,79,1
3900,665,1,0
3900,2290,2,0
3900,2581,3,0
3900,3016,4,0
3900,3017,5,0
3900,2328,6,0
3900,943,7,0
3900,2544,8,0
3900,82,9,0
3900,83,10,0
3900,88,11,0
3900,1149,12,0
3900,3047,13,0
3900,3048,14,0
3900,3049,15,0
3900,3907,16,0
3900,3908,17,0
3900,3054,18,0
3900,3503,19,0
3900,3507,20,0
3900,3055,21,0
3900,1693,22,0
3900,399,23,0
3900,2458,24,0
3900,2472,25,0
3900,1881,26,0
3900,2459,27,0
3900,2572,28,0
3900,2460,29,0
3900,3276,30,0
3900,2461,31,0
3900,2462,32,0
3900,2463,33,0
3900,401,34,0
3900,54,35,0
3900,404,36,0
3900,3056,37,0
3900,1250,38,0
3900,2841,39,0
3900,2181,40,0
3900,2252,41,0
3900,1613,42,0
3900,2103,43,0
3900,3057,44,0
3900,3058,45,0
3900,3059,46,0
3900,3060,47,0
3900,1927,48,0
3900,1948,49,0
3900,1930,50,0
3900,1989,51,0
3900,1931,52,0
3900,1932,53,0
3900,1933,54,0
3900,1934,55,0
3900,2552,56,0
3900,3550,57,0
3900,603,58,0
3900,3005,59,0
3900,3900,60,0
3900,2331,61,0
3900,3127,62,0
3900,1884,63,0
3900,31,64,0
3900,2084,65,0
3900,2095,66,0
3900,576,67,0
3900,32,68,0
3900,33,69,0
3900,34,70,0
3900,2575,71,0
3900,3261,72,0
3900,39,73,0
3900,40,74,0
3900,41,75,0
3900,42,76,0
3900,2144,77,0
3900,43,78,0
3900,44,79,0
3900,3008,80,0
3900,1133,81,1
3901,1088,1,0
3901,779,2,0
3901,2145,3,0
3901,20,4,0
3901,21,5,0
3901,2344,6,0
3901,14,7,0
3901,37,8,0
3901,79,9,0
3901,3254,10,0
3901,3255,11,0
3901,2631,12,0
3901,3256,13,0
3901,2077,14,0
3901,2078,15,0
3901,45,16,0
3901,46,17,0
3901,50,18,0
3901,80,19,0
3901,3102,20,0
3901,51,21,0
3901,3543,22,0
3901,2133,23,0
3901,178,24,0
3901,5301,25,0
3901,2215,26,0
3901,3180,27,0
3901,3107,28,0
3901,624,29,0
3901,625,30,0
3901,626,31,0
3901,1904,32,0
3901,3061,33,0
3901,3062,34,0
3901,3063,35,0
3901,1158,36,0
3901,1236,37,0
3901,2327,38,0
3901,2914,39,0
3901,2881,40,0
3901,2885,41,0
3901,3064,42,0
3901,783,43,0
3901,67,44,0
3901,789,45,0
3901,1883,46,0
3901,2466,47,0
3901,2467,48,0
3901,3277,49,0
3901,2468,50,0
3901,2063,51,0
3901,1886,52,0
3901,1887,53,0
3901,2469,54,0
3901,2471,55,0
3901,2470,56,0
3901,790,57,0
3901,887,58,0
3901,3065,59,0
3901,3066,60,0
3901,3067,61,0
3901,3069,62,0
3901,657,63,0
3901,3909,64,0
3901,3910,65,0
3901,3072,66,0
3901,3073,67,0
3901,3074,68,0
3901,81,69,0
3901,418,70,0
3901,419,71,0
3901,49,72,0
3901,3025,73,0
3901,91,74,0
3901,92,75,0
3901,2340,76,0
3901,3077,77,0
3901,93,78,0
3901,1458,79,0
3901,6002,80,1
4200,1374,1,0
4200,888,2,0
4200,2385,3,0
4200,2386,4,0
4200,2387,5,0
4200,2388,6,0
4200,2389,7,0
4200,2108,8,0
4200,3200,9,0
4200,6111,10,0
4200,3201,11,0
4200,3115,12,0
4200,6880,13,0
4200,2505,14,0
4200,6138,15,0
4200,6139,16,0
4200,6120,17,0
4200,3134,18,0
4200,3136,19,0
4200,3363,20,0
4200,2395,21,0
4200,2396,22,0
4200,2397,23,0
4200,2497,24,0
4200,2483,25,0
4200,3346,26,0
4200,1519,27,0
4200,2498,28,0
4200,2514,29,0
4200,2515,30,0
4200,2516,31,0
4200,802,32,0
4200,2550,33,0
4200,2553,34,0
4200,3226,35,0
4200,2555,36,0
4200,2603,37,0
4200,2607,38,0
4200,2939,39,0
4200,2924,40,0
4200,2800,41,0
4200,2801,42,0
4200,2802,43,0
4200,2897,44,0
4200,2708,45,1
4201,2708,1,0
4201,3009,2,0
4201,2771,3,0
4201,2772,4,0
4201,2707,5,0
4201,3279,6,0
4201,2709,7,0
4201,2993,8,0
4201,2770,9,0
4201,2785,10,0
4201,2787,11,0
4201,327,12,0
4201,1815,13,0
4201,328,14,0
4201,2545,15,0
4201,2507,16,0
4201,2546,17,0
4201,2547,18,0
4201,2548,19,0
4201,2499,20,0
4201,1520,21,0
4201,3975,22,0
4201,2590,23,0
4201,2556,24,0
4201,2557,25,0
4201,2558,26,0
4201,2559,27,0
4201,3364,28,0
4201,3129,29,0
4201,3100,30,0
4201,3133,31,0
4201,6134,32,0
4201,2594,33,0
4201,3116,34,0
4201,4205,35,0
4201,4204,36,0
4201,3117,37,0
4201,3118,38,0
4201,3051,39,0
4201,2562,40,0
4201,3052,41,0
4201,2134,42,0
4201,2135,43,0
4201,2564,44,0
4201,2565,45,0
4201,2566,46,0
4201,2567,47,0
4201,2282,48,0
4201,6002,49,1
4300,779,1,0
4300,3272,2,0
4300,2147,3,0
4300,2145,4,0
4300,20,5,0
4300,21,6,0
4300,2344,7,0
4300,14,8,0
4300,37,9,0
4300,79,10,0
4300,3254,11,0
4300,3255,12,0
4300,2631,13,0
4300,3256,14,0
4300,2077,15,0
4300,2078,16,0
4300,45,17,0
4300,46,18,0
4300,50,19,0
4300,80,20,0
4300,3102,21,0
4300,51,22,0
4300,52,23,0
4300,1943,24,0
4300,1941,25,0
4300,3018,26,0
4300,1946,27,0
4300,1925,28,0
4300,1802,29,0
4300,1803,30,0
4300,1804,31,0
4300,48,32,0
4300,1823,33,0
4300,53,34,0
4300,1846,35,0
4300,601,36,0
4300,544,37,0
4300,623,38,0
4300,3282,39,0
4300,2881,40,0
4300,2885,41,0
4300,3064,42,0
4300,783,43,0
4300,67,44,0
4300,789,45,0
4300,2407,46,0
4300,2415,47,0
4300,2419,48,0
4300,2430,49,0
4300,2465,50,0
4300,2301,51,0
4300,2302,52,0
4300,2371,53,0
4300,2372,54,0
4300,2373,55,0
4300,2374,56,0
4300,2375,57,0
4300,3840,58,0
4300,3841,59,0
4300,3843,60,0
4300,3842,61,0
4300,2573,62,0
4300,1597,63,0
4300,1598,64,0
4300,2334,65,0
4300,93,66,0
4300,1458,67,0
4300,6002,68,1
4301,919,1,0
4301,2290,2,0
4301,2581,3,0
4301,3016,4,0
4301,3017,5,0
4301,2617,6,0
4301,2660,7,0
4301,2661,8,0
4301,2662,9,0
4301,3866,10,0
4301,3869,11,0
4301,3867,12,0
4301,3868,13,0
4301,2379,14,0
4301,2380,15,0
4301,2381,16,0
4301,2382,17,0
4301,2383,18,0
4301,2314,19,0
4301,2315,20,0
4301,2316,21,0
4301,2347,22,0
4301,2592,23,0
4301,2599,24,0
4301,2429,25,0
4301,401,26,0
4301,54,27,0
4301,404,28,0
4301,3056,29,0
4301,1250,30,0
4301,2841,31,0
4301,2181,32,0
4301,3440,33,0
4301,622,34,0
4301,605,35,0
4301,602,36,0
4301,1839,37,0
4301,1840,38,0
4301,1847,39,0
4301,1818,40,0
4301,1819,41,0
4301,1820,42,0
4301,1920,43,0
4301,26,44,0
4301,27,45,0
4301,28,46,0
4301,29,47,0
4301,30,48,0
4301,603,49,0
4301,3005,50,0
4301,31,51,0
4301,2084,52,0
4301,2095,53,0
4301,576,54,0
4301,32,55,0
4301,33,56,0
4301,34,57,0
4301,2575,58,0
4301,3261,59,0
4301,39,60,0
4301,40,61,0
4301,41,62,0
4301,42,63,0
4301,2144,64,0
4301,43,65,0
4301,44,66,0
4301,2061,67,0
4301,3258,68,1
4400,490,1,0
4400,994,2,0
4400,901,3,0
4400,989,4,0
4400,996,5,0
4400,997,6,0
4400,986,7,0
4400,1708,8,0
4400,1728,9,0
4400,1701,10,0
4400,1752,11,0
4400,1702,12,0
4400,1800,13,0
4400,1703,14,0
4400,2452,15,0
4400,2400,16,0
4400,2401,17,0
4400,2402,18,0
4400,2403,19,0
4400,2456,20,0
4400,2404,21,0
4400,2405,22,0
4400,2406,23,0
4400,2407,24,0
4400,2408,25,0
4400,2169,26,0
4400,2409,27,0
4400,782,28,0
4400,2410,29,0
4400,2457,30,0
4400,2411,31,0
4400,2412,32,0
4400,2413,33,0
4400,2414,34,0
4400,2417,35,0
4400,2378,36,0
4400,2300,37,0
4400,2465,38,0
4400,2301,39,0
4400,2302,40,0
4400,2303,41,0
4400,2305,42,0
4400,2306,43,0
4400,2307,44,0
4400,2369,45,0
4400,2308,46,0
4400,2398,47,0
4400,2200,48,0
4400,2201,49,0
4400,2264,50,0
4400,2296,51,0
4400,2265,52,0
4400,6002,53,1
4401,2228,1,0
4401,2223,2,0
4401,2297,3,0
4401,2224,4,0
4401,2284,5,0
4401,2336,6,0
4401,2330,7,0
4401,2309,8,0
4401,2310,9,0
4401,2311,10,0
4401,2312,11,0
4401,2338,12,0
4401,2313,13,0
4401,883,14,0
4401,2314,15,0
4401,2315,16,0
4401,2316,17,0
4401,2554,18,0
4401,2418,19,0
4401,2422,20,0
4401,2423,21,0
4401,2424,22,0
4401,2425,23,0
4401,2426,24,0
4401,2490,25,0
4401,2427,26,0
4401,2168,27,0
4401,2428,28,0
4401,2429,29,0
4401,2464,30,0
4401,2431,31,0
4401,2432,32,0
4401,2455,33,0
4401,2433,34,0
4401,2434,35,0
4401,2435,36,0
4401,2436,37,0
4401,2453,38,0
4401,1704,39,0
4401,1801,40,0
4401,1705,41,0
4401,1751,42,0
4401,1706,43,0
4401,1722,44,0
4401,1709,45,0
4401,2356,46,0
4401,983,47,0
4401,987,48,0
4401,988,49,0
4401,995,50,0
4401,900,51,0
4401,984,52,0
4401,490,53,1
4500,4009,1,0
4500,283,2,0
4500,244,3,0
4500,245,4,0
4500,288,5,0
4500,500,6,0
4500,567,7,0
4500,515,8,0
4500,484,9,0
4500,485,10,0
4500,530,11,0
4500,683,12,0
4500,2922,13,0
4500,514,14,0
4500,489,15,0
4500,1136,16,0
4500,3141,17,0
4500,3114,18,0
4500,3143,19,0
4500,3142,20,0
4500,4540,21,0
4500,4500,22,0
4500,4501,23,0
4500,129,24,0
4500,150,25,0
4500,144,26,0
4500,4502,27,0
4500,320,28,0
4500,4549,29,0
4500,4526,30,0
4500,4536,31,0
4500,4527,32,0
4500,4538,33,0
4500,4509,34,0
4500,4545,35,0
4500,583,36,0
4500,1253,37,0
4500,998,38,0
4500,1023,39,0
4500,1024,40,0
4500,1096,41,0
4500,4519,42,0
4500,4505,43,0
4500,4506,44,0
4500,4551,45,0
4500,4507,46,0
4500,772,47,0
4500,2357,48,0
4500,773,49,0
4500,3512,50,0
4500,774,51,0
4500,3513,52,0
4500,3514,53,0
4500,3515,54,0
4500,2820,55,0
4500,1766,56,0
4500,1767,57,0
4500,3306,58,0
4500,1295,59,0
4500,1458,60,0
4500,6002,61,1
4501,812,1,0
4501,2290,2,0
4501,346,3,0
4501,3307,4,0
4501,1783,5,0
4501,1784,6,0
4501,1785,7,0
4501,3086,8,0
4501,3305,9,0
4501,4002,10,0
4501,1788,11,0
4501,4550,12,0
4501,1790,13,0
4501,2212,14,0
4501,4512,15,0
4501,4513,16,0
4501,4548,17,0
4501,4514,18,0
4501,4515,19,0
4501,4529,20,0
4501,4516,21,0
4501,1046,22,0
4501,1098,23,0
4501,1047,24,0
4501,1252,25,0
4501,678,26,0
4501,4518,27,0
4501,4526,28,0
4501,4536,29,0
4501,4527,30,0
4501,4538,31,0
4501,4509,32,0
4501,4545,33,0
4501,4547,34,0
4501,338,35,0
4501,4520,36,0
4501,4521,37,0
4501,114,38,0
4501,143,39,0
4501,4522,40,0
4501,2351,41,0
4501,2352,42,0
4501,2682,43,0
4501,2353,44,0
4501,2906,45,0
4501,680,46,0
4501,486,47,0
4501,487,48,0
4501,525,49,0
4501,682,50,0
4501,596,51,0
4501,518,52,0
4501,684,53,0
4501,685,54,0
4501,568,55,0
4501,569,56,0
4501,502,57,0
4501,103,58,0
4501,104,59,0
4501,105,60,0
4501,106,61,0
4501,4009,62,1
4600,1792,1,0
4600,2165,2,0
4600,3402,3,0
4600,313,4,0
4600,3403,5,0
4600,3404,6,0
4600,5747,7,0
4600,3336,8,0
4600,3341,9,0
4600,3335,10,0
4600,5711,11,0
4600,5712,12,0
4600,5713,13,0
4600,5723,14,0
4600,5733,15,0
4600,5745,16,0
4600,3065,17,0
4600,392,18,0
4600,870,19,0
4600,393,20,0
4600,819,21,0
4600,394,22,0
4600,395,23,0
4600,396,24,0
4600,397,25,0
4600,841,26,0
4600,398,27,0
4600,800,28,0
4600,2587,29,0
4600,2588,30,0
4600,2589,31,0
4600,1458,32,0
4600,6002,33,1
4601,919,1,0
4601,2290,2,0
4601,2581,3,0
4601,2582,4,0
4601,2584,5,0
4601,1267,6,0
4601,1268,7,0
4601,1269,8,0
4601,842,9,0
4601,1298,10,0
4601,1278,11,0
4601,1279,12,0
4601,1286,13,0
4601,3130,14,0
4601,1287,15,0
4601,1288,16,0
4601,1289,17,0
4601,1693,18,0
4601,5624,19,0
4601,5625,20,0
4601,5626,21,0
4601,5627,22,0
4601,5628,23,0
4601,5629,24,0
4601,5630,25,0
4601,3530,26,0
4601,3508,27,0
4601,5751,28,0
4601,3399,29,0
4601,3401,30,0
4601,2170,31,0
4601,1689,32,0
4601,715,33,0
4601,3366,34,0
4601,1792,35,1
4800,1013,1,0
4800,1720,2,0
4800,1792,3,0
4800,2165,4,0
4800,2128,5,0
4800,1772,6,0
4800,1757,7,0
4800,58,8,0
4800,298,9,0
4800,1759,10,0
4800,1760,11,0
4800,2058,12,0
4800,2101,13,0
4800,2671,14,0
4800,2644,15,0
4800,2262,16,0
4800,2298,17,0
4800,2263,18,0
4800,2264,19,0
4800,2296,20,0
4800,2265,21,0
4800,6002,22,1
4801,780,1,0
4801,2223,2,0
4801,2297,3,0
4801,2224,4,0
4801,2225,5,0
4801,2251,6,0
4801,2226,7,0
4801,2645,8,0
4801,2648,9,0
4801,2125,10,0
4801,2126,11,0
4801,1761,12,0
4801,1762,13,0
4801,299,14,0
4801,2420,15,0
4801,57,16,0
4801,1689,17,0
4801,599,18,0
4801,3248,19,0
4801,3366,20,0
4801,1715,21,0
4801,1717,22,0
4801,1718,23,0
4801,1049,24,0
4801,1029,25,0
4801,1013,26,1
4900,3203,1,0
4900,3204,2,0
4900,4906,3,0
4900,4907,4,0
4900,4909,5,0
4900,4002,6,0
4900,1788,7,0
4900,4550,8,0
4900,5751,9,0
4900,3399,10,0
4900,3401,11,0
4900,2170,12,0
4900,3402,13,1
4900,4911,14,0
4900,4912,15,0
4900,4913,16,0
4900,4915,17,0
4900,4917,18,0
4900,2448,19,0
4900,4918,20,0
4900,4920,21,1
4901,4920,1,0
4901,2437,2,0
4901,2438,3,0
4901,4921,4,0
4901,4922,5,0
4901,4923,6,0
4901,4924,7,0
4901,4925,8,0
4901,4927,9,0
4901,3402,10,0
4901,313,11,0
4901,3403,12,0
4901,3404,13,0
4901,5747,14,0
4901,3512,15,0
4901,774,16,0
4901,3513,17,0
4901,4929,18,0
4901,4930,19,0
4901,4931,20,0
4901,4932,21,0
4901,3205,22,0
4901,3206,23,0
4901,5750,24,0
4901,5748,25,0
4901,5752,26,0
4901,5749,27,0
4901,4902,28,0
4901,4903,29,0
4901,889,30,0
4901,3203,31,1
5100,885,1,0
5100,1301,2,0
5100,1313,3,0
5100,1314,4,0
5100,1320,5,0
5100,1321,6,0
5100,1322,7,0
5100,1308,8,0
5100,1576,9,0
5100,1577,10,0
5100,1578,11,0
5100,2760,12,0
5100,2701,13,0
5100,1570,14,0
5100,2019,15,0
5100,2184,16,0
5100,2020,17,0
5100,2021,18,0
5100,2022,19,0
5100,2094,20,0
5100,2641,21,0
5100,2023,22,0
5100,2155,23,0
5100,2156,24,0
5100,2697,25,0
5100,2642,26,0
5100,2643,27,0
5100,2473,28,0
5100,2474,29,0
5100,2475,30,0
5100,2476,31,0
5100,2477,32,0
5100,6024,33,0
5100,6025,34,0
5100,6026,35,0
5100,6027,36,0
5100,6028,37,0
5100,6020,38,0
5100,6029,39,1
5101,6029,1,0
5101,6021,2,0
5101,6022,3,0
5101,6023,4,0
5101,2513,5,0
5101,2494,6,0
5101,922,7,0
5101,2484,8,0
5101,2485,9,0
5101,2486,10,0
5101,2487,11,0
5101,2488,12,0
5101,2489,13,0
5101,2698,14,0
5101,2690,15,0
5101,2157,16,0
5101,2024,17,0
5101,2051,18,0
5101,2185,19,0
5101,2025,20,0
5101,2052,21,0
5101,2026,22,0
5101,2027,23,0
5101,2006,24,0
5101,2028,25,0
5101,1515,26,0
5101,273,27,0
5101,1579,28,0
5101,1580,29,0
5101,1581,30,0
5101,1323,31,0
5101,1324,32,0
5101,1360,33,0
5101,1361,34,0
5101,1362,35,0
5101,1311,36,0
5101,810,37,0
5101,809,38,0
5101,921,39,0
5101,807,40,0
5101,806,41,0
5101,805,42,0
5101,885,43,1
5300,3427,1,0
5300,769,2,0
5300,1210,3,0
5300,1208,4,0
5300,59,5,0
5300,1243,6,0
5300,1228,7,0
5300,1229,8,0
5300,3283,9,0
5300,1600,10,0
5300,3343,11,0
5300,1798,12,0
5300,1603,13,0
5300,1604,14,0
5300,1605,15,0
5300,1606,16,0
5300,1993,17,0
5300,3358,18,0
5300,635,19,0
5300,634,20,0
5300,177,21,0
5300,3543,22,0
5300,2133,23,0
5300,178,24,0
5300,3107,25,0
5300,179,26,0
5300,180,27,0
5300,3700,28,0
5300,181,29,0
5300,3000,30,0
5300,182,31,0
5300,5305,32,0
5300,5310,33,0
5300,689,34,0
5300,690,35,0
5300,691,36,0
5300,3418,37,0
5300,3299,38,0
5300,1154,39,0
5300,1852,40,0
5300,2182,41,1
5301,2182,1,0
5301,1163,2,0
5301,1148,3,0
5301,593,4,0
5301,636,5,0
5301,681,6,0
5301,5306,7,0
5301,818,8,0
5301,193,9,0
5301,3137,10,0
5301,3001,11,0
5301,194,12,0
5301,3701,13,0
5301,3362,14,0
5301,196,15,0
5301,1933,16,0
5301,1934,17,0
5301,2552,18,0
5301,3550,19,0
5301,197,20,0
5301,3110,21,0
5301,633,22,0
5301,632,23,0
5301,1981,24,0
5301,1987,25,0
5301,1608,26,0
5301,1616,27,0
5301,1609,28,0
5301,1610,29,0
5301,1878,30,0
5301,1612,31,0
5301,1614,32,0
5301,3284,33,0
5301,1240,34,0
5301,1241,35,0
5301,1242,36,0
5301,1227,37,0
5301,2536,38,0
5301,1109,39,0
5301,1104,40,0
5301,3427,41,1
5700,6626,1,0
5700,3383,2,0
5700,3384,3,0
5700,3385,4,0
5700,3386,5,0
5700,3387,6,0
5700,6183,7,0
5700,6184,8,0
5700,1138,9,0
5700,6146,10,0
5700,6112,11,0
5700,5775,12,0
5700,5776,13,0
5700,5777,14,0
5700,5778,15,0
5700,5779,16,0
5700,5780,17,0
5700,5730,18,0
5700,5731,19,0
5700,5732,20,0
5700,5734,21,0
5700,5735,22,0
5700,2121,23,0
5700,5736,24,0
5700,5737,25,0
5700,5738,26,0
5700,2647,27,0
5700,5714,28,0
5700,5715,29,0
5700,5716,30,0
5700,5717,31,0
5700,5718,32,0
5700,5739,33,0
5700,5740,34,0
5700,5741,35,0
5700,5742,36,0
5700,5743,37,0
5700,5007,38,0
5700,5705,39,0
5700,5706,40,0
5700,5707,41,0
5700,5719,42,0
5700,5721,43,0
5700,5722,44,0
5700,779,45,1
5701,779,1,0
5701,5701,2,0
5701,5702,3,0
5701,5704,4,0
5701,5007,5,0
5701,5705,6,0
5701,5706,7,0
5701,5707,8,0
5701,5724,9,0
5701,2538,10,0
5701,2539,11,0
5701,2529,12,0
5701,2540,13,0
5701,2595,14,0
5701,2500,15,0
5701,2596,16,0
5701,2597,17,0
5701,2598,18,0
5701,2894,19,0
5701,5725,20,0
5701,5726,21,0
5701,5727,22,0
5701,5728,23,0
5701,5744,24,0
5701,3163,25,0
5701,5302,26,0
5701,5729,27,0
5701,5303,28,0
5701,5304,29,0
5701,5770,30,0
5701,5771,31,0
5701,5772,32,0
5701,5773,33,0
5701,5774,34,0
5701,3104,35,0
5701,6133,36,0
5701,3140,37,0
5701,6164,38,0
5701,6165,39,0
5701,3388,40,0
5701,3369,41,0
5701,3371,42,0
5701,3374,43,0
5701,3375,44,0
5701,3379,45,0
5701,3381,46,0
5701,6626,47,1
6100,477,1,0
6100,1838,2,0
6100,3192,3,0
6100,849,4,0
6100,1404,5,0
6100,1405,6,0
6100,1415,7,0
6100,833,8,0
6100,834,9,0
6100,1246,10,0
6100,1247,11,0
6100,6105,12,0
6100,3556,13,0
6100,6106,14,0
6100,2580,15,0
6100,6107,16,0
6100,6108,17,0
6100,6109,18,0
6100,6110,19,0
6100,2416,20,0
6100,3108,21,0
6100,6124,22,0
6100,87,23,0
6100,3104,24,0
6100,6133,25,0
6100,3140,26,0
6100,6164,27,0
6100,6165,28,0
6100,3388,29,0
6100,3369,30,0
6100,3371,31,0
6100,3374,32,0
6100,3375,33,0
6100,3379,34,0
6100,3381,35,0
6100,6624,36,1
6101,6624,1,0
6101,3383,2,0
6101,3384,3,0
6101,3385,4,0
6101,3386,5,0
6101,3387,6,0
6101,6183,7,0
6101,6184,8,0
6101,1138,9,0
6101,6146,10,0
6101,6112,11,0
6101,2969,12,0
6101,3037,13,0
6101,6113,14,0
6101,6125,15,0
6101,6114,16,0
6101,6115,17,0
6101,6116,18,0
6101,6117,19,0
6101,2602,20,0
6101,6118,21,0
6101,3555,22,0
6101,6119,23,0
6101,2137,24,0
6101,1184,25,0
6101,832,26,0
6101,1140,27,0
6101,1416,28,0
6101,1424,29,0
6101,851,30,0
6101,2585,31,0
6101,1456,32,0
6101,477,33,1
6600,1419,1,0
6600,1838,2,0
6600,3192,3,0
6600,2926,4,0
6600,2907,5,0
6600,11,6,0
6600,3028,7,0
6600,3010,8,0
6600,1244,9,0
6600,3029,10,0
6600,1293,11,0
6600,1450,12,0
6600,3031,13,0
6600,1592,14,0
6600,776,15,0
6600,777,16,0
6600,3119,17,0
6600,3126,18,0
6600,6602,19,0
6600,6604,20,0
6600,6605,21,0
6600,6606,22,0
6600,6607,23,0
6600,6608,24,0
6600,6670,25,0
6600,6610,26,0
6600,6612,27,0
6600,6613,28,0
6600,6614,29,0
6600,6624,30,1
6601,6624,1,0
6601,6615,2,0
6601,6609,3,0
6601,6616,4,0
6601,6617,5,0
6601,6618,6,0
6601,6619,7,0
6601,6167,8,0
6601,6168,9,0
6601,6620,10,0
6601,6621,11,0
6601,6622,12,0
6601,6623,13,0
6601,3905,14,0
6601,6627,15,0
6601,3906,16,0
6601,25,17,0
6601,781,18,0
6601,2167,19,0
6601,1824,20,0
6601,2166,21,0
6601,1825,22,0
6601,844,23,0
6601,1827,24,0
6601,1828,25,0
6601,1877,26,0
6601,3032,27,0
6601,1879,28,0
6601,2921,29,0
6601,2585,30,0
6601,1456,31,0
6601,6000,32,1
6800,1406,1,0
6800,480,2,0
6800,1970,3,0
6800,1971,4,0
6800,1972,5,0
6800,1973,6,0
6800,1974,7,0
6800,1955,8,0
6800,1962,9,0
6800,1952,10,0
6800,1833,11,0
6800,2680,12,0
6800,1834,13,0
6800,6810,14,0
6800,494,15,0
6800,1249,16,0
6800,1429,17,0
6800,1440,18,0
6800,853,19,0
6800,1434,20,0
6800,479,21,0
6800,2122,22,0
6800,3282,23,0
6800,2881,24,0
6800,2885,25,0
6800,2349,26,1
6801,2349,1,0
6801,3389,2,0
6801,1744,3,0
6801,1748,4,0
6801,1750,5,0
6801,1754,6,0
6801,1763,7,0
6801,1829,8,0
6801,1830,9,0
6801,3440,10,0
6801,2195,11,0
6801,483,12,0
6801,1467,13,0
6801,923,14,0
6801,1159,15,0
6801,1160,16,0
6801,1161,17,0
6801,1162,18,0
6801,1157,19,0
6801,6812,20,0
6801,6813,21,0
6801,6814,22,0
6801,1967,23,0
6801,1956,24,0
6801,1976,25,0
6801,1977,26,0
6801,1978,27,0
6801,1979,28,0
6801,1985,29,0
6801,1986,30,0
6801,6000,31,1
7000,1802,1,0
7000,1803,2,0
7000,1804,3,0
7000,1810,4,0
7000,1811,5,0
7000,850,6,0
7000,1812,7,0
7000,63,8,0
7000,64,9,0
7000,3063,10,0
7000,3119,11,0
7000,3126,12,0
7000,3079,13,0
7000,647,14,0
7000,3027,15,0
7000,835,16,0
7000,2574,17,0
7000,2713,18,0
7000,2714,19,0
7000,1851,20,0
7000,1899,21,0
7000,1837,22,0
7000,1949,23,0
7000,9026,24,1
7000,9001,25,0
7000,9002,26,0
7000,9003,27,1
7000,9004,28,1
7000,9005,29,1
7000,9061,30,1
7001,9061,1,0
7001,9017,2,0
7001,9018,3,0
7001,9019,4,0
7001,815,5,0
7001,9020,6,0
7001,1968,7,0
7001,1898,8,0
7001,1969,9,0
7001,1980,10,0
7001,1802,11,0
7001,1803,12,0
7001,1804,13,0
7001,1810,14,0
7001,1811,15,0
7001,850,16,0
7001,1812,17,0
7001,63,18,0
7001,64,19,0
7001,3063,20,0
7001,3119,21,0
7001,3126,22,0
7001,3079,23,0
7001,647,24,0
7001,3027,25,0
7001,835,26,0
7001,2574,27,0
7001,2713,28,0
7001,2714,29,0
7001,1851,30,1
7100,4549,1,0
7100,4526,2,0
7100,4536,3,0
7100,4527,4,0
7100,4538,5,0
7100,4509,6,0
7100,4545,7,0
7100,4547,8,0
7100,680,9,0
7100,486,10,0
7100,487,11,0
7100,525,12,0
7100,682,13,0
7100,596,14,0
7100,518,15,0
7100,684,16,0
7100,685,17,0
7100,568,18,0
7100,569,19,0
7100,503,20,0
7100,504,21,0
7100,579,22,0
7100,564,23,0
7100,1682,24,0
7100,565,25,0
7100,9061,26,1
7101,9061,1,0
7101,9006,2,0
7101,9007,3,0
7101,1682,4,0
7101,565,5,0
7101,500,6,0
7101,567,7,0
7101,515,8,0
7101,484,9,0
7101,485,10,0
7101,530,11,0
7101,683,12,0
7101,2922,13,0
7101,514,14,0
7101,489,15,0
7101,1136,16,0
7101,4549,17,0
7101,4526,18,0
7101,4536,19,0
7101,4527,20,0
7101,4538,21,0
7101,4509,22,0
7101,4545,23,0
7101,4547,24,1
7300,3225,1,0
7300,2047,2,0
7300,2046,3,0
7300,2045,4,0
7300,574,5,0
7300,3236,6,0
7300,3237,7,0
7300,3238,8,0
7300,3239,9,0
7300,3242,10,0
7300,3244,11,0
7300,576,12,0
7300,2079,13,0
7300,2080,14,0
7300,2081,15,0
7300,2082,16,0
7300,2549,17,0
7300,3262,18,0
7300,3263,19,0
7300,3264,20,0
7300,3265,21,1
7301,3265,1,0
7301,3267,2,0
7301,3268,3,0
7301,45,4,0
7301,2065,5,0
7301,2096,6,0
7301,2097,7,0
7301,2098,8,0
7301,2099,9,0
7301,2009,10,0
7301,2008,11,0
7301,2010,12,0
7301,3220,13,1
7400,3225,1,0
7400,2047,2,0
7400,2046,3,0
7400,2045,4,0
7400,2014,5,0
7400,2015,6,0
7400,12,7,0
7400,3211,8,0
7400,2070,9,0
7400,38,10,0
7400,3084,11,0
7400,3085,12,0
7400,3240,13,0
7400,3087,14,0
7400,1769,15,0
7400,1787,16,0
7400,2618,17,0
7400,2059,18,0
7400,2118,19,0
7400,2061,20,0
7400,3258,21,0
7400,779,22,1
7401,779,1,0
7401,3272,2,0
7401,2147,3,0
7401,2136,4,0
7401,2119,5,0
7401,2619,6,0
7401,1730,7,0
7401,1732,8,0
7401,1727,9,0
7401,3241,10,0
7401,10,11,0
7401,3096,12,0
7401,3254,13,0
7401,47,14,0
7401,3097,15,0
7401,3212,16,0
7401,1749,17,0
7401,3213,18,0
7401,2035,19,0
7401,2010,20,0
7401,3220,21,1
9000,2244,1,0
9000,2223,2,0
9000,2297,3,0
9000,2224,4,0
9000,2326,5,0
9000,2200,6,0
9000,2201,7,0
9000,2202,8,0
9000,2208,9,0
9000,2204,10,0
9000,2205,11,0
9000,2206,12,0
9000,2207,13,0
9000,2292,14,0
9000,2295,15,0
9000,2715,16,0
9000,2734,17,0
9000,2753,18,0
9000,2754,19,0
9000,2565,20,0
9000,2566,21,0
9000,2567,22,0
9000,2282,23,0
9000,888,24,0
9000,2385,25,0
9000,2386,26,0
9000,2387,27,0
9000,2732,28,0
9000,4510,29,0
9000,2272,30,0
9000,2273,31,0
9000,2274,32,0
9000,2275,33,0
9000,2276,34,0
9000,2277,35,0
9000,2278,36,0
9000,2279,37,0
9000,2280,38,0
9000,2281,39,0
9000,1299,40,0
9000,2264,41,0
9000,2296,42,0
9000,2265,43,0
9000,6002,44,1
9001,2244,1,0
9001,2290,2,0
9001,2581,3,0
9001,3016,4,0
9001,3017,5,0
9001,2328,6,0
9001,943,7,0
9001,2544,8,0
9001,3024,9,0
9001,4530,10,0
9001,4531,11,0
9001,4532,12,0
9001,4533,13,0
9001,4543,14,0
9001,4534,15,0
9001,4544,16,0
9001,4535,17,0
9001,92,18,0
9001,2340,19,0
9001,3077,20,0
9001,93,21,0
9001,1458,22,0
9001,6002,23,1
10100,1661,1,0
10100,548,2,0
10100,501,3,0
10100,4300,4,0
10100,1033,5,0
10100,535,6,0
10100,910,7,0
10100,642,8,0
10100,644,9,0
10100,645,10,0
10100,748,11,0
10100,749,12,0
10100,855,13,0
10100,858,14,0
10100,862,15,0
10100,831,16,0
10100,866,17,0
10100,9001,18,0
10100,9057,19,1
10101,9057,1,0
10101,815,2,0
10101,875,3,0
10101,1354,4,0
10101,1377,5,0
10101,1381,6,0
10101,1283,7,0
10101,1189,8,0
10101,1190,9,0
10101,1194,10,0
10101,1195,11,0
10101,1197,12,0
10101,991,13,0
10101,2887,14,0
10101,1039,15,0
10101,4300,16,1
10101,1037,17,0
10101,1666,18,0
10101,1002,19,0
10101,1660,20,0
10101,1661,21,1
10300,2622,1,0
10300,722,2,0
10300,718,3,0
10300,769,4,0
10300,1208,5,0
10300,1206,6,0
10300,4003,7,0
10300,3280,8,0
10300,1900,9,0
10300,1950,10,0
10300,1960,11,0
10300,1961,12,0
10300,1949,13,0
10300,96,14,0
10300,1907,15,0
10300,1909,16,0
10300,2614,17,0
10300,9021,18,1
10301,2616,1,0
10301,2612,2,0
10301,2613,3,0
10301,2518,4,0
10301,97,5,0
10301,1968,6,0
10301,1969,7,0
10301,1980,8,0
10301,1951,9,0
10301,1919,10,0
10301,3497,11,0
10301,4005,12,0
10301,1105,13,0
10301,1107,14,0
10301,1104,15,0
10301,717,16,0
10301,721,17,0
10301,723,18,0
10301,2622,19,1
10700,1406,1,0
10700,1714,2,0
10700,1690,3,0
10700,2706,4,0
10700,3225,5,0
10700,3038,6,0
10700,3227,7,0
10700,35,8,0
10700,2044,9,0
10700,1133,10,0
10700,2904,11,0
10700,9970,12,0
10700,2198,13,0
10700,2211,14,0
10700,575,15,0
10700,2218,16,0
10700,2968,17,0
10700,2985,18,0
10700,1407,19,0
10700,2800,20,0
10700,7100,21,0
10700,7201,22,1
10701,7201,1,0
10701,2875,2,0
10701,3279,3,0
10701,1853,4,0
10701,1396,5,0
10701,1397,6,0
10701,2230,7,0
10701,575,8,0
10701,2214,9,0
10701,2210,10,0
10701,3301,11,0
10701,2905,12,0
10701,1088,13,0
10701,2124,14,0
10701,36,15,0
10701,3223,16,0
10701,3007,17,0
10701,3220,18,0
10701,2703,19,0
10701,1726,20,0
10701,1716,21,0
10701,6000,22,1
10800,9061,1,0
10800,815,2,0
10800,3083,3,0
10800,3115,4,0
10800,6880,5,0
10800,2505,6,0
10800,6138,7,0
10800,6139,8,0
10800,2384,9,0
10800,99,10,0
10800,829,11,0
10800,2376,12,0
10800,2609,13,0
10800,2131,14,0
10800,2110,15,0
10800,2109,16,0
10800,2379,17,0
10800,2380,18,0
10800,2381,19,0
10800,2382,20,0
10800,2383,21,0
10800,2314,22,0
10800,2315,23,0
10800,2316,24,0
10800,2554,25,0
10800,2418,26,0
10800,2377,27,0
10800,2496,28,1
10801,1443,1,0
10801,2417,2,0
10801,2378,3,0
10801,2300,4,0
10801,2465,5,0
10801,2301,6,0
10801,2302,7,0
10801,2371,8,0
10801,2372,9,0
10801,2373,10,0
10801,2374,11,0
10801,2375,12,0
10801,2158,13,0
10801,2159,14,0
10801,2160,15,0
10801,533,16,0
10801,351,17,0
10801,539,18,0
10801,62,19,0
10801,6880,20,0
10801,2505,21,0
10801,6138,22,0
10801,1575,23,0
10801,1423,24,0
10801,4517,25,0
10801,9001,26,0
10801,9061,27,1
10900,9106,1,0
10900,815,2,0
10900,1088,3,0
10900,2124,4,0
10900,36,5,0
10900,3223,6,0
10900,3007,7,0
10900,3220,8,0
10900,2703,9,0
10900,1726,10,0
10900,1716,11,0
10900,1408,12,0
10900,3424,13,0
10900,4552,14,0
10900,772,15,0
10900,773,16,0
10900,774,17,0
10900,3515,18,0
10900,1767,19,0
10900,6002,20,1
10901,2266,1,0
10901,1783,2,0
10901,3086,3,0
10901,1788,4,0
10901,1790,5,0
10901,4512,6,0
10901,4553,7,0
10901,3425,8,0
10901,1406,9,0
10901,1714,10,0
10901,1690,11,0
10901,2706,12,0
10901,3225,13,0
10901,3038,14,0
10901,3227,15,0
10901,35,16,0
10901,2044,17,0
10901,1133,18,0
10901,9001,19,0
10901,9106,20,1
11000,100,1,0
11000,283,2,0
11000,245,3,0
11000,566,4,0
11000,535,5,0
11000,910,6,0
11000,4007,7,0
11000,1720,8,0
11000,3424,9,0
11000,85,10,1
11001,85,1,0
11001,3425,2,0
11001,1717,3,0
11001,1062,4,0
11001,991,5,0
11001,545,6,0
11001,526,7,0
11001,104,8,0
11001,106,9,0
11001,100,10,1
11001,4007,11,1
12600,490,1,0
12600,1165,2,0
12600,1131,3,0
12600,1135,4,0
12600,585,5,0
12600,1270,6,0
12600,1274,7,0
12600,1277,8,0
12600,1385,9,0
12600,1388,10,0
12600,1393,11,0
12600,9067,12,1
12600,9001,13,0
12600,9105,14,1
12601,9105,1,0
12601,815,2,0
12601,9091,3,0
12601,1552,4,0
12601,1557,5,0
12601,1560,6,0
12601,1563,7,0
12601,1566,8,0
12601,1569,9,0
12601,586,10,0
12601,1422,11,0
12601,1477,12,0
12601,1166,13,0
12601,490,14,1
30201,1515,1,0
30201,273,2,0
30201,1579,3,0
30201,1580,4,0
30201,1581,5,0
30201,1323,6,0
30201,1324,7,0
30201,1352,8,0
30201,1353,9,0
30201,2268,10,0
30201,1255,11,0
30201,1256,12,0
30201,1257,13,0
30201,1258,14,0
30201,1259,15,0
30201,1260,16,0
30201,1261,17,0
30201,1262,18,0
30201,1263,19,0
30201,1264,20,0
30201,1265,21,0
30201,1206,22,0
30201,1204,23,0
30201,588,24,0
30201,586,25,0
30201,1421,26,0
30201,1498,27,0
30201,3033,28,0
30201,1428,29,0
30201,1446,30,0
30201,4030,31,0
30201,1456,32,0
30201,6000,33,1
30401,1214,1,0
30401,1243,2,0
30401,1228,3,0
30401,1229,4,0
30401,1230,5,0
30401,1365,6,0
30401,1367,7,0
30401,1368,8,0
30401,1255,9,0
30401,1256,10,0
30401,1257,11,0
30401,1258,12,0
30401,1259,13,0
30401,1260,14,0
30401,1261,15,0
30401,1262,16,0
30401,1263,17,0
30401,1264,18,0
30401,1265,19,0
30401,1207,20,0
30401,1209,21,0
30401,1211,22,0
30401,1373,23,1
30600,1249,1,0
30600,1429,2,0
30600,1440,3,0
30600,1848,4,0
30600,1854,5,0
30600,2105,6,0
30600,3015,7,0
30600,2106,8,0
30600,2111,9,0
30600,3053,10,0
30600,892,11,0
30600,2421,12,0
30600,2895,13,0
30600,2912,14,0
30600,3064,15,0
30600,783,16,0
30600,67,17,0
30600,2464,18,0
30600,2431,19,0
30600,2432,20,0
30600,2433,21,0
30600,3231,22,1
30601,3231,1,0
30601,4918,2,0
30601,2402,3,0
30601,2403,4,0
30601,2456,5,0
30601,2404,6,0
30601,2405,7,0
30601,2406,8,0
30601,401,9,0
30601,54,10,0
30601,404,11,0
30601,3056,12,0
30601,2259,13,0
30601,2260,14,0
30601,2227,15,0
30601,2229,16,0
30601,3023,17,0
30601,3147,18,0
30601,2112,19,0
30601,2113,20,0
30601,2114,21,0
30601,2120,22,0
30601,2197,23,0
30601,3002,24,0
30601,1159,25,0
30601,1160,26,0
30601,1161,27,0
30601,1162,28,1
30700,1515,1,0
30700,1579,2,0
30700,1580,3,0
30700,1581,4,0
30700,1323,5,0
30700,1328,6,0
30700,1329,7,0
30700,1330,8,0
30700,1331,9,0
30700,1332,10,0
30700,1333,11,0
30700,1334,12,0
30700,1335,13,0
30700,1336,14,0
30700,1337,15,0
30700,1339,16,0
30700,9161,17,1
30700,9022,18,1
30700,9023,19,1
30700,9024,20,1
30700,9025,21,1
30700,2892,22,1
30700,9027,23,1
30700,9028,24,1
30700,9029,25,1
30700,9030,26,1
30700,9031,27,1
30700,9052,28,1
30700,9162,29,1
30700,9033,30,1
30700,811,31,0
30700,9061,32,1
30701,9062,1,0
30701,9006,2,0
30701,1304,3,0
30701,9034,4,0
30701,9035,5,0
30701,9036,6,0
30701,9037,7,0
30701,9038,8,0
30701,2955,9,0
30701,9040,10,0
30701,9041,11,0
30701,9042,12,0
30701,9043,13,0
30701,9044,14,0
30701,1305,15,0
30701,1340,16,0
30701,1341,17,0
30701,1342,18,0
30701,1343,19,0
30701,1344,20,0
30701,1345,21,0
30701,1346,22,0
30701,1347,23,0
30701,1348,24,0
30701,1349,25,0
30701,1350,26,0
30701,1351,27,0
30701,1321,28,0
30701,1322,29,0
30701,1308,30,0
30701,1576,31,0
30701,1577,32,0
30701,1578,33,0
30701,2760,34,0
30701,2701,35,1
31300,3231,1,0
31300,2437,2,0
31300,2438,3,0
31300,2439,4,0
31300,2440,5,0
31300,2441,6,0
31300,2442,7,0
31300,2443,8,0
31300,1760,9,0
31300,2058,10,0
31300,2245,11,0
31300,2246,12,0
31300,2247,13,0
31300,2248,14,0
31300,2249,15,0
31300,2250,16,0
31300,2325,17,0
31300,72,18,0
31300,73,19,0
31300,778,20,0
31300,94,21,0
31300,2153,22,0
31300,2154,23,0
31300,1294,24,0
31300,3306,25,0
31300,1295,26,0
31300,1458,27,0
31300,6002,28,1
31301,2127,1,0
31301,2290,2,0
31301,346,3,0
31301,3307,4,0
31301,1783,5,0
31301,352,6,0
31301,1694,7,0
31301,2394,8,0
31301,22,9,0
31301,830,10,0
31301,3175,11,0
31301,23,12,0
31301,24,13,0
31301,2238,14,0
31301,2239,15,0
31301,2240,16,0
31301,2241,17,0
31301,2242,18,0
31301,2243,19,0
31301,2454,20,0
31301,2126,21,0
31301,1761,22,0
31301,4917,23,0
31301,2448,24,0
31301,3439,25,1
31400,2129,1,0
31400,853,2,0
31400,1434,3,0
31400,479,4,0
31400,2122,5,0
31400,3282,6,0
31400,2881,7,0
31400,2885,8,0
31400,2259,9,0
31400,2260,10,0
31400,2227,11,0
31400,2229,12,0
31400,3023,13,0
31400,2173,14,1
31401,3053,1,0
31401,892,2,0
31401,2421,3,0
31401,2895,4,0
31401,2912,5,0
31401,2495,6,0
31401,1250,7,0
31401,2841,8,0
31401,2181,9,0
31401,3440,10,0
31401,2195,11,0
31401,483,12,0
31401,1467,13,0
31401,923,14,0
31401,1159,15,0
31401,814,16,1
31500,766,1,0
31500,480,2,0
31500,1970,3,0
31500,1971,4,0
31500,1972,5,0
31500,1973,6,0
31500,1974,7,0
31500,1067,8,0
31500,824,9,0
31500,1990,10,0
31500,494,11,0
31500,1249,12,0
31500,1429,13,0
31500,1440,14,0
31500,814,15,1
31501,2129,1,0
31501,1160,2,0
31501,1161,3,0
31501,1162,4,0
31501,1157,5,0
31501,2130,6,0
31501,791,7,0
31501,825,8,0
31501,1977,9,0
31501,1978,10,0
31501,1979,11,0
31501,1985,12,0
31501,1986,13,0
31501,6000,14,1
32100,3314,1,0
32100,3317,2,0
32100,3338,3,0
32100,3339,4,0
32100,3322,5,0
32100,3323,6,0
32100,3324,7,0
32100,3528,8,0
32100,3529,9,0
32100,5711,10,0
32100,5712,11,0
32100,5713,12,0
32100,5723,13,0
32100,4102,14,0
32100,4103,15,0
32100,4104,16,1
32101,4103,1,0
32101,4104,2,0
32101,3204,3,0
32101,4906,4,0
32101,5625,5,0
32101,5626,6,0
32101,5627,7,0
32101,5628,8,0
32101,5629,9,0
32101,3352,10,0
32101,3532,11,0
32101,3325,12,0
32101,3326,13,0
32101,3340,14,0
32101,3337,15,0
32101,3332,16,0
32101,3334,17,1
