'25AP28-CPBlock-Holiday1-14',2000,80200,4,'',1,2500,4,'',1,2700,4,'',1,7000,4,'',1,3000,4,'',1,6800,4,'',1,3000,4,'',1,7000,4,'',1,3100,4,'',1,7300,4,'',1,3200,4,'',1,7500,4,'',1,7200,4,'',1,3300,4,'',1,7300,4,'',1,3000,4,'',1,7200,4,'',1,3100,4,'',1,7200,4,'',1,3200,4,'',1,7200,4,'',1,3100,4,'',1,7000,4,'',1,3000,4,'',1,6900,4,'',1,2500,4,'',1
'25AP28-CPBlock-Holiday1-14',2001,81300,,'',1,2500,,'',1,6500,,'',1,3000,,'',1,7000,,'',1,3000,,'',1,7000,,'',1,3000,,'',1,7000,,'',1,3200,,'',1,7200,,'',1,3300,,'',1,7300,,'',1,3300,,'',1,7300,,'',1,3200,,'',1,7200,,'',1,3200,,'',1,7200,,'',1,3200,,'',1,7100,,'',1,7100,,'',1,3100,,'',1,7100,,'',1,2800,,'',1,2500,,'',1
'25AP28-CPBlock-Saturday-12',2000,64100,4,'',1,6900,4,'',1,2600,4,'',1,6900,4,'',1,3000,4,'',1,6800,4,'',1,3000,4,'',1,7100,4,'',1,3300,4,'',1,7300,4,'',1,3200,4,'',1,7300,4,'',1,3300,4,'',1,7400,4,'',1,3300,4,'',1,7300,4,'',1,7400,4,'',1,3200,4,'',1,7300,4,'',1,3300,4,'',1,7300,4,'',1,3100,4,'',1,7200,4,'',1,3300,4,'',1,7300,4,'',1,3100,4,'',1,7200,4,'',1,3100,4,'',1,7000,4,'',1,2900,4,'',1,7000,4,'',1,2800,4,'',1,6700,4,'',1
'25AP28-CPBlock-Saturday-12',2001,65100,,'',1,6800,,'',1,2800,,'',1,6800,,'',1,2800,,'',1,7000,,'',1,3100,,'',1,7100,,'',1,3200,,'',1,7200,,'',1,3200,,'',1,7300,,'',1,3300,,'',1,7300,,'',1,7300,,'',1,3300,,'',1,7300,,'',1,3300,,'',1,7300,,'',1,3300,,'',1,7300,,'',1,3300,,'',1,7300,,'',1,7300,,'',1,3300,,'',1,7200,,'',1,3100,,'',1,7100,,'',1,3000,,'',1,6900,,'',1,2900,,'',1,6800,,'',1,2700,,'',1
'25AP28-CPBlock-Sunday-13',2000,80200,4,'',1,2500,4,'',1,2700,4,'',1,7000,4,'',1,3000,4,'',1,6800,4,'',1,3000,4,'',1,7000,4,'',1,3100,4,'',1,7300,4,'',1,3200,4,'',1,7500,4,'',1,7200,4,'',1,3300,4,'',1,7300,4,'',1,3000,4,'',1,7200,4,'',1,3100,4,'',1,7200,4,'',1,3200,4,'',1,7200,4,'',1,3100,4,'',1,7000,4,'',1,3000,4,'',1,6900,4,'',1,2500,4,'',1
'25AP28-CPBlock-Sunday-13',2001,81300,,'',1,2500,,'',1,6500,,'',1,3000,,'',1,7000,,'',1,3000,,'',1,7000,,'',1,3000,,'',1,7000,,'',1,3200,,'',1,7200,,'',1,3300,,'',1,7300,,'',1,3300,,'',1,7300,,'',1,3200,,'',1,7200,,'',1,3200,,'',1,7200,,'',1,3200,,'',1,7100,,'',1,7100,,'',1,3100,,'',1,7100,,'',1,2800,,'',1,2500,,'',1
'25AP28-CPBlock-Weekday-11',2000,51300,4,'',1,2100,4,'',1,2000,4,'',1,6300,4,'',1,2200,4,'',1,6300,4,'',1,2300,4,'',1,2300,4,'',1,6400,4,'',1,2200,4,'',1,200,4,'',1,6400,4,'',1,2300,4,'',1,2300,4,'',1,6200,4,'',1,2100,4,'',1,2300,4,'',1,6200,4,'',1,2200,4,'',1,2100,4,'',1,6200,4,'',1,2300,4,'',1,6400,4,'',1,2300,4,'',1,2400,4,'',1,6600,4,'',1,2700,4,'',1,5500,4,'',1,900,4,'',1,2100,4,'',1,2100,4,'',1,6100,4,'',1,2200,4,'',1,2400,4,'',1,6200,4,'',1,2100,4,'',1,6100,4,'',1,2100,4,'',1,2000,4,'',1,5900,4,'',1,1800,4,'',1,1900,4,'',1,1900,4,'',1,5700,4,'',1,3200,4,'',1,7900,4,'',1,7900,4,'',1,3900,4,'',1,7700,4,'',1,7800,4,'',1,3600,4,'',1,7600,4,'',1
'25AP28-CPBlock-Weekday-11',2001,44600,,'',1,5800,,'',1,2100,,'',1,2100,,'',1,6100,,'',1,2100,,'',1,2300,,'',1,6300,,'',1,2300,,'',1,2200,,'',1,6400,,'',1,2400,,'',1,6400,,'',1,2300,,'',1,2300,,'',1,6200,,'',1,2200,,'',1,6200,,'',1,2200,,'',1,2200,,'',1,6200,,'',1,2200,,'',1,2300,,'',1,6300,,'',1,2300,,'',1,1800,,'',1,4900,,'',1,800,,'',1,2200,,'',1,2200,,'',1,6300,,'',1,2100,,'',1,6100,,'',1,2200,,'',1,2300,,'',1,6200,,'',1,2200,,'',1,2100,,'',1,6100,,'',1,2100,,'',1,1900,,'',1,5900,,'',1,1900,,'',1,1900,,'',1,5800,,'',1,1800,,'',1,3000,,'',1,8000,,'',1,8000,,'',1,3800,,'',1,7800,,'',1,7700,,'',1,3500,,'',1,7500,,'',1
'25FE24-CPBlock-Saturday-12',2000,64100,4,'',1,6900,4,'',1,2600,4,'',1,6900,4,'',1,3000,4,'',1,6800,4,'',1,3000,4,'',1,7100,4,'',1,3300,4,'',1,7300,4,'',1,3200,4,'',1,7300,4,'',1,3300,4,'',1,7400,4,'',1,3300,4,'',1,7300,4,'',1,7400,4,'',1,3200,4,'',1,7300,4,'',1,3300,4,'',1,7300,4,'',1,3100,4,'',1,7200,4,'',1,3300,4,'',1,7300,4,'',1,3100,4,'',1,7200,4,'',1,3100,4,'',1,7000,4,'',1,2900,4,'',1,7000,4,'',1,2800,4,'',1,6700,4,'',1
'25FE24-CPBlock-Saturday-12',2001,65100,,'',1,6800,,'',1,2800,,'',1,6800,,'',1,2800,,'',1,7000,,'',1,3100,,'',1,7100,,'',1,3200,,'',1,7200,,'',1,3200,,'',1,7300,,'',1,3300,,'',1,7300,,'',1,7300,,'',1,3300,,'',1,7300,,'',1,3300,,'',1,7300,,'',1,3300,,'',1,7300,,'',1,3300,,'',1,7300,,'',1,7300,,'',1,3300,,'',1,7200,,'',1,3100,,'',1,7100,,'',1,3000,,'',1,6900,,'',1,2900,,'',1,6800,,'',1,2700,,'',1
'25FE24-CPBlock-Sunday-13',2000,80200,4,'',1,2500,4,'',1,2700,4,'',1,7000,4,'',1,3000,4,'',1,6800,4,'',1,3000,4,'',1,7000,4,'',1,3100,4,'',1,7300,4,'',1,3200,4,'',1,7500,4,'',1,7200,4,'',1,3300,4,'',1,7300,4,'',1,3000,4,'',1,7200,4,'',1,3100,4,'',1,7200,4,'',1,3200,4,'',1,7200,4,'',1,3100,4,'',1,7000,4,'',1,3000,4,'',1,6900,4,'',1,2500,4,'',1
'25FE24-CPBlock-Sunday-13',2001,81300,,'',1,2500,,'',1,6500,,'',1,3000,,'',1,7000,,'',1,3000,,'',1,7000,,'',1,3000,,'',1,7000,,'',1,3200,,'',1,7200,,'',1,3300,,'',1,7300,,'',1,3300,,'',1,7300,,'',1,3200,,'',1,7200,,'',1,3200,,'',1,7200,,'',1,3200,,'',1,7100,,'',1,7100,,'',1,3100,,'',1,7100,,'',1,2800,,'',1,2500,,'',1
