2400,'26JA05-MABlock-Weekday-21',543,,5780,,,1,72,,5781,,,1,33,,5782,,,1,75,,5783,,,1,35,,5784,,,1,75,,5785,,,1,75,,5786,,,1,36,,5787,,,1,75,,5788,,,1,409,,5789,,,1,30,,5790,,,1,74,,5791,,,1,75,,5792,,,1,36,,5793,,,1,74,,5794,,,1,38,,5795,,,1,77,,5796,,,1
2401,'26JA05-MABlock-Weekday-21',508,,5797,,,1,30,,5798,,,1,75,,5799,,,1,34,,5800,,,1,76,,5801,,,1,36,,5802,,,1,73,,5803,,,1,73,,5804,,,1,34,,5805,,,1,73,,5806,,,1,338,,5807,,,1,70,,5808,,,1,36,,5809,,,1,77,,5810,,,1,75,,5811,,,1,34,,5812,,,1,76,,5813,,,1,35,,5814,,,1,71,,5815,,,1
10700,'26JA05-MABlock-Holiday1-24',832,,12342,,,1,71,,12314,,,1,31,,12318,,,1,69,,12319,,,1,23,,12337,,,1,18,,12347,,,1,59,,12315,,,1,19,,12316,,,1,18,,12317,,,1,18,,12325,,,1,58,,12320,,,1,19,,12338,,,1,18,,12346,,,1,59,,12322,,,1,21,,12324,,,1,22,,12323,,,1,60,,12328,,,1,20,,12321,,,1,20,,12339,,,1,60,,12348,,,1,20,,12329,,,1,20,,12327,,,1,60,,12330,,,1,20,,12326,,,1,20,,12336,,,1,59,,12341,,,1,19,,12349,,,1,20,,12332,,,1,60,,12335,,,1,19,,12331,,,1,20,,12333,,,1,59,,12334,,,1,19,,12340,,,1,16,,12350,,,1,68,,12343,,,1,29,,12345,,,1,67,,12344,,,1
10700,'26JA05-MABlock-Saturday-22',832,,12379,,,1,71,,12351,,,1,31,,12355,,,1,69,,12359,,,1,23,,12374,,,1,18,,12383,,,1,59,,12353,,,1,19,,12352,,,1,18,,12354,,,1,18,,12363,,,1,58,,12360,,,1,19,,12375,,,1,18,,12384,,,1,59,,12358,,,1,21,,12356,,,1,22,,12357,,,1,60,,12368,,,1,20,,12362,,,1,20,,12378,,,1,60,,12386,,,1,20,,12361,,,1,20,,12367,,,1,60,,12365,,,1,20,,12369,,,1,20,,12364,,,1,59,,12376,,,1,19,,12385,,,1,20,,12366,,,1,60,,12370,,,1,19,,12371,,,1,20,,12372,,,1,59,,12373,,,1,19,,12377,,,1,16,,12387,,,1,68,,12380,,,1,29,,12382,,,1,67,,12381,,,1
10700,'26JA05-MABlock-Sunday-23',832,,12416,,,1,71,,12388,,,1,31,,12392,,,1,69,,12393,,,1,23,,12411,,,1,18,,12421,,,1,59,,12389,,,1,19,,12390,,,1,18,,12391,,,1,18,,12399,,,1,58,,12394,,,1,19,,12412,,,1,18,,12420,,,1,59,,12396,,,1,21,,12398,,,1,22,,12397,,,1,60,,12402,,,1,20,,12395,,,1,20,,12413,,,1,60,,12422,,,1,20,,12403,,,1,20,,12401,,,1,60,,12404,,,1,20,,12400,,,1,20,,12410,,,1,59,,12415,,,1,19,,12423,,,1,20,,12406,,,1,60,,12409,,,1,19,,12405,,,1,20,,12407,,,1,59,,12408,,,1,19,,12414,,,1,16,,12424,,,1,68,,12417,,,1,29,,12419,,,1,67,,12418,,,1
10700,'26JA05-MABlock-Weekday-21',527,,12484,,,1,28,,12477,,,1,56,,12473,,,1,16,,12491,,,1,16,,12471,,,1,16,,12474,,,1,56,,12459,,,1,15,,12460,,,1,16,,12488,,,1,55,,12466,,,1,15,,12476,,,1,14,,12467,,,1,14,,12492,,,1,15,,12458,,,1,54,,12457,,,1,12,,12475,,,1,12,,12464,,,1,14,,12450,,,1,54,,12487,,,1,14,,12455,,,1,14,,12479,,,1,15,,12469,,,1,55,,12497,,,1,15,,12448,,,1,15,,12445,,,1,15,,12463,,,1,55,,12451,,,1,15,,12485,,,1,15,,12442,,,1,15,,12483,,,1,57,,12470,,,1,15,,12496,,,1,15,,12453,,,1,17,,12439,,,1,56,,12461,,,1,15,,12449,,,1,15,,12489,,,1,17,,12443,,,1,54,,12480,,,1,15,,12468,,,1,15,,12490,,,1,13,,12432,,,1,52,,12452,,,1,12,,12433,,,1,12,,12436,,,1,13,,12430,,,1,10,,12462,,,1,50,,12447,,,1,11,,12486,,,1,11,,12440,,,1,12,,12427,,,1,12,,12478,,,1,12,,12472,,,1,51,,12493,,,1,11,,12426,,,1,12,,12454,,,1,12,,12431,,,1,11,,12437,,,1,54,,12465,,,1,15,,12456,,,1,18,,12444,,,1,59,,12481,,,1,19,,12494,,,1,20,,12428,,,1,60,,12429,,,1,19,,12438,,,1,20,,12446,,,1,60,,12441,,,1,18,,12482,,,1,19,,12495,,,1,20,,12425,,,1,60,,12434,,,1,20,,12435,,,1
10701,'26JA05-MABlock-Holiday1-24',825,,12501,,,1,30,,12510,,,1,69,,12527,,,1,30,,12499,,,1,59,,12498,,,1,18,,12500,,,1,18,,12511,,,1,58,,12502,,,1,18,,12522,,,1,18,,12530,,,1,58,,12504,,,1,18,,12503,,,1,18,,12505,,,1,19,,12512,,,1,58,,12506,,,1,20,,12523,,,1,21,,12531,,,1,60,,12508,,,1,20,,12509,,,1,20,,12507,,,1,60,,12514,,,1,21,,12515,,,1,20,,12524,,,1,60,,12532,,,1,20,,12513,,,1,20,,12518,,,1,61,,12521,,,1,20,,12517,,,1,19,,12516,,,1,60,,12525,,,1,19,,12533,,,1,20,,12520,,,1,59,,12519,,,1,20,,12526,,,1,74,,12528,,,1,35,,12534,,,1,66,,12529,,,1
10701,'26JA05-MABlock-Saturday-22',825,,12541,,,1,30,,12547,,,1,69,,12562,,,1,30,,12535,,,1,59,,12536,,,1,18,,12537,,,1,18,,12555,,,1,58,,12544,,,1,18,,12560,,,1,18,,12567,,,1,58,,12540,,,1,18,,12539,,,1,18,,12538,,,1,19,,12548,,,1,58,,12542,,,1,20,,12563,,,1,21,,12568,,,1,60,,12543,,,1,20,,12546,,,1,20,,12545,,,1,60,,12552,,,1,21,,12556,,,1,20,,12561,,,1,60,,12570,,,1,20,,12554,,,1,20,,12549,,,1,61,,12551,,,1,20,,12550,,,1,19,,12553,,,1,60,,12564,,,1,19,,12569,,,1,20,,12557,,,1,59,,12558,,,1,20,,12559,,,1,74,,12565,,,1,35,,12571,,,1,66,,12566,,,1
10701,'26JA05-MABlock-Sunday-23',825,,12575,,,1,30,,12584,,,1,69,,12601,,,1,30,,12573,,,1,59,,12572,,,1,18,,12574,,,1,18,,12585,,,1,58,,12576,,,1,18,,12596,,,1,18,,12604,,,1,58,,12578,,,1,18,,12577,,,1,18,,12579,,,1,19,,12586,,,1,58,,12580,,,1,20,,12597,,,1,21,,12605,,,1,60,,12582,,,1,20,,12583,,,1,20,,12581,,,1,60,,12588,,,1,21,,12589,,,1,20,,12598,,,1,60,,12606,,,1,20,,12587,,,1,20,,12592,,,1,61,,12595,,,1,20,,12591,,,1,19,,12590,,,1,60,,12599,,,1,19,,12607,,,1,20,,12594,,,1,59,,12593,,,1,20,,12600,,,1,74,,12602,,,1,35,,12608,,,1,66,,12603,,,1
10701,'26JA05-MABlock-Weekday-21',515,,12676,,,1,30,,12658,,,1,55,,12657,,,1,15,,12656,,,1,16,,12669,,,1,16,,12655,,,1,56,,12662,,,1,16,,12650,,,1,15,,12675,,,1,12,,12648,,,1,13,,12642,,,1,52,,12659,,,1,14,,12645,,,1,15,,12640,,,1,14,,12671,,,1,54,,12641,,,1,15,,12664,,,1,15,,12654,,,1,15,,12681,,,1,55,,12629,,,1,15,,12638,,,1,15,,12643,,,1,15,,12630,,,1,55,,12672,,,1,15,,12624,,,1,15,,12661,,,1,15,,12651,,,1,55,,12682,,,1,15,,12632,,,1,15,,12623,,,1,15,,12646,,,1,55,,12633,,,1,15,,12670,,,1,16,,12625,,,1,16,,12666,,,1,55,,12653,,,1,15,,12680,,,1,17,,12637,,,1,16,,12617,,,1,55,,12620,,,1,15,,12644,,,1,12,,12635,,,1,12,,12668,,,1,52,,12628,,,1,12,,12615,,,1,11,,12663,,,1,12,,12652,,,1,12,,12677,,,1,52,,12609,,,1,10,,12634,,,1,13,,12616,,,1,12,,12619,,,1,12,,12610,,,1,50,,12647,,,1,10,,12631,,,1,10,,12673,,,1,11,,12627,,,1,12,,12613,,,1,12,,12665,,,1,52,,12649,,,1,11,,12674,,,1,10,,12611,,,1,19,,12618,,,1,60,,12622,,,1,20,,12639,,,1,20,,12626,,,1,60,,12660,,,1,20,,12678,,,1,21,,12612,,,1,60,,12614,,,1,19,,12621,,,1,25,,12636,,,1,65,,12667,,,1,23,,12679,,,1
