700,'CPHoliday1',2206,,16239,19,,,1
700,'CPSunday',2206,,16240,19,,,1
700,'CPWeekday',241,,16241,19,,,1,80,,16242,19,,,1,83,,16243,19,,,1,42,,16244,19,,,1
700,'MAHoliday1',438,,16281,19,,,1,21,,16294,19,,,1,63,,16277,19,,,1,21,,16272,19,,,1,61,,16271,19,,,1,22,,16287,19,,,1,24,,16270,19,,,1,63,,16296,19,,,1,23,,16278,19,,,1,23,,16269,19,,,1,63,,16266,19,,,1,23,,16288,19,,,1,63,,16267,19,,,1,24,,16295,19,,,1,24,,16279,19,,,1,65,,16261,19,,,1,24,,16260,19,,,1,64,,16289,19,,,1,25,,16268,19,,,1,24,,16293,19,,,1,64,,16280,19,,,1,24,,16259,19,,,1,65,,16254,19,,,1,25,,16286,19,,,1,22,,16253,19,,,1,61,,16265,19,,,1,21,,16292,19,,,1,62,,16273,19,,,1,21,,16256,19,,,1,21,,16250,19,,,1,62,,16283,19,,,1,22,,16248,19,,,1,22,,16262,19,,,1,62,,16290,19,,,1,22,,16275,19,,,1,20,,16257,19,,,1,60,,16249,19,,,1,21,,16282,19,,,1,21,,16245,19,,,1,61,,16264,19,,,1,22,,16291,19,,,1,61,,16274,19,,,1,23,,16258,19,,,1,22,,16251,19,,,1,60,,16284,19,,,1,21,,16246,19,,,1,20,,16263,19,,,1,79,,16276,19,,,1,19,,16255,19,,,1,60,,16252,19,,,1,19,,16285,19,,,1,19,,16247,19,,,1,60,,16297,19,,,1
700,'MASaturday',404,,16355,19,,,1,24,,16354,19,,,1,24,,16353,19,,,1,66,,16352,19,,,1,22,,16351,19,,,1,63,,16350,19,,,1,22,,16349,19,,,1,23,,16348,19,,,1,63,,16347,19,,,1,25,,16346,19,,,1,66,,16345,19,,,1,27,,16344,19,,,1,26,,16338,19,,,1,65,,16337,19,,,1,25,,16335,19,,,1,65,,16332,19,,,1,24,,16333,19,,,1,25,,16334,19,,,1,67,,16339,19,,,1,27,,16331,19,,,1,69,,16330,19,,,1,28,,16324,19,,,1,67,,16329,19,,,1,27,,16323,19,,,1,61,,16322,19,,,1,21,,16341,19,,,1,21,,16328,19,,,1,63,,16321,19,,,1,22,,16318,19,,,1,19,,16316,19,,,1,60,,16319,19,,,1,20,,16314,19,,,1,21,,16313,19,,,1,62,,16340,19,,,1,22,,16325,19,,,1,22,,16312,19,,,1,62,,16310,19,,,1,22,,16311,19,,,1,59,,16317,19,,,1,19,,16308,19,,,1,19,,16306,19,,,1,19,,16342,19,,,1,59,,16326,19,,,1,19,,16309,19,,,1,20,,16303,19,,,1,58,,16302,19,,,1,19,,16320,19,,,1,20,,16307,19,,,1,60,,16301,19,,,1,20,,16343,19,,,1,19,,16327,19,,,1,60,,16304,19,,,1,17,,16299,19,,,1,17,,16300,19,,,1,59,,16315,19,,,1,18,,16305,19,,,1,19,,16298,19,,,1,17,,16336,19,,,1,58,,16356,19,,,1
700,'MASunday',438,,16393,19,,,1,21,,16406,19,,,1,63,,16389,19,,,1,21,,16384,19,,,1,61,,16383,19,,,1,22,,16399,19,,,1,24,,16382,19,,,1,63,,16408,19,,,1,23,,16390,19,,,1,23,,16381,19,,,1,63,,16378,19,,,1,23,,16400,19,,,1,63,,16379,19,,,1,24,,16407,19,,,1,24,,16391,19,,,1,65,,16373,19,,,1,24,,16372,19,,,1,64,,16401,19,,,1,25,,16380,19,,,1,24,,16405,19,,,1,64,,16392,19,,,1,24,,16371,19,,,1,65,,16366,19,,,1,25,,16398,19,,,1,22,,16365,19,,,1,61,,16377,19,,,1,21,,16404,19,,,1,62,,16385,19,,,1,21,,16368,19,,,1,21,,16362,19,,,1,62,,16395,19,,,1,22,,16360,19,,,1,22,,16374,19,,,1,62,,16402,19,,,1,22,,16387,19,,,1,20,,16369,19,,,1,60,,16361,19,,,1,21,,16394,19,,,1,21,,16357,19,,,1,61,,16376,19,,,1,22,,16403,19,,,1,61,,16386,19,,,1,23,,16370,19,,,1,22,,16363,19,,,1,60,,16396,19,,,1,21,,16358,19,,,1,20,,16375,19,,,1,79,,16388,19,,,1,19,,16367,19,,,1,60,,16364,19,,,1,19,,16397,19,,,1,19,,16359,19,,,1,60,,16409,19,,,1
700,'MAWeekday',509,,16410,19,,,1,24,,16411,19,,,1,24,,16412,19,,,1,65,,16413,19,,,1,22,,16414,19,,,1,60,,16415,19,,,1,20,,16416,19,,,1,24,,16417,19,,,1,64,,16418,19,,,1,26,,16419,19,,,1,66,,16420,19,,,1,28,,16421,19,,,1,69,,16422,19,,,1,30,,16423,19,,,1,25,,16424,19,,,1,65,,16425,19,,,1,25,,16426,19,,,1,65,,16427,19,,,1,25,,16428,19,,,1,20,,16429,19,,,1,61,,16430,19,,,1,22,,16431,19,,,1,64,,16432,19,,,1,25,,16433,19,,,1,25,,16434,19,,,1,65,,16435,19,,,1,25,,16436,19,,,1,65,,16437,19,,,1,26,,16438,19,,,1,25,,16439,19,,,1,65,,16440,19,,,1,25,,16441,19,,,1,66,,16442,19,,,1,26,,16443,19,,,1,66,,16444,19,,,1,24,,16445,19,,,1,24,,16446,19,,,1,64,,16447,19,,,1,22,,16448,19,,,1,62,,16449,19,,,1,24,,16450,19,,,1,74,,16451,19,,,1,27,,16452,19,,,1,26,,16453,19,,,1,68,,16454,19,,,1,34,,16455,19,,,1,74,,16456,19,,,1,72,,16457,19,,,1,30,,16458,19,,,1,69,,16459,19,,,1
3900,'CPHoliday1',646,,22190,67,,,1,78,,22184,67,,,1,83,,22179,67,,,1,38,,22175,67,,,1,81,,22191,67,,,1,84,,22182,67,,,1,42,,22180,67,,,1,83,,22174,67,,,1,83,,22189,67,,,1,85,,22183,67,,,1,47,,22176,67,,,1,85,,22173,67,,,1,86,,22192,67,,,1,85,,22186,67,,,1,45,,22177,67,,,1,83,,22172,67,,,1,85,,22193,67,,,1,84,,22185,67,,,1,40,,22178,67,,,1,84,,22171,67,,,1,82,,22188,67,,,1,40,,22187,67,,,1,81,,22181,67,,,1,75,,22170,67,,,1
3900,'CPSaturday',830,,22199,67,,,1,25,,22198,67,,,1,258,,22200,67,,,1,29,,22197,67,,,1,271,,22201,67,,,1,30,,22196,67,,,1,272,,22202,67,,,1,30,,22195,67,,,1,261,,22203,67,,,1,28,,22194,67,,,1,206,,22204,67,,,1
3900,'CPSunday',646,,22225,67,,,1,78,,22219,67,,,1,83,,22214,67,,,1,38,,22210,67,,,1,81,,22226,67,,,1,84,,22217,67,,,1,42,,22215,67,,,1,83,,22209,67,,,1,83,,22224,67,,,1,85,,22218,67,,,1,47,,22211,67,,,1,85,,22208,67,,,1,86,,22227,67,,,1,85,,22221,67,,,1,45,,22212,67,,,1,83,,22207,67,,,1,85,,22228,67,,,1,84,,22220,67,,,1,40,,22213,67,,,1,84,,22206,67,,,1,82,,22223,67,,,1,40,,22222,67,,,1,81,,22216,67,,,1,75,,22205,67,,,1
3900,'MASaturday',645,,22252,67,,,1,66,,22251,67,,,1,28,,22245,67,,,1,66,,22244,67,,,1,116,,22246,67,,,1,28,,22239,67,,,1,66,,22237,67,,,1,30,,22238,67,,,1,166,,22250,67,,,1,31,,22240,67,,,1,70,,22234,67,,,1,30,,22232,67,,,1,171,,22249,67,,,1,30,,22243,67,,,1,71,,22235,67,,,1,30,,22230,67,,,1,170,,22247,67,,,1,27,,22242,67,,,1,69,,22233,67,,,1,30,,22229,67,,,1,162,,22248,67,,,1,25,,22241,67,,,1,26,,22236,67,,,1,64,,22231,67,,,1
3900,'MAWeekday',518,,22253,35,,,1,91,,22254,68,,,1,25,,22255,68,,,1,24,,22256,68,,,1,62,,22257,68,,,1,19,,22258,68,,,1,61,,22259,68,,,1,19,,22260,68,,,1,20,,22261,68,,,1,63,,22262,68,,,1,24,,22263,68,,,1,20,,22264,67,,,1,71,,22265,67,,,1,35,,22266,67,,,1,77,,22267,67,,,1,77,,22268,67,,,1,38,,22269,67,,,1,77,,22270,67,,,1,36,,22271,67,,,1,74,,22272,67,,,1,25,,22273,67,,,1,69,,22274,68,,,1,20,,22275,68,,,1,61,,22276,68,,,1,21,,22277,68,,,1,22,,22278,68,,,1,58,,22279,68,,,1,19,,22280,68,,,1,17,,22281,68,,,1,59,,22282,68,,,1,21,,22283,68,,,1,22,,22284,68,,,1,61,,22285,68,,,1,21,,22286,68,,,1,16,,22287,67,,,1,62,,22288,67,,,1,22,,22289,67,,,1,18,,22290,67,,,1,75,,22291,67,,,1,37,,22292,67,,,1,81,,22293,67,,,1,80,,22294,67,,,1,37,,22295,67,,,1,75,,22296,67,,,1,73,,22297,67,,,1,33,,22298,67,,,1,74,,22299,67,,,1
4301,'CPWeekday',1514,,22984,60,,,1,42,,22982,60,,,1,83,,22987,60,,,1,81,,22989,60,,,1,81,,22985,60,,,1,40,,22983,60,,,1,80,,22988,60,,,1,80,,22990,60,,,1,39,,22986,60,,,1
