700,'CPSunday',2207,,16240,21,,,1
700,'CPWeekday',242,,16241,21,,,1,80,,16242,21,,,1,83,,16243,21,,,1,42,,16244,21,,,1
700,'MASaturday',405,,16355,21,,,1,24,,16354,21,,,1,24,,16353,21,,,1,66,,16352,21,,,1,22,,16351,21,,,1,63,,16350,21,,,1,22,,16349,21,,,1,23,,16348,21,,,1,63,,16347,21,,,1,25,,16346,21,,,1,66,,16345,21,,,1,27,,16344,21,,,1,26,,16338,21,,,1,65,,16337,21,,,1,25,,16335,21,,,1,65,,16332,21,,,1,24,,16333,21,,,1,65,,16334,21,,,1,27,,16339,21,,,1,27,,16331,21,,,1,69,,16330,21,,,1,28,,16324,21,,,1,67,,16329,21,,,1,27,,16323,21,,,1,61,,16322,21,,,1,21,,16341,21,,,1,21,,16328,21,,,1,63,,16321,21,,,1,22,,16318,21,,,1,19,,16316,21,,,1,60,,16319,21,,,1,20,,16314,21,,,1,21,,16313,21,,,1,62,,16340,21,,,1,22,,16325,21,,,1,22,,16312,21,,,1,62,,16310,21,,,1,22,,16311,21,,,1,59,,16317,21,,,1,19,,16308,21,,,1,19,,16306,21,,,1,19,,16342,21,,,1,59,,16326,21,,,1,19,,16309,21,,,1,20,,16303,21,,,1,58,,16302,21,,,1,19,,16320,21,,,1,20,,16307,21,,,1,60,,16301,21,,,1,20,,16343,21,,,1,19,,16327,21,,,1,60,,16304,21,,,1,17,,16299,21,,,1,17,,16300,21,,,1,59,,16315,21,,,1,18,,16305,21,,,1,19,,16298,21,,,1,57,,16336,21,,,1,18,,16356,21,,,1
700,'MASunday',439,,16393,21,,,1,61,,16406,21,,,1,23,,16389,21,,,1,21,,16384,21,,,1,61,,16383,21,,,1,22,,16399,21,,,1,24,,16382,21,,,1,63,,16408,21,,,1,23,,16390,21,,,1,63,,16381,21,,,1,23,,16378,21,,,1,23,,16400,21,,,1,63,,16379,21,,,1,24,,16407,21,,,1,24,,16391,21,,,1,65,,16373,21,,,1,24,,16372,21,,,1,64,,16401,21,,,1,25,,16380,21,,,1,24,,16405,21,,,1,64,,16392,21,,,1,24,,16371,21,,,1,65,,16366,21,,,1,25,,16398,21,,,1,22,,16365,21,,,1,61,,16377,21,,,1,21,,16404,21,,,1,62,,16385,21,,,1,21,,16368,21,,,1,21,,16362,21,,,1,62,,16395,21,,,1,22,,16360,21,,,1,22,,16374,21,,,1,62,,16402,21,,,1,22,,16387,21,,,1,20,,16369,21,,,1,60,,16361,21,,,1,21,,16394,21,,,1,21,,16357,21,,,1,61,,16376,21,,,1,22,,16403,21,,,1,61,,16386,21,,,1,23,,16370,21,,,1,22,,16363,21,,,1,60,,16396,21,,,1,21,,16358,21,,,1,20,,16375,21,,,1,79,,16388,21,,,1,19,,16367,21,,,1,60,,16364,21,,,1,19,,16397,21,,,1,19,,16359,21,,,1,60,,16409,21,,,1
700,'MAWeekday',510,,16410,21,,,1,24,,16411,21,,,1,24,,16412,21,,,1,65,,16413,21,,,1,22,,16414,21,,,1,60,,16415,21,,,1,20,,16416,21,,,1,24,,16417,21,,,1,64,,16418,21,,,1,26,,16419,21,,,1,66,,16420,21,,,1,28,,16421,21,,,1,69,,16422,21,,,1,30,,16423,21,,,1,25,,16424,21,,,1,65,,16425,21,,,1,25,,16426,21,,,1,65,,16427,21,,,1,25,,16428,21,,,1,20,,16429,21,,,1,61,,16430,21,,,1,22,,16431,21,,,1,64,,16432,21,,,1,25,,16433,21,,,1,25,,16434,21,,,1,65,,16435,21,,,1,25,,16436,21,,,1,65,,16437,21,,,1,26,,16438,21,,,1,65,,16439,21,,,1,25,,16440,21,,,1,25,,16441,21,,,1,66,,16442,21,,,1,26,,16443,21,,,1,66,,16444,21,,,1,24,,16445,21,,,1,24,,16446,21,,,1,64,,16447,21,,,1,22,,16448,21,,,1,62,,16449,21,,,1,24,,16450,21,,,1,74,,16451,21,,,1,27,,16452,21,,,1,26,,16453,21,,,1,68,,16454,21,,,1,34,,16455,21,,,1,74,,16456,21,,,1,72,,16457,21,,,1,30,,16458,21,,,1,69,,16459,21,,,1
3900,'CPSaturday',831,,22199,69,,,1,25,,22198,69,,,1,258,,22200,69,,,1,29,,22197,69,,,1,271,,22201,69,,,1,30,,22196,69,,,1,272,,22202,69,,,1,30,,22195,69,,,1,261,,22203,69,,,1,28,,22194,69,,,1,206,,22204,69,,,1
3900,'CPSunday',647,,22225,69,,,1,78,,22219,69,,,1,83,,22214,69,,,1,38,,22210,69,,,1,81,,22226,69,,,1,84,,22217,69,,,1,42,,22215,69,,,1,83,,22209,69,,,1,83,,22224,69,,,1,85,,22218,69,,,1,47,,22211,69,,,1,85,,22208,69,,,1,86,,22227,69,,,1,85,,22221,69,,,1,45,,22212,69,,,1,83,,22207,69,,,1,85,,22228,69,,,1,84,,22220,69,,,1,40,,22213,69,,,1,84,,22206,69,,,1,82,,22223,69,,,1,40,,22222,69,,,1,81,,22216,69,,,1,75,,22205,69,,,1
3900,'MASaturday',646,,22252,69,,,1,66,,22251,69,,,1,28,,22245,69,,,1,66,,22244,69,,,1,116,,22246,69,,,1,28,,22239,69,,,1,66,,22237,69,,,1,30,,22238,69,,,1,166,,22250,69,,,1,31,,22240,69,,,1,70,,22234,69,,,1,30,,22232,69,,,1,171,,22249,69,,,1,30,,22243,69,,,1,71,,22235,69,,,1,30,,22230,69,,,1,170,,22247,69,,,1,27,,22242,69,,,1,69,,22233,69,,,1,30,,22229,69,,,1,162,,22248,69,,,1,25,,22241,69,,,1,26,,22236,69,,,1,64,,22231,69,,,1
3900,'MAWeekday',519,,22253,37,,,1,91,,22254,70,,,1,26,,22255,70,,,1,64,,22256,70,,,1,22,,22257,70,,,1,19,,22258,70,,,1,61,,22259,70,,,1,19,,22260,70,,,1,20,,22261,70,,,1,63,,22262,70,,,1,24,,22263,70,,,1,20,,22264,69,,,1,71,,22265,69,,,1,35,,22266,69,,,1,77,,22267,69,,,1,77,,22268,69,,,1,38,,22269,69,,,1,77,,22270,69,,,1,36,,22271,69,,,1,74,,22272,69,,,1,25,,22273,69,,,1,69,,22274,70,,,1,20,,22275,70,,,1,61,,22276,70,,,1,21,,22277,70,,,1,22,,22278,70,,,1,58,,22279,70,,,1,19,,22280,70,,,1,17,,22281,70,,,1,59,,22282,70,,,1,21,,22283,70,,,1,22,,22284,70,,,1,60,,22285,70,,,1,21,,22286,70,,,1,16,,22287,69,,,1,62,,22288,69,,,1,22,,22289,69,,,1,18,,22290,69,,,1,75,,22291,69,,,1,37,,22292,69,,,1,81,,22293,69,,,1,80,,22294,69,,,1,37,,22295,69,,,1,75,,22296,69,,,1,73,,22297,69,,,1,33,,22298,69,,,1,74,,22299,69,,,1
4301,'CPWeekday',1515,,22984,62,,,1,42,,22982,62,,,1,83,,22987,62,,,1,81,,22989,62,,,1,81,,22985,62,,,1,40,,22983,62,,,1,80,,22988,62,,,1,80,,22990,62,,,1,39,,22986,62,,,1
