1301,'26JA05-CPBlock-Holiday1-14',751,,4003,,,1,78,,4004,,,1,77,,4005,,,1,36,,4006,,,1,80,,4007,,,1,82,,4008,,,1,39,,4009,,,1,80,,4010,,,1,81,,4011,,,1,41,,4012,,,1,81,,4013,,,1,82,,4014,,,1,42,,4015,,,1,82,,4016,,,1,80,,4017,,,1,41,,4018,,,1,82,,4019,,,1,81,,4020,,,1,40,,4021,,,1,78,,4022,,,1,78,,4023,,,1,40,,4024,,,1,74,,4025,,,1,75,,4026,,,1,48,,4027,,,1,88,,4028,,,1,87,,4029,,,1
1301,'26JA05-CPBlock-Saturday-12',600,,4030,,,1,36,,4031,,,1,77,,4032,,,1,40,,4033,,,1,76,,4034,,,1,80,,4035,,,1,39,,4036,,,1,79,,4037,,,1,80,,4038,,,1,33,,4039,,,1,74,,4040,,,1,32,,4041,,,1,72,,4042,,,1,34,,4043,,,1,74,,4044,,,1,74,,4045,,,1,34,,4046,,,1,72,,4047,,,1,34,,4048,,,1,74,,4049,,,1,34,,4050,,,1,71,,4051,,,1,30,,4052,,,1,71,,4053,,,1,31,,4054,,,1,70,,4055,,,1,30,,4056,,,1,70,,4057,,,1,30,,4058,,,1,68,,4059,,,1,26,,4060,,,1,67,,4061,,,1,46,,4062,,,1,87,,4063,,,1,88,,4064,,,1
1301,'26JA05-CPBlock-Sunday-13',751,,4065,,,1,78,,4066,,,1,77,,4067,,,1,36,,4068,,,1,80,,4069,,,1,82,,4070,,,1,39,,4071,,,1,80,,4072,,,1,81,,4073,,,1,41,,4074,,,1,81,,4075,,,1,82,,4076,,,1,42,,4077,,,1,82,,4078,,,1,80,,4079,,,1,41,,4080,,,1,82,,4081,,,1,81,,4082,,,1,40,,4083,,,1,78,,4084,,,1,78,,4085,,,1,40,,4086,,,1,74,,4087,,,1,75,,4088,,,1,48,,4089,,,1,88,,4090,,,1,87,,4091,,,1
1301,'26JA05-CPBlock-Weekday-11',507,,4095,,,1,22,,4096,,,1,22,,4097,,,1,62,,4098,,,1,26,,4099,,,1,68,,4100,,,1,30,,4101,,,1,68,,4102,,,1,7,,4093,,,1,20,,4103,,,1,14,,4094,,,1,2,,4092,,,1,9,,4104,,,1,65,,4105,,,1,26,,4106,,,1,67,,4107,,,1,25,,4108,,,1,66,,4109,,,1,26,,4110,,,1,24,,4111,,,1,65,,4112,,,1,24,,4113,,,1,65,,4114,,,1,24,,4115,,,1,25,,4116,,,1,68,,4117,,,1,29,,4118,,,1,64,,4119,,,1,20,,4120,,,1,62,,4121,,,1,25,,4122,,,1,26,,4123,,,1,65,,4124,,,1,25,,4125,,,1,64,,4126,,,1,23,,4127,,,1,23,,4128,,,1,60,,4129,,,1,21,,4130,,,1,19,,4131,,,1,61,,4132,,,1,22,,4133,,,1,64,,4134,,,1,28,,4135,,,1,29,,4136,,,1,69,,4137,,,1,25,,4138,,,1,68,,4139,,,1,89,,4140,,,1,49,,4141,,,1,90,,4142,,,1,88,,4143,,,1
1401,'26JA05-CPBlock-Weekday-11',501,,4196,0,17 18 19 20 14 15 16,1,37,,4197,0,17 18 19 20 14 15 16,1,77,,4195,0,17 18 19 20 14 15 16,1,24,,4192,0,17 18 19 20 14 15 16,1,83,,4193,0,17 18 19 20 14 15 16,1,89,,4191,0,17 18 19 20 14 15 16,1,14,,4171,0,17 18 19 20 14 15 16,1,20,,4194,0,21 18 19 20 14 15 16,1,96,,4190,0,21 18 19 20 14 15 16,1,99,,4189,0,21 18 19 20 14 15 16,1,96,,4188,0,21 18 19 20 14 15 16,1,96,,4187,0,21 18 19 20 14 15 16,1,96,,4186,0,21 18 19 20 14 15 16,1,98,,4185,0,21 18 19 20 14 15 16,1,28,,4172,0,21 18 19 20 14 15 16,1,55,,4184,0,17 18 19 20 14 15 16,1,35,,4183,0,17 18 19 20 14 15 16,1,84,,4182,0,17 18 19 20 14 15 16,1,80,,4181,0,17 18 19 20 14 15 16,1,42,,4179,0,17 18 19 20 14 15 16,1,78,,4180,0,17 18 19 20 14 15 16,1,80,,4178,0,21 18 19 20 14 15 16,1,93,,4177,0,21 18 19 20 14 15 16,1,53,,4176,0,21 18 19 20 14 15 16,1,93,,4175,0,21 18 19 20 14 15 16,1,92,,4174,0,21 18 19 20 14 15 16,1,93,,4173,0,21 18 19 20 14 15 16,1
4501,'26JA05-CPBlock-Weekday-11',640,,9417,0,11 6 12 13 14 15 16,1,82,,9419,0,11 6 12 13 14 15 16,1,78,,9421,0,11 6 12 13 14 15 16,1,40,,9423,0,11 6 12 13 14 15 16,1,79,,9425,0,11 6 12 13 14 15 16,1,38,,9427,0,11 6 12 13 14 15 16,1,90,,9429,0,11 6 12 13 14 15 16,1,482,,9439,0,11 6 12 13 14 15 16,1,86,,9441,0,11 6 12 13 14 15 16,1,37,,9443,0,11 6 12 13 14 15 16,1,76,,9445,0,11 6 12 13 14 15 16,1,75,,9447,0,11 6 12 13 14 15 16,1,34,,9449,0,11 6 12 13 14 15 16,1,78,,9451,0,11 6 12 13 14 15 16,1,29,,9453,0,11 6 12 13 14 15 16,1
11001,'26JA05-CPBlock-Holiday1-14',811,,13342,,,1,31,,13347,,,1,72,,13343,,,1,32,,13336,,,1,73,,13350,,,1,34,,13346,,,1,72,,13323,,,1,24,,13333,,,1,64,,13353,,,1,26,,13340,,,1,66,,13334,,,1,26,,13327,,,1,26,,13348,,,1,66,,13341,,,1,26,,13326,,,1,66,,13324,,,1,26,,13352,,,1,66,,13339,,,1,26,,13332,,,1,26,,13331,,,1,65,,13355,,,1,24,,13345,,,1,66,,13328,,,1,25,,13330,,,1,64,,13351,,,1,26,,13338,,,1,74,,13335,,,1,34,,13354,,,1,72,,13337,,,1,32,,13329,,,1,70,,13349,,,1,30,,13344,,,1,70,,13325,,,1
11001,'26JA05-CPBlock-Saturday-12',811,,13379,,,1,31,,13388,,,1,72,,13378,,,1,32,,13377,,,1,73,,13387,,,1,34,,13376,,,1,72,,13370,,,1,24,,13367,,,1,64,,13385,,,1,26,,13366,,,1,66,,13369,,,1,26,,13365,,,1,26,,13381,,,1,66,,13364,,,1,26,,13368,,,1,66,,13363,,,1,26,,13386,,,1,66,,13358,,,1,26,,13372,,,1,26,,13357,,,1,65,,13380,,,1,24,,13359,,,1,66,,13373,,,1,25,,13356,,,1,64,,13382,,,1,26,,13360,,,1,74,,13374,,,1,34,,13383,,,1,72,,13362,,,1,32,,13375,,,1,70,,13384,,,1,30,,13361,,,1,70,,13371,,,1
11001,'26JA05-CPBlock-Sunday-13',811,,13408,,,1,31,,13413,,,1,72,,13409,,,1,32,,13402,,,1,73,,13416,,,1,34,,13412,,,1,72,,13389,,,1,24,,13399,,,1,64,,13419,,,1,26,,13406,,,1,66,,13400,,,1,26,,13393,,,1,26,,13414,,,1,66,,13407,,,1,26,,13392,,,1,66,,13390,,,1,26,,13418,,,1,66,,13405,,,1,26,,13398,,,1,26,,13397,,,1,65,,13421,,,1,24,,13411,,,1,66,,13394,,,1,25,,13396,,,1,64,,13417,,,1,26,,13404,,,1,74,,13401,,,1,34,,13420,,,1,72,,13403,,,1,32,,13395,,,1,70,,13415,,,1,30,,13410,,,1,70,,13391,,,1
11001,'26JA05-CPBlock-Weekday-11',439,,13507,,,1,17,,13509,,,1,59,,13508,,,1,19,,13502,,,1,18,,13503,,,1,59,,13505,,,1,19,,13504,,,1,19,,13506,,,1,60,,13501,,,1,21,,13495,,,1,21,,13500,,,1,61,,13498,,,1,21,,13499,,,1,25,,13485,,,1,61,,13486,,,1,20,,13494,,,1,63,,13493,,,1,21,,13492,,,1,17,,13484,,,1,62,,13481,,,1,21,,13480,,,1,22,,13478,,,1,61,,13476,,,1,22,,13473,,,1,21,,13470,,,1,61,,13469,,,1,21,,13468,,,1,21,,13466,,,1,62,,13460,,,1,23,,13462,,,1,22,,13461,,,1,62,,13457,,,1,21,,13454,,,1,62,,13453,,,1,23,,13452,,,1,22,,13450,,,1,62,,13448,,,1,21,,13446,,,1,22,,13444,,,1,63,,13442,,,1,23,,13439,,,1,62,,13438,,,1,20,,13431,,,1,21,,13435,,,1,64,,13430,,,1,17,,13440,,,1,21,,13424,,,1,65,,13434,,,1,29,,13423,,,1,70,,13426,,,1,29,,13433,,,1,70,,13422,,,1
