701,'CPSunday',2336,,16461,34,,,1
701,'CPWeekday',238,,16463,34,,,1,81,,16465,34,,,1,81,,16462,34,,,1,45,,16464,34,,,1
701,'MASaturday',433,,16576,34,,,1,21,,16575,34,,,1,62,,16574,34,,,1,22,,16573,34,,,1,62,,16572,34,,,1,24,,16571,34,,,1,25,,16570,34,,,1,65,,16568,34,,,1,25,,16569,34,,,1,63,,16567,34,,,1,23,,16566,34,,,1,22,,16565,34,,,1,64,,16560,34,,,1,26,,16561,34,,,1,68,,16556,34,,,1,27,,16562,34,,,1,26,,16555,34,,,1,66,,16554,34,,,1,26,,16553,34,,,1,67,,16552,34,,,1,26,,16551,34,,,1,60,,16550,34,,,1,20,,16557,34,,,1,20,,16546,34,,,1,61,,16544,34,,,1,20,,16542,34,,,1,20,,16543,34,,,1,60,,16541,34,,,1,22,,16540,34,,,1,22,,16539,34,,,1,63,,16558,34,,,1,23,,16547,34,,,1,23,,16535,34,,,1,62,,16534,34,,,1,20,,16533,34,,,1,20,,16536,34,,,1,58,,16532,34,,,1,19,,16531,34,,,1,20,,16559,34,,,1,59,,16545,34,,,1,22,,16530,34,,,1,21,,16529,34,,,1,61,,16526,34,,,1,21,,16537,34,,,1,60,,16527,34,,,1,19,,16524,34,,,1,19,,16564,34,,,1,19,,16549,34,,,1,59,,16523,34,,,1,19,,16522,34,,,1,19,,16521,34,,,1,59,,16538,34,,,1,19,,16528,34,,,1,19,,16520,34,,,1,58,,16563,34,,,1,19,,16548,34,,,1,19,,16525,34,,,1,57,,16519,34,,,1,18,,16577,34,,,1
701,'MASunday',437,,16615,34,,,1,80,,16614,34,,,1,22,,16616,34,,,1,63,,16605,34,,,1,22,,16624,34,,,1,23,,16606,34,,,1,64,,16604,34,,,1,23,,16603,34,,,1,24,,16619,34,,,1,63,,16602,34,,,1,23,,16628,34,,,1,63,,16607,34,,,1,23,,16595,34,,,1,24,,16594,34,,,1,63,,16618,34,,,1,23,,16598,34,,,1,63,,16627,34,,,1,24,,16608,34,,,1,24,,16589,34,,,1,66,,16587,34,,,1,25,,16620,34,,,1,62,,16586,34,,,1,19,,16597,34,,,1,19,,16626,34,,,1,61,,16609,34,,,1,20,,16590,34,,,1,23,,16585,34,,,1,63,,16617,34,,,1,23,,16581,34,,,1,23,,16599,34,,,1,60,,16625,34,,,1,20,,16610,34,,,1,20,,16588,34,,,1,62,,16582,34,,,1,23,,16621,34,,,1,63,,16580,34,,,1,23,,16596,34,,,1,23,,16630,34,,,1,62,,16613,34,,,1,21,,16591,34,,,1,20,,16583,34,,,1,61,,16622,34,,,1,21,,16579,34,,,1,21,,16600,34,,,1,61,,16629,34,,,1,22,,16612,34,,,1,21,,16592,34,,,1,59,,16584,34,,,1,20,,16623,34,,,1,19,,16578,34,,,1,59,,16601,34,,,1,40,,16611,34,,,1,59,,16593,34,,,1
701,'MAWeekday',509,,16631,34,,,1,21,,16632,34,,,1,19,,16633,34,,,1,60,,16634,34,,,1,20,,16635,34,,,1,23,,16636,34,,,1,64,,16637,34,,,1,24,,16638,34,,,1,66,,16639,34,,,1,27,,16640,34,,,1,26,,16641,34,,,1,59,,16642,34,,,1,20,,16643,34,,,1,62,,16644,34,,,1,23,,16645,34,,,1,23,,16646,34,,,1,66,,16647,34,,,1,30,,16648,34,,,1,70,,16649,34,,,1,25,,16650,34,,,1,66,,16651,34,,,1,25,,16652,34,,,1,25,,16653,34,,,1,65,,16654,34,,,1,23,,16655,34,,,1,64,,16656,34,,,1,25,,16657,34,,,1,24,,16658,34,,,1,67,,16659,34,,,1,25,,16660,34,,,1,66,,16661,34,,,1,26,,16662,34,,,1,65,,16663,34,,,1,24,,16664,34,,,1,25,,16665,34,,,1,63,,16666,34,,,1,23,,16667,34,,,1,64,,16668,34,,,1,21,,16669,34,,,1,26,,16670,34,,,1,65,,16671,34,,,1,24,,16672,34,,,1,64,,16673,34,,,1,33,,16674,34,,,1,74,,16675,34,,,1,32,,16676,34,,,1,76,,16677,34,,,1,32,,16678,34,,,1,73,,16679,34,,,1,31,,16680,34,,,1
3901,'CPSaturday',853,,22329,8,,,1,68,,22328,8,,,1,220,,22330,8,,,1,68,,22327,8,,,1,229,,22331,8,,,1,70,,22326,8,,,1,230,,22332,8,,,1,70,,22325,8,,,1,227,,22333,8,,,1,66,,22324,8,,,1
3901,'CPSunday',710,,22353,8,,,1,40,,22348,8,,,1,80,,22342,8,,,1,80,,22339,8,,,1,42,,22354,8,,,1,82,,22351,8,,,1,84,,22343,8,,,1,85,,22338,8,,,1,45,,22355,8,,,1,85,,22349,8,,,1,85,,22344,8,,,1,85,,22337,8,,,1,45,,22356,8,,,1,86,,22350,8,,,1,85,,22345,8,,,1,85,,22336,8,,,1,45,,22357,8,,,1,83,,22346,8,,,1,82,,22341,8,,,1,42,,22335,8,,,1,79,,22352,8,,,1,80,,22347,8,,,1,36,,22340,8,,,1,70,,22334,8,,,1
3901,'MASaturday',707,,22378,8,,,1,25,,22374,8,,,1,26,,22373,8,,,1,67,,22367,8,,,1,124,,22375,8,,,1,68,,22370,8,,,1,28,,22366,8,,,1,68,,22364,8,,,1,124,,22376,8,,,1,70,,22371,8,,,1,31,,22362,8,,,1,70,,22358,8,,,1,130,,22377,8,,,1,70,,22368,8,,,1,30,,22363,8,,,1,70,,22359,8,,,1,130,,22379,8,,,1,70,,22369,8,,,1,29,,22361,8,,,1,70,,22360,8,,,1,119,,22380,8,,,1,25,,22372,8,,,1,60,,22365,8,,,1
3901,'MAWeekday',439,,22381,8,,,1,15,,22382,8,,,1,56,,22383,8,,,1,15,,22384,8,,,1,16,,22385,8,,,1,18,,22386,8,,,1,60,,22387,8,,,1,21,,22388,8,,,1,64,,22389,8,,,1,24,,22390,8,,,1,23,,22391,8,,,1,61,,22392,8,,,1,19,,22393,8,,,1,19,,22394,8,,,1,61,,22395,8,,,1,24,,22396,8,,,1,76,,22397,8,,,1,36,,22398,8,,,1,75,,22399,8,,,1,36,,22400,8,,,1,76,,22401,8,,,1,75,,22402,8,,,1,36,,22403,8,,,1,61,,22404,8,,,1,22,,22405,8,,,1,20,,22406,8,,,1,61,,22407,8,,,1,21,,22408,8,,,1,21,,22409,8,,,1,62,,22410,8,,,1,22,,22411,8,,,1,22,,22412,8,,,1,60,,22413,8,,,1,16,,22414,8,,,1,18,,22415,8,,,1,59,,22416,8,,,1,20,,22417,8,,,1,19,,22418,8,,,1,62,,22419,8,,,1,22,,22420,8,,,1,23,,22421,8,,,1,72,,22422,8,,,1,79,,22423,8,,,1,39,,22424,8,,,1,78,,22425,8,,,1,77,,22426,8,,,1,38,,22427,8,,,1,78,,22428,8,,,1,38,,22429,8,,,1
4300,'CPWeekday',455,,22973,9,,,1,80,,22980,9,,,1,80,,22976,9,,,1,40,,22978,9,,,1,80,,22974,9,,,1,80,,22981,9,,,1,40,,22977,9,,,1,80,,22979,9,,,1,80,,22975,9,,,1
