1300,'CPHoliday1',647,,31858,30,,,1,75,,31859,30,,,1,36,,31860,30,,,1,75,,31861,30,,,1,76,,31862,30,,,1,37,,31863,30,,,1,79,,31864,30,,,1,79,,31865,30,,,1,37,,31866,30,,,1,81,,31867,30,,,1,80,,31868,30,,,1,41,,31869,30,,,1,80,,31870,30,,,1,79,,31871,30,,,1,41,,31872,30,,,1,80,,31873,30,,,1,79,,31874,30,,,1,40,,31875,30,,,1,80,,31876,30,,,1,79,,31877,30,,,1,38,,31878,30,,,1,79,,31879,30,,,1,40,,31880,30,,,1,79,,31881,30,,,1,85,,31882,30,,,1,95,,31883,30,,,1,94,,31884,30,,,1,94,,31885,30,,,1,54,,31886,30,,,1
1300,'CPSaturday',454,,31887,30,,,1,73,,31888,30,,,1,32,,31889,30,,,1,74,,31890,30,,,1,75,,31891,30,,,1,36,,31892,30,,,1,76,,31893,30,,,1,36,,31894,30,,,1,79,,31895,30,,,1,66,,31896,30,,,1,29,,31897,30,,,1,71,,31898,30,,,1,30,,31899,30,,,1,73,,31900,30,,,1,31,,31901,30,,,1,72,,31902,30,,,1,34,,31903,30,,,1,73,,31904,30,,,1,31,,31905,30,,,1,72,,31906,30,,,1,30,,31907,30,,,1,70,,31908,30,,,1,30,,31909,30,,,1,71,,31910,30,,,1,32,,31911,30,,,1,71,,31912,30,,,1,30,,31913,30,,,1,72,,31914,30,,,1,29,,31915,30,,,1,69,,31916,30,,,1,29,,31917,30,,,1,69,,31918,30,,,1,38,,31919,30,,,1,90,,31920,30,,,1,89,,31921,30,,,1,89,,31922,30,,,1,89,,31923,30,,,1,89,,31924,30,,,1
1300,'CPSunday',647,,31925,30,,,1,75,,31926,30,,,1,36,,31927,30,,,1,75,,31928,30,,,1,76,,31929,30,,,1,37,,31930,30,,,1,79,,31931,30,,,1,79,,31932,30,,,1,37,,31933,30,,,1,81,,31934,30,,,1,80,,31935,30,,,1,41,,31936,30,,,1,80,,31937,30,,,1,79,,31938,30,,,1,41,,31939,30,,,1,80,,31940,30,,,1,79,,31941,30,,,1,40,,31942,30,,,1,80,,31943,30,,,1,79,,31944,30,,,1,38,,31945,30,,,1,79,,31946,30,,,1,40,,31947,30,,,1,79,,31948,30,,,1,85,,31949,30,,,1,95,,31950,30,,,1,94,,31951,30,,,1,94,,31952,30,,,1,54,,31953,30,,,1
1300,'CPWeekday',456,,31954,30,,,1,60,,31955,30,,,1,28,,31956,30,,,1,65,,31957,30,,,1,28,,31958,30,,,1,66,,31959,30,,,1,26,,31960,30,,,1,28,,31961,30,,,1,70,,31962,30,,,1,26,,31963,30,,,1,66,,31964,30,,,1,25,,31965,30,,,1,65,,31966,30,,,1,23,,31967,30,,,1,25,,31968,30,,,1,65,,31969,30,,,1,25,,31970,30,,,1,66,,31971,30,,,1,26,,31972,30,,,1,65,,31973,30,,,1,25,,31974,30,,,1,26,,31975,30,,,1,66,,31976,30,,,1,29,,31977,30,,,1,66,,31978,30,,,1,25,,31979,30,,,1,65,,31980,30,,,1,23,,31981,30,,,1,24,,31982,30,,,1,64,,31983,30,,,1,23,,31984,30,,,1,62,,31985,30,,,1,24,,31986,30,,,1,23,,31987,30,,,1,62,,31988,30,,,1,20,,31989,30,,,1,22,,31990,30,,,1,63,,31991,30,,,1,25,,31992,30,,,1,68,,31993,30,,,1,30,,31994,30,,,1,69,,31995,30,,,1,50,,31996,30,,,1,87,,31997,30,,,1,90,,31998,30,,,1,89,,31999,30,,,1,95,,32000,30,,,1,95,,32001,30,,,1
4600,'CPHoliday1',807,,37451,5,,,1,40,,37452,5,,,1,80,,37453,5,,,1,80,,37454,5,,,1,40,,37455,5,,,1,80,,37456,5,,,1,80,,37457,5,,,1,40,,37458,5,,,1,82,,37459,5,,,1,82,,37460,5,,,1,42,,37461,5,,,1,83,,37462,5,,,1,82,,37463,5,,,1,82,,37464,5,,,1,42,,37465,5,,,1,82,,37466,5,,,1,82,,37467,5,,,1,44,,37468,5,,,1,84,,37469,5,,,1,83,,37470,5,,,1
4600,'CPSaturday',718,,37471,5,,,1,41,,37472,5,,,1,80,,37473,5,,,1,81,,37474,5,,,1,80,,37475,5,,,1,40,,37476,5,,,1,82,,37477,5,,,1,82,,37478,5,,,1,42,,37479,5,,,1,83,,37480,5,,,1,84,,37481,5,,,1,44,,37482,5,,,1,84,,37483,5,,,1,84,,37484,5,,,1,84,,37485,5,,,1,43,,37486,5,,,1,84,,37487,5,,,1,84,,37488,5,,,1,84,,37489,5,,,1,41,,37490,5,,,1,80,,37491,5,,,1,80,,37492,5,,,1,40,,37493,5,,,1
4600,'CPSunday',807,,37494,5,,,1,40,,37495,5,,,1,80,,37496,5,,,1,80,,37497,5,,,1,40,,37498,5,,,1,80,,37499,5,,,1,80,,37500,5,,,1,40,,37501,5,,,1,82,,37502,5,,,1,82,,37503,5,,,1,42,,37504,5,,,1,83,,37505,5,,,1,82,,37506,5,,,1,82,,37507,5,,,1,42,,37508,5,,,1,82,,37509,5,,,1,82,,37510,5,,,1,44,,37511,5,,,1,84,,37512,5,,,1,83,,37513,5,,,1
4600,'CPWeekday',457,,37540,5,,,1,91,,37539,5,,,1,80,,37535,5,,,1,83,,37541,5,,,1,44,,37536,5,,,1,87,,37538,5,,,1,85,,37542,5,,,1,85,,37537,5,,,1,44,,37519,5,,,1,84,,37530,5,,,1,84,,37527,5,,,1,85,,37531,5,,,1,44,,37526,5,,,1,86,,37528,5,,,1,88,,37529,5,,,1,88,,37532,5,,,1,88,,37523,5,,,1,46,,37521,5,,,1,86,,37533,5,,,1,86,,37520,5,,,1,84,,37534,5,,,1,43,,37522,5,,,1,84,,37524,5,,,1,82,,37525,5,,,1,42,,37514,5,,,1,81,,37517,5,,,1,80,,37516,5,,,1,38,,37515,5,,,1,77,,37518,5,,,1
4901,'CPWeekday',937,,37940,3,0,24 18 25 14 13 26,1,85,,37941,3,0,24 18 25 14 13 26,1,85,,37942,3,0,24 18 25 14 13 26,1,45,,37943,3,0,24 18 25 14 13 26,1,85,,37944,3,0,24 18 25 14 13 26,1,85,,37945,3,0,24 18 25 14 13 26,1,85,,37946,3,0,24 18 25 14 13 26,1,45,,37947,3,0,24 18 25 14 13 26,1,85,,37948,3,0,24 18 25 14 13 26,1
37300,'CPWeekday',727,,41802,15,,,1
