3801,'CPHoliday1',807,,36037,3,,,1,50,,36035,3,,,1,95,,36041,3,,,1,95,,36038,3,,,1,95,,36036,3,,,1,95,,36046,3,,,1,95,,36040,3,,,1,95,,36039,3,,,1,95,,36045,3,,,1,96,,36043,3,,,1,95,,36044,3,,,1,94,,36047,3,,,1,95,,36042,3,,,1,55,,36048,3,,,1
3801,'CPSaturday',602,,36049,3,,,1,25,,36050,3,,,1,25,,36051,3,,,1,70,,36052,3,,,1,30,,36053,3,,,1,70,,36054,3,,,1,30,,36055,3,,,1,70,,36056,3,,,1,32,,36057,3,,,1,73,,36058,3,,,1,74,,36059,3,,,1,34,,36060,3,,,1,74,,36061,3,,,1,34,,36062,3,,,1,74,,36063,3,,,1,34,,36064,3,,,1,74,,36065,3,,,1,34,,36066,3,,,1,74,,36067,3,,,1,74,,36068,3,,,1,35,,36069,3,,,1,74,,36070,3,,,1,35,,36071,3,,,1,75,,36072,3,,,1,74,,36073,3,,,1,34,,36074,3,,,1,72,,36075,3,,,1,32,,36076,3,,,1,70,,36077,3,,,1,30,,36078,3,,,1,70,,36079,3,,,1,28,,36080,3,,,1,68,,36081,3,,,1,28,,36082,3,,,1
3801,'CPSunday',807,,36085,3,,,1,50,,36083,3,,,1,95,,36089,3,,,1,95,,36086,3,,,1,95,,36084,3,,,1,95,,36094,3,,,1,95,,36088,3,,,1,95,,36087,3,,,1,95,,36093,3,,,1,96,,36091,3,,,1,95,,36092,3,,,1,94,,36095,3,,,1,95,,36090,3,,,1,55,,36096,3,,,1
3801,'CPWeekday',512,,36120,3,,,1,30,,36128,3,,,1,66,,36121,3,,,1,28,,36118,3,,,1,68,,36111,3,,,1,30,,36110,3,,,1,71,,36119,3,,,1,30,,36130,3,,,1,72,,36125,3,,,1,35,,36113,3,,,1,75,,36109,3,,,1,39,,36105,3,,,1,80,,36132,3,,,1,80,,36124,3,,,1,40,,36112,3,,,1,70,,36106,3,,,1,26,,36104,3,,,1,66,,36103,3,,,1,31,,36129,3,,,1,70,,36122,3,,,1,30,,36101,3,,,1,68,,36117,3,,,1,28,,36108,3,,,1,70,,36100,3,,,1,30,,36102,3,,,1,69,,36131,3,,,1,28,,36123,3,,,1,68,,36098,3,,,1,28,,36116,3,,,1,70,,36107,3,,,1,40,,36097,3,,,1,90,,36126,3,,,1,90,,36114,3,,,1,86,,36099,3,,,1,86,,36127,3,,,1,41,,36115,3,,,1
3900,'CPHoliday1',549,,36153,3,,,1,78,,36147,3,,,1,78,,36142,3,,,1,38,,36138,3,,,1,80,,36154,3,,,1,82,,36145,3,,,1,42,,36143,3,,,1,82,,36137,3,,,1,82,,36152,3,,,1,44,,36146,3,,,1,85,,36139,3,,,1,85,,36136,3,,,1,85,,36155,3,,,1,45,,36149,3,,,1,85,,36140,3,,,1,85,,36135,3,,,1,85,,36156,3,,,1,45,,36148,3,,,1,85,,36141,3,,,1,84,,36134,3,,,1,84,,36151,3,,,1,42,,36150,3,,,1,82,,36144,3,,,1,75,,36133,3,,,1
3900,'CPSaturday',752,,36161,3,,,1,282,,36160,3,,,1,298,,36159,3,,,1,270,,36162,3,,,1,30,,36158,3,,,1,270,,36163,3,,,1,30,,36157,3,,,1,215,,36164,3,,,1
3900,'CPSunday',549,,36185,3,,,1,78,,36179,3,,,1,78,,36174,3,,,1,38,,36170,3,,,1,80,,36186,3,,,1,82,,36177,3,,,1,42,,36175,3,,,1,82,,36169,3,,,1,82,,36184,3,,,1,44,,36178,3,,,1,85,,36171,3,,,1,85,,36168,3,,,1,85,,36187,3,,,1,45,,36181,3,,,1,85,,36172,3,,,1,85,,36167,3,,,1,85,,36188,3,,,1,45,,36180,3,,,1,85,,36173,3,,,1,84,,36166,3,,,1,84,,36183,3,,,1,42,,36182,3,,,1,82,,36176,3,,,1,75,,36165,3,,,1
3900,'MASaturday',547,,36212,3,,,1,65,,36211,3,,,1,25,,36205,3,,,1,65,,36204,3,,,1,25,,36215,3,,,1,91,,36206,3,,,1,26,,36199,3,,,1,66,,36197,3,,,1,28,,36198,3,,,1,68,,36214,3,,,1,96,,36210,3,,,1,30,,36200,3,,,1,70,,36194,3,,,1,30,,36192,3,,,1,70,,36213,3,,,1,100,,36209,3,,,1,30,,36203,3,,,1,70,,36195,3,,,1,30,,36190,3,,,1,170,,36207,3,,,1,30,,36202,3,,,1,70,,36193,3,,,1,30,,36189,3,,,1,170,,36208,3,,,1,28,,36201,3,,,1,26,,36196,3,,,1,66,,36191,3,,,1
3900,'MAWeekday',506,,36217,3,,,1,21,,36218,3,,,1,21,,36219,3,,,1,59,,36220,3,,,1,18,,36221,3,,,1,18,,36222,3,,,1,59,,36223,3,,,1,20,,36224,3,,,1,22,,36225,3,,,1,63,,36226,3,,,1,24,,36227,3,,,1,70,,36228,3,,,1,38,,36229,3,,,1,77,,36230,3,,,1,38,,36231,3,,,1,77,,36232,3,,,1,77,,36233,3,,,1,35,,36234,3,,,1,74,,36235,3,,,1,26,,36236,3,,,1,66,,36237,3,,,1,18,,36238,3,,,1,18,,36239,3,,,1,61,,36240,3,,,1,22,,36241,3,,,1,18,,36242,3,,,1,58,,36243,3,,,1,18,,36244,3,,,1,19,,36245,3,,,1,62,,36246,3,,,1,22,,36247,3,,,1,22,,36248,3,,,1,63,,36249,3,,,1,23,,36250,3,,,1,23,,36251,3,,,1,63,,36252,3,,,1,19,,36253,3,,,1,76,,36254,3,,,1,42,,36255,3,,,1,82,,36256,3,,,1,82,,36257,3,,,1,37,,36258,3,,,1,75,,36259,3,,,1,74,,36260,3,,,1,35,,36261,3,,,1,74,,36262,3,,,1
4301,'CPWeekday',1421,,36947,3,,,1,80,,36945,3,,,1,40,,36950,3,,,1,80,,36952,3,,,1,80,,36948,3,,,1,42,,36946,3,,,1,82,,36951,3,,,1,82,,36953,3,,,1,40,,36949,3,,,1
4601,'CPHoliday1',721,,37543,3,,,1,80,,37544,3,,,1,41,,37545,3,,,1,80,,37546,3,,,1,80,,37547,3,,,1,40,,37548,3,,,1,80,,37549,3,,,1,80,,37550,3,,,1,40,,37551,3,,,1,82,,37552,3,,,1,82,,37553,3,,,1,42,,37554,3,,,1,82,,37555,3,,,1,84,,37556,3,,,1,42,,37557,3,,,1,82,,37558,3,,,1,82,,37559,3,,,1,82,,37560,3,,,1,42,,37561,3,,,1,84,,37562,3,,,1,86,,37563,3,,,1
4601,'CPSaturday',631,,37564,3,,,1,81,,37565,3,,,1,40,,37566,3,,,1,80,,37567,3,,,1,80,,37568,3,,,1,42,,37569,3,,,1,82,,37570,3,,,1,82,,37571,3,,,1,82,,37572,3,,,1,42,,37573,3,,,1,82,,37574,3,,,1,82,,37575,3,,,1,44,,37576,3,,,1,84,,37577,3,,,1,84,,37578,3,,,1,84,,37579,3,,,1,44,,37580,3,,,1,84,,37581,3,,,1,84,,37582,3,,,1,44,,37583,3,,,1,82,,37584,3,,,1,82,,37585,3,,,1,80,,37586,3,,,1
4601,'CPSunday',721,,37587,3,,,1,80,,37588,3,,,1,41,,37589,3,,,1,80,,37590,3,,,1,80,,37591,3,,,1,40,,37592,3,,,1,80,,37593,3,,,1,80,,37594,3,,,1,40,,37595,3,,,1,82,,37596,3,,,1,82,,37597,3,,,1,42,,37598,3,,,1,82,,37599,3,,,1,84,,37600,3,,,1,42,,37601,3,,,1,82,,37602,3,,,1,82,,37603,3,,,1,82,,37604,3,,,1,42,,37605,3,,,1,84,,37606,3,,,1,86,,37607,3,,,1
4601,'CPWeekday',416,,37633,3,,,1,85,,37634,3,,,1,40,,37628,3,,,1,81,,37635,3,,,1,82,,37636,3,,,1,44,,37629,3,,,1,86,,37630,3,,,1,86,,37632,3,,,1,86,,37631,3,,,1,46,,37611,3,,,1,84,,37612,3,,,1,84,,37608,3,,,1,84,,37610,3,,,1,44,,37613,3,,,1,86,,37614,3,,,1,86,,37618,3,,,1,88,,37609,3,,,1,48,,37615,3,,,1,88,,37626,3,,,1,88,,37625,3,,,1,86,,37623,3,,,1,86,,37619,3,,,1,44,,37624,3,,,1,82,,37616,3,,,1,82,,37617,3,,,1,42,,37621,3,,,1,80,,37627,3,,,1,79,,37620,3,,,1,40,,37622,3,,,1
9001,'CPWeekday',437,,39779,3,,,1,65,,39780,3,,,1,25,,39781,3,,,1,30,,39782,3,,,1,70,,39783,3,,,1,30,,39784,3,,,1,70,,39785,3,,,1,30,,39786,3,,,1,70,,39787,3,,,1,28,,39788,3,,,1,90,,39789,3,,,1,90,,39790,3,,,1,90,,39791,3,,,1,90,,39792,3,,,1,90,,39793,3,,,1,50,,39794,3,,,1,72,,39795,3,,,1,30,,39796,3,,,1,70,,39797,3,,,1,30,,39798,3,,,1,70,,39799,3,,,1,30,,39800,3,,,1,70,,39801,3,,,1,30,,39802,3,,,1,70,,39803,3,,,1,30,,39804,3,,,1,70,,39805,3,,,1,32,,39806,3,,,1,74,,39807,3,,,1,86,,39808,3,,,1,85,,39809,3,,,1,47,,39810,3,,,1,84,,39811,3,,,1
37401,'CPWeekday',726,,41805,3,,,1
