700,'CPSunday',2229,,16240,36,,,1
700,'CPWeekday',302,,16241,36,,,1,42,,16242,36,,,1,83,,16243,36,,,1,82,,16244,36,,,1
700,'MASaturday',425,,16355,36,,,1,25,,16354,36,,,1,64,,16353,36,,,1,26,,16352,36,,,1,62,,16351,36,,,1,23,,16350,36,,,1,22,,16349,36,,,1,63,,16348,36,,,1,23,,16347,36,,,1,25,,16346,36,,,1,67,,16345,36,,,1,27,,16344,36,,,1,66,,16338,36,,,1,25,,16337,36,,,1,65,,16335,36,,,1,25,,16332,36,,,1,25,,16333,36,,,1,65,,16334,36,,,1,27,,16339,36,,,1,68,,16331,36,,,1,29,,16330,36,,,1,69,,16324,36,,,1,27,,16329,36,,,1,67,,16323,36,,,1,21,,16322,36,,,1,21,,16341,36,,,1,61,,16328,36,,,1,23,,16321,36,,,1,22,,16318,36,,,1,58,,16316,36,,,1,20,,16319,36,,,1,20,,16314,36,,,1,61,,16313,36,,,1,22,,16340,36,,,1,61,,16325,36,,,1,22,,16312,36,,,1,22,,16310,36,,,1,62,,16311,36,,,1,19,,16317,36,,,1,19,,16308,36,,,1,59,,16306,36,,,1,19,,16342,36,,,1,18,,16326,36,,,1,19,,16309,36,,,1,60,,16303,36,,,1,18,,16302,36,,,1,19,,16320,36,,,1,60,,16307,36,,,1,20,,16301,36,,,1,20,,16343,36,,,1,58,,16327,36,,,1,20,,16304,36,,,1,17,,16299,36,,,1,57,,16300,36,,,1,19,,16315,36,,,1,18,,16305,36,,,1,59,,16298,36,,,1,17,,16336,36,,,1,18,,16356,36,,,1
700,'MASunday',459,,16393,36,,,1,61,,16406,36,,,1,23,,16389,36,,,1,62,,16384,36,,,1,21,,16383,36,,,1,22,,16399,36,,,1,64,,16382,36,,,1,23,,16408,36,,,1,23,,16390,36,,,1,63,,16381,36,,,1,23,,16378,36,,,1,63,,16400,36,,,1,23,,16379,36,,,1,24,,16407,36,,,1,65,,16391,36,,,1,25,,16373,36,,,1,65,,16372,36,,,1,24,,16401,36,,,1,25,,16380,36,,,1,64,,16405,36,,,1,24,,16392,36,,,1,64,,16371,36,,,1,25,,16366,36,,,1,65,,16398,36,,,1,22,,16365,36,,,1,21,,16377,36,,,1,61,,16404,36,,,1,22,,16385,36,,,1,21,,16368,36,,,1,60,,16362,36,,,1,22,,16395,36,,,1,22,,16360,36,,,1,62,,16374,36,,,1,22,,16402,36,,,1,22,,16387,36,,,1,60,,16369,36,,,1,20,,16361,36,,,1,21,,16394,36,,,1,61,,16357,36,,,1,21,,16376,36,,,1,62,,16403,36,,,1,21,,16386,36,,,1,23,,16370,36,,,1,62,,16363,36,,,1,20,,16396,36,,,1,21,,16358,36,,,1,60,,16375,36,,,1,38,,16388,36,,,1,58,,16367,36,,,1,20,,16364,36,,,1,19,,16397,36,,,1,59,,16359,36,,,1,20,,16409,36,,,1
700,'MAWeekday',534,,16410,36,,,1,24,,16411,36,,,1,65,,16412,36,,,1,25,,16413,36,,,1,62,,16414,36,,,1,22,,16415,36,,,1,20,,16416,36,,,1,64,,16417,36,,,1,24,,16418,36,,,1,66,,16419,36,,,1,24,,16420,36,,,1,28,,16421,36,,,1,68,,16422,36,,,1,30,,16423,36,,,1,65,,16424,36,,,1,25,,16425,36,,,1,65,,16426,36,,,1,26,,16427,36,,,1,65,,16428,36,,,1,20,,16429,36,,,1,21,,16430,36,,,1,62,,16431,36,,,1,25,,16432,36,,,1,25,,16433,36,,,1,67,,16434,36,,,1,26,,16435,36,,,1,65,,16436,36,,,1,25,,16437,36,,,1,66,,16438,36,,,1,24,,16439,36,,,1,25,,16440,36,,,1,63,,16441,36,,,1,25,,16442,36,,,1,66,,16443,36,,,1,25,,16444,36,,,1,24,,16445,36,,,1,64,,16446,36,,,1,24,,16447,36,,,1,61,,16448,36,,,1,22,,16449,36,,,1,24,,16450,36,,,1,73,,16451,36,,,1,27,,16452,36,,,1,65,,16453,36,,,1,28,,16454,36,,,1,74,,16455,36,,,1,34,,16456,36,,,1,71,,16457,36,,,1,29,,16458,36,,,1,69,,16459,36,,,1
701,'CPSunday',2322,,16461,18,,,1
701,'CPWeekday',225,,16463,18,,,1,81,,16465,18,,,1,40,,16462,18,,,1,83,,16464,18,,,1
701,'MASaturday',417,,16576,18,,,1,21,,16575,18,,,1,62,,16574,18,,,1,22,,16573,18,,,1,22,,16572,18,,,1,64,,16571,18,,,1,25,,16570,18,,,1,24,,16568,18,,,1,65,,16569,18,,,1,23,,16567,18,,,1,63,,16566,18,,,1,22,,16565,18,,,1,24,,16560,18,,,1,66,,16561,18,,,1,27,,16556,18,,,1,67,,16562,18,,,1,26,,16555,18,,,1,66,,16554,18,,,1,26,,16553,18,,,1,27,,16552,18,,,1,66,,16551,18,,,1,20,,16550,18,,,1,60,,16557,18,,,1,20,,16546,18,,,1,20,,16544,18,,,1,60,,16542,18,,,1,20,,16543,18,,,1,20,,16541,18,,,1,62,,16540,18,,,1,22,,16539,18,,,1,23,,16558,18,,,1,63,,16547,18,,,1,23,,16535,18,,,1,62,,16534,18,,,1,20,,16533,18,,,1,20,,16536,18,,,1,19,,16532,18,,,1,59,,16531,18,,,1,20,,16559,18,,,1,19,,16545,18,,,1,62,,16530,18,,,1,21,,16529,18,,,1,62,,16526,18,,,1,21,,16537,18,,,1,20,,16527,18,,,1,60,,16524,18,,,1,19,,16564,18,,,1,19,,16549,18,,,1,59,,16523,18,,,1,19,,16522,18,,,1,19,,16521,18,,,1,19,,16538,18,,,1,59,,16528,18,,,1,19,,16520,18,,,1,18,,16563,18,,,1,59,,16548,18,,,1,19,,16525,18,,,1,17,,16519,18,,,1,58,,16577,18,,,1
701,'MASunday',423,,16615,18,,,1,80,,16614,18,,,1,22,,16616,18,,,1,22,,16605,18,,,1,62,,16624,18,,,1,23,,16606,18,,,1,23,,16604,18,,,1,63,,16603,18,,,1,24,,16619,18,,,1,63,,16602,18,,,1,23,,16628,18,,,1,23,,16607,18,,,1,63,,16595,18,,,1,24,,16594,18,,,1,63,,16618,18,,,1,23,,16598,18,,,1,23,,16627,18,,,1,64,,16608,18,,,1,24,,16589,18,,,1,66,,16587,18,,,1,25,,16620,18,,,1,22,,16586,18,,,1,59,,16597,18,,,1,19,,16626,18,,,1,21,,16609,18,,,1,60,,16590,18,,,1,23,,16585,18,,,1,23,,16617,18,,,1,63,,16581,18,,,1,23,,16599,18,,,1,20,,16625,18,,,1,60,,16610,18,,,1,20,,16588,18,,,1,62,,16582,18,,,1,23,,16621,18,,,1,23,,16580,18,,,1,63,,16596,18,,,1,23,,16630,18,,,1,22,,16613,18,,,1,61,,16591,18,,,1,20,,16583,18,,,1,21,,16622,18,,,1,61,,16579,18,,,1,21,,16600,18,,,1,61,,16629,18,,,1,22,,16612,18,,,1,21,,16592,18,,,1,60,,16584,18,,,1,20,,16623,18,,,1,19,,16578,18,,,1,60,,16601,18,,,1,40,,16611,18,,,1,59,,16593,18,,,1
701,'MAWeekday',453,,16631,18,,,1,60,,16632,18,,,1,19,,16633,18,,,1,19,,16634,18,,,1,60,,16635,18,,,1,23,,16636,18,,,1,22,,16637,18,,,1,64,,16638,18,,,1,26,,16639,18,,,1,67,,16640,18,,,1,26,,16641,18,,,1,19,,16642,18,,,1,60,,16643,18,,,1,22,,16644,18,,,1,64,,16645,18,,,1,23,,16646,18,,,1,26,,16647,18,,,1,70,,16648,18,,,1,30,,16649,18,,,1,65,,16650,18,,,1,26,,16651,18,,,1,65,,16652,18,,,1,25,,16653,18,,,1,25,,16654,18,,,1,63,,16655,18,,,1,24,,16656,18,,,1,64,,16657,18,,,1,24,,16658,18,,,1,66,,16659,18,,,1,25,,16660,18,,,1,26,,16661,18,,,1,66,,16662,18,,,1,26,,16663,18,,,1,64,,16664,18,,,1,25,,16665,18,,,1,25,,16666,18,,,1,63,,16667,18,,,1,24,,16668,18,,,1,62,,16669,18,,,1,26,,16670,18,,,1,25,,16671,18,,,1,64,,16672,18,,,1,25,,16673,18,,,1,73,,16674,18,,,1,34,,16675,18,,,1,73,,16676,18,,,1,76,,16677,18,,,1,33,,16678,18,,,1,74,,16679,18,,,1,31,,16680,18,,,1
