1000,'CPHoliday1',839,,31045,69,,,1,72,,31044,69,,,1,32,,31043,69,,,1,73,,31042,69,,,1,33,,31041,69,,,1,74,,31040,69,,,1,36,,31039,69,,,1,76,,31038,69,,,1,74,,31037,69,,,1,35,,31036,69,,,1,76,,31035,69,,,1,37,,31034,69,,,1,77,,31033,69,,,1,75,,31032,69,,,1,35,,31031,69,,,1,75,,31030,69,,,1,36,,31026,69,,,1,73,,31028,69,,,1,74,,31025,69,,,1,35,,31024,69,,,1,73,,31023,69,,,1,34,,31029,69,,,1,74,,31022,69,,,1,34,,31020,69,,,1,73,,31019,69,,,1,31,,31027,69,,,1,72,,31021,69,,,1,30,,31018,69,,,1,68,,31046,69,,,1,28,,31047,69,,,1,68,,31048,69,,,1
1000,'CPSaturday',651,,31089,69,,,1,65,,31086,69,,,1,25,,31084,69,,,1,65,,31088,69,,,1,25,,31087,69,,,1,26,,31085,69,,,1,67,,31082,69,,,1,27,,31083,69,,,1,67,,31080,69,,,1,27,,31081,69,,,1,68,,31079,69,,,1,28,,31078,69,,,1,68,,31077,69,,,1,28,,31076,69,,,1,70,,31075,69,,,1,30,,31074,69,,,1,68,,31073,69,,,1,29,,31072,69,,,1,70,,31071,69,,,1,29,,31070,69,,,1,70,,31069,69,,,1,29,,31068,69,,,1,27,,31063,69,,,1,69,,31062,69,,,1,29,,31058,69,,,1,68,,31066,69,,,1,28,,31057,69,,,1,67,,31056,69,,,1,28,,31059,69,,,1,68,,31053,69,,,1,25,,31067,69,,,1,65,,31054,69,,,1,26,,31050,69,,,1,26,,31060,69,,,1,67,,31052,69,,,1,26,,31065,69,,,1,65,,31055,69,,,1,25,,31049,69,,,1,63,,31061,69,,,1,24,,31051,69,,,1,23,,31064,69,,,1
1000,'CPSunday',839,,31117,69,,,1,72,,31116,69,,,1,32,,31115,69,,,1,73,,31114,69,,,1,33,,31113,69,,,1,74,,31112,69,,,1,36,,31111,69,,,1,76,,31110,69,,,1,74,,31109,69,,,1,35,,31108,69,,,1,76,,31107,69,,,1,37,,31106,69,,,1,77,,31105,69,,,1,75,,31104,69,,,1,35,,31103,69,,,1,75,,31102,69,,,1,36,,31098,69,,,1,73,,31100,69,,,1,74,,31097,69,,,1,35,,31096,69,,,1,73,,31095,69,,,1,34,,31101,69,,,1,74,,31094,69,,,1,34,,31092,69,,,1,73,,31091,69,,,1,31,,31099,69,,,1,72,,31093,69,,,1,30,,31090,69,,,1
1000,'CPWeekday',551,,31164,69,,,1,61,,31163,69,,,1,22,,31165,69,,,1,68,,31166,69,,,1,23,,31162,69,,,1,26,,31161,69,,,1,66,,31160,69,,,1,26,,31158,69,,,1,65,,31159,69,,,1,26,,31157,69,,,1,25,,31156,69,,,1,66,,31154,69,,,1,25,,31155,69,,,1,64,,31153,69,,,1,24,,31152,69,,,1,65,,31151,69,,,1,25,,31150,69,,,1,25,,31149,69,,,1,66,,31148,69,,,1,26,,31147,69,,,1,65,,31146,69,,,1,27,,31145,69,,,1,67,,31143,69,,,1,26,,31144,69,,,1,27,,31137,69,,,1,65,,31134,69,,,1,21,,31133,69,,,1,61,,31141,69,,,1,21,,31132,69,,,1,23,,31130,69,,,1,64,,31128,69,,,1,23,,31129,69,,,1,65,,31127,69,,,1,19,,31125,69,,,1,19,,31140,69,,,1,21,,31136,69,,,1,60,,31124,69,,,1,20,,31123,69,,,1,62,,31126,69,,,1,23,,31122,69,,,1,34,,31138,69,,,1,68,,31135,69,,,1,32,,31119,69,,,1,73,,31120,69,,,1,69,,31139,69,,,1,30,,31131,69,,,1,29,,31118,69,,,1,69,,31121,69,,,1,25,,31142,69,,,1
3800,'CPHoliday1',841,,35935,70,,,1,93,,35946,70,,,1,94,,35936,70,,,1,91,,35937,70,,,1,98,,35942,70,,,1,97,,35939,70,,,1,96,,35938,70,,,1,95,,35945,70,,,1,97,,35940,70,,,1,55,,35944,70,,,1,94,,35941,70,,,1,94,,35943,70,,,1,93,,35947,70,,,1,92,,35949,70,,,1,88,,35948,70,,,1
3800,'CPSaturday',729,,35964,70,,,1,78,,35965,70,,,1,30,,35966,70,,,1,73,,35967,70,,,1,31,,35968,70,,,1,71,,35969,70,,,1,33,,35970,70,,,1,74,,35971,70,,,1,31,,35972,70,,,1,74,,35973,70,,,1,34,,35974,70,,,1,74,,35975,70,,,1,75,,35976,70,,,1,34,,35977,70,,,1,77,,35978,70,,,1,35,,35979,70,,,1,75,,35980,70,,,1,76,,35981,70,,,1,34,,35950,70,,,1,73,,35951,70,,,1,34,,35952,70,,,1,73,,35953,70,,,1,33,,35954,70,,,1,70,,35955,70,,,1,31,,35956,70,,,1,72,,35957,70,,,1,32,,35958,70,,,1,69,,35959,70,,,1,30,,35960,70,,,1,68,,35961,70,,,1,27,,35962,70,,,1,63,,35963,70,,,1
3800,'CPSunday',841,,35982,70,,,1,93,,35993,70,,,1,94,,35983,70,,,1,91,,35984,70,,,1,98,,35989,70,,,1,97,,35986,70,,,1,96,,35985,70,,,1,95,,35992,70,,,1,97,,35987,70,,,1,55,,35991,70,,,1,94,,35988,70,,,1,94,,35990,70,,,1,93,,35994,70,,,1,92,,35996,70,,,1,88,,35995,70,,,1
3800,'CPWeekday',506,,36028,9,,,1,21,,36032,77,,,1,31,,36021,77,,,1,63,,36020,77,,,1,30,,36018,77,,,1,68,,36017,77,,,1,29,,36019,77,,,1,74,,36029,77,,,1,32,,36023,77,,,1,75,,36012,77,,,1,75,,36010,77,,,1,38,,36009,77,,,1,78,,36033,77,,,1,80,,36024,77,,,1,38,,36011,77,,,1,77,,36006,77,,,1,36,,36005,77,,,1,75,,36030,77,,,1,78,,36025,77,,,1,16,,36004,77,,,1,36,,36015,77,,,1,73,,36007,77,,,1,30,,36002,77,,,1,69,,36003,77,,,1,28,,36034,77,,,1,67,,36026,77,,,1,30,,36001,77,,,1,67,,36016,77,,,1,31,,36008,77,,,1,69,,35998,77,,,1,34,,36031,77,,,1,73,,36022,77,,,1,25,,35997,77,,,1,66,,36013,77,,,1,84,,35999,77,,,1,44,,36027,77,,,1,83,,36014,77,,,1,81,,36000,77,,,1
3901,'CPHoliday1',809,,36282,75,,,1,41,,36277,75,,,1,80,,36271,75,,,1,82,,36268,75,,,1,44,,36283,75,,,1,83,,36280,75,,,1,85,,36272,75,,,1,86,,36267,75,,,1,45,,36284,75,,,1,84,,36278,75,,,1,85,,36273,75,,,1,86,,36266,75,,,1,45,,36285,75,,,1,85,,36279,75,,,1,85,,36274,75,,,1,82,,36265,75,,,1,43,,36286,75,,,1,80,,36275,75,,,1,81,,36270,75,,,1,42,,36264,75,,,1,78,,36281,75,,,1,80,,36276,75,,,1,36,,36269,75,,,1,70,,36263,75,,,1
3901,'CPSaturday',1022,,36291,75,,,1,295,,36290,75,,,1,234,,36292,75,,,1,68,,36289,75,,,1,225,,36293,75,,,1,70,,36288,75,,,1,219,,36294,75,,,1,26,,36287,75,,,1
3901,'CPSunday',809,,36314,75,,,1,41,,36309,75,,,1,80,,36303,75,,,1,82,,36300,75,,,1,44,,36315,75,,,1,83,,36312,75,,,1,85,,36304,75,,,1,86,,36299,75,,,1,45,,36316,75,,,1,84,,36310,75,,,1,85,,36305,75,,,1,86,,36298,75,,,1,45,,36317,75,,,1,85,,36311,75,,,1,85,,36306,75,,,1,82,,36297,75,,,1,43,,36318,75,,,1,80,,36307,75,,,1,81,,36302,75,,,1,42,,36296,75,,,1,78,,36313,75,,,1,80,,36308,75,,,1,36,,36301,75,,,1,70,,36295,75,,,1
3901,'MASaturday',802,,36339,75,,,1,27,,36335,75,,,1,27,,36334,75,,,1,67,,36328,75,,,1,31,,36343,75,,,1,96,,36336,75,,,1,69,,36331,75,,,1,28,,36327,75,,,1,70,,36325,75,,,1,30,,36342,75,,,1,98,,36337,75,,,1,73,,36332,75,,,1,32,,36323,75,,,1,71,,36319,75,,,1,127,,36338,75,,,1,70,,36329,75,,,1,29,,36324,75,,,1,67,,36320,75,,,1,127,,36340,75,,,1,67,,36330,75,,,1,29,,36322,75,,,1,68,,36321,75,,,1,116,,36341,75,,,1,22,,36333,75,,,1,59,,36326,75,,,1
3901,'MAWeekday',533,,36344,76,,,1,17,,36345,76,,,1,58,,36346,76,,,1,19,,36347,76,,,1,17,,36348,76,,,1,59,,36349,76,,,1,23,,36350,76,,,1,25,,36351,76,,,1,65,,36352,76,,,1,26,,36353,76,,,1,62,,36354,76,,,1,20,,36355,76,,,1,17,,36356,76,,,1,59,,36357,76,,,1,18,,36358,76,,,1,23,,36359,75,,,1,73,,36360,75,,,1,35,,36361,75,,,1,75,,36362,75,,,1,32,,36363,75,,,1,74,,36364,75,,,1,77,,36365,75,,,1,43,,36366,75,,,1,68,,36367,76,,,1,25,,36368,76,,,1,60,,36369,76,,,1,23,,36370,76,,,1,24,,36371,76,,,1,60,,36372,76,,,1,23,,36373,76,,,1,21,,36374,76,,,1,62,,36375,76,,,1,17,,36376,76,,,1,15,,36377,76,,,1,56,,36378,76,,,1,17,,36379,76,,,1,19,,36380,76,,,1,18,,36381,76,,,1,60,,36382,76,,,1,19,,36383,75,,,1,20,,36384,75,,,1,71,,36385,75,,,1,79,,36386,75,,,1,35,,36387,75,,,1,78,,36388,75,,,1,37,,36389,75,,,1,76,,36390,75,,,1,74,,36391,75,,,1,38,,36392,75,,,1
4300,'CPWeekday',548,,36936,67,,,1,82,,36943,67,,,1,81,,36939,67,,,1,40,,36941,67,,,1,80,,36937,67,,,1,80,,36944,67,,,1,37,,36940,67,,,1,76,,36942,67,,,1,80,,36938,67,,,1
4500,'CPHoliday1',846,,37208,45,,,1,75,,37209,45,,,1,35,,37210,45,,,1,77,,37211,45,,,1,76,,37212,45,,,1,37,,37213,45,,,1,81,,37214,45,,,1,81,,37215,45,,,1,41,,37216,45,,,1,80,,37217,45,,,1,81,,37218,45,,,1,40,,37219,45,,,1,80,,37220,45,,,1,80,,37221,45,,,1,40,,37222,45,,,1,76,,37223,45,,,1,80,,37224,45,,,1,40,,37225,45,,,1,79,,37226,45,,,1,78,,37227,45,,,1,38,,37228,45,,,1,75,,37229,45,,,1,35,,37230,45,,,1
4500,'CPSaturday',714,,37231,45,,,1,35,,37232,45,,,1,76,,37233,45,,,1,76,,37234,45,,,1,40,,37235,45,,,1,80,,37236,45,,,1,81,,37237,45,,,1,41,,37238,45,,,1,80,,37239,45,,,1,83,,37240,45,,,1,44,,37241,45,,,1,83,,37242,45,,,1,83,,37243,45,,,1,43,,37244,45,,,1,82,,37245,45,,,1,82,,37246,45,,,1,82,,37247,45,,,1,40,,37248,45,,,1,79,,37249,45,,,1,79,,37250,45,,,1,38,,37251,45,,,1,76,,37252,45,,,1,38,,37253,45,,,1,74,,37254,45,,,1,83,,37255,45,,,1
4500,'CPSunday',846,,37256,45,,,1,75,,37257,45,,,1,35,,37258,45,,,1,77,,37259,45,,,1,76,,37260,45,,,1,37,,37261,45,,,1,81,,37262,45,,,1,81,,37263,45,,,1,41,,37264,45,,,1,80,,37265,45,,,1,81,,37266,45,,,1,40,,37267,45,,,1,80,,37268,45,,,1,80,,37269,45,,,1,40,,37270,45,,,1,76,,37271,45,,,1,80,,37272,45,,,1,40,,37273,45,,,1,79,,37274,45,,,1,78,,37275,45,,,1,38,,37276,45,,,1,75,,37277,45,,,1,35,,37278,45,,,1
4500,'CPWeekday',536,,37280,45,,,1,82,,37281,45,,,1,16,,37282,41,0,11 22 12 13 14 23,1,16,,37283,45,,,1,58,,37284,41,0,11 22 12 13 14 23,1,24,,37285,45,,,1,17,,37286,41,0,11 22 12 13 14 23,1,66,,37287,45,,,1,18,,37288,41,0,11 22 12 13 14 23,1,20,,37289,45,,,1,56,,37290,41,0,11 22 12 13 14 23,1,18,,37291,45,,,1,23,,37292,41,0,11 22 12 13 14 23,1,61,,37293,45,,,1,18,,37294,45,,,1,23,,37295,45,,,1,72,,37296,45,,,1,31,,37297,45,,,1,71,,37298,45,,,1,33,,37299,45,,,1,72,,37300,45,,,1,71,,37301,45,,,1,36,,37302,45,,,1,65,,37303,41,0,11 22 12 13 14 23,1,24,,37304,45,,,1,13,,37305,41,0,11 22 12 13 14 23,1,62,,37306,45,,,1,16,,37307,41,0,11 22 12 13 14 23,1,24,,37308,45,,,1,17,,37309,41,0,11 22 12 13 14 23,1,61,,37310,45,,,1,15,,37311,41,0,11 22 12 13 14 23,1,10,,37279,45,,,1,11,,37312,45,,,1,52,,37313,41,0,11 22 12 13 14 23,1,21,,37314,45,,,1,16,,37315,41,0,11 22 12 13 14 23,1,58,,37316,45,,,1,18,,37317,41,0,11 22 12 13 14 23,1,21,,37318,45,,,1,62,,37319,45,,,1,21,,37320,45,,,1,21,,37321,45,,,1,60,,37322,45,,,1,21,,37323,45,,,1,27,,37324,45,,,1,66,,37325,45,,,1,26,,37326,45,,,1,68,,37327,45,,,1,28,,37328,45,,,1,68,,37329,45,,,1,28,,37330,45,,,1
4600,'CPHoliday1',827,,37451,32,,,1,80,,37452,32,,,1,41,,37453,32,,,1,80,,37454,32,,,1,80,,37455,32,,,1,40,,37456,32,,,1,80,,37457,32,,,1,80,,37458,32,,,1,42,,37459,32,,,1,82,,37460,32,,,1,83,,37461,32,,,1,44,,37462,32,,,1,82,,37463,32,,,1,82,,37464,32,,,1,82,,37465,32,,,1,42,,37466,32,,,1,82,,37467,32,,,1,84,,37468,32,,,1,43,,37469,32,,,1,80,,37470,32,,,1
4600,'CPSaturday',739,,37471,32,,,1,81,,37472,32,,,1,80,,37473,32,,,1,42,,37474,32,,,1,80,,37475,32,,,1,80,,37476,32,,,1,42,,37477,32,,,1,82,,37478,32,,,1,82,,37479,32,,,1,45,,37480,32,,,1,84,,37481,32,,,1,84,,37482,32,,,1,84,,37483,32,,,1,44,,37484,32,,,1,84,,37485,32,,,1,83,,37486,32,,,1,84,,37487,32,,,1,44,,37488,32,,,1,80,,37489,32,,,1,81,,37490,32,,,1,40,,37491,32,,,1,80,,37492,32,,,1,80,,37493,32,,,1
4600,'CPSunday',827,,37494,32,,,1,80,,37495,32,,,1,41,,37496,32,,,1,80,,37497,32,,,1,80,,37498,32,,,1,40,,37499,32,,,1,80,,37500,32,,,1,80,,37501,32,,,1,42,,37502,32,,,1,82,,37503,32,,,1,83,,37504,32,,,1,44,,37505,32,,,1,82,,37506,32,,,1,82,,37507,32,,,1,82,,37508,32,,,1,42,,37509,32,,,1,82,,37510,32,,,1,84,,37511,32,,,1,43,,37512,32,,,1,80,,37513,32,,,1
4600,'CPWeekday',518,,37540,32,,,1,92,,37539,32,,,1,41,,37535,32,,,1,83,,37541,32,,,1,86,,37536,32,,,1,88,,37538,32,,,1,44,,37542,32,,,1,84,,37537,32,,,1,84,,37519,32,,,1,84,,37530,32,,,1,44,,37527,32,,,1,86,,37531,32,,,1,85,,37526,32,,,1,87,,37528,32,,,1,48,,37529,32,,,1,88,,37532,32,,,1,88,,37523,32,,,1,86,,37521,32,,,1,86,,37533,32,,,1,46,,37520,32,,,1,82,,37534,32,,,1,82,,37522,32,,,1,43,,37524,32,,,1,82,,37525,32,,,1,81,,37514,32,,,1,38,,37517,32,,,1,80,,37516,32,,,1,78,,37515,32,,,1,37,,37518,32,,,1
9001,'CPWeekday',453,,39779,22,,,1,66,,39780,22,,,1,25,,39781,22,,,1,73,,39782,22,,,1,30,,39783,22,,,1,72,,39784,22,,,1,30,,39785,22,,,1,70,,39786,22,,,1,30,,39787,22,,,1,67,,39788,22,,,1,89,,39789,22,,,1,50,,39790,22,,,1,90,,39791,22,,,1,90,,39792,22,,,1,91,,39793,22,,,1,92,,39794,22,,,1,32,,39795,22,,,1,70,,39796,22,,,1,30,,39797,22,,,1,70,,39798,22,,,1,30,,39799,22,,,1,70,,39800,22,,,1,30,,39801,22,,,1,70,,39802,22,,,1,30,,39803,22,,,1,68,,39804,22,,,1,30,,39805,22,,,1,71,,39806,22,,,1,33,,39807,22,,,1,84,,39808,22,,,1,84,,39809,22,,,1,87,,39810,22,,,1,44,,39811,22,,,1
37400,'CPWeekday',1403,,41804,19,,,1
37600,'CPWeekday',1425,,41808,40,,,1
