3801,'CPHoliday1',809,,36037,4,,,1,50,,36035,4,,,1,95,,36041,4,,,1,95,,36038,4,,,1,95,,36036,4,,,1,95,,36046,4,,,1,95,,36040,4,,,1,95,,36039,4,,,1,95,,36045,4,,,1,95,,36043,4,,,1,95,,36044,4,,,1,95,,36047,4,,,1,95,,36042,4,,,1,55,,36048,4,,,1
3801,'CPSaturday',603,,36049,4,,,1,25,,36050,4,,,1,25,,36051,4,,,1,70,,36052,4,,,1,30,,36053,4,,,1,70,,36054,4,,,1,30,,36055,4,,,1,71,,36056,4,,,1,32,,36057,4,,,1,72,,36058,4,,,1,74,,36059,4,,,1,34,,36060,4,,,1,74,,36061,4,,,1,34,,36062,4,,,1,74,,36063,4,,,1,34,,36064,4,,,1,74,,36065,4,,,1,74,,36066,4,,,1,34,,36067,4,,,1,74,,36068,4,,,1,35,,36069,4,,,1,75,,36070,4,,,1,35,,36071,4,,,1,75,,36072,4,,,1,74,,36073,4,,,1,34,,36074,4,,,1,72,,36075,4,,,1,32,,36076,4,,,1,70,,36077,4,,,1,30,,36078,4,,,1,70,,36079,4,,,1,27,,36080,4,,,1,68,,36081,4,,,1,28,,36082,4,,,1
3801,'CPSunday',809,,36085,4,,,1,50,,36083,4,,,1,95,,36089,4,,,1,95,,36086,4,,,1,95,,36084,4,,,1,95,,36094,4,,,1,95,,36088,4,,,1,95,,36087,4,,,1,95,,36093,4,,,1,95,,36091,4,,,1,95,,36092,4,,,1,95,,36095,4,,,1,95,,36090,4,,,1,55,,36096,4,,,1
3801,'CPWeekday',513,,36120,4,,,1,30,,36128,4,,,1,67,,36121,4,,,1,28,,36118,4,,,1,68,,36111,4,,,1,30,,36110,4,,,1,70,,36119,4,,,1,30,,36130,4,,,1,72,,36125,4,,,1,35,,36113,4,,,1,75,,36109,4,,,1,40,,36105,4,,,1,80,,36132,4,,,1,80,,36124,4,,,1,40,,36112,4,,,1,70,,36106,4,,,1,26,,36104,4,,,1,66,,36103,4,,,1,30,,36129,4,,,1,70,,36122,4,,,1,30,,36101,4,,,1,68,,36117,4,,,1,28,,36108,4,,,1,70,,36100,4,,,1,30,,36102,4,,,1,70,,36131,4,,,1,28,,36123,4,,,1,68,,36098,4,,,1,28,,36116,4,,,1,70,,36107,4,,,1,40,,36097,4,,,1,90,,36126,4,,,1,89,,36114,4,,,1,86,,36099,4,,,1,86,,36127,4,,,1,41,,36115,4,,,1
3900,'CPHoliday1',549,,36153,4,,,1,78,,36147,4,,,1,79,,36142,4,,,1,38,,36138,4,,,1,80,,36154,4,,,1,82,,36145,4,,,1,42,,36143,4,,,1,82,,36137,4,,,1,82,,36152,4,,,1,44,,36146,4,,,1,85,,36139,4,,,1,85,,36136,4,,,1,85,,36155,4,,,1,45,,36149,4,,,1,85,,36140,4,,,1,85,,36135,4,,,1,85,,36156,4,,,1,45,,36148,4,,,1,85,,36141,4,,,1,84,,36134,4,,,1,84,,36151,4,,,1,42,,36150,4,,,1,81,,36144,4,,,1,75,,36133,4,,,1
3900,'CPSaturday',753,,36161,4,,,1,282,,36160,4,,,1,298,,36159,4,,,1,270,,36162,4,,,1,30,,36158,4,,,1,270,,36163,4,,,1,30,,36157,4,,,1,214,,36164,4,,,1
3900,'CPSunday',549,,36185,4,,,1,78,,36179,4,,,1,79,,36174,4,,,1,38,,36170,4,,,1,80,,36186,4,,,1,82,,36177,4,,,1,42,,36175,4,,,1,82,,36169,4,,,1,82,,36184,4,,,1,44,,36178,4,,,1,85,,36171,4,,,1,85,,36168,4,,,1,85,,36187,4,,,1,45,,36181,4,,,1,85,,36172,4,,,1,85,,36167,4,,,1,85,,36188,4,,,1,45,,36180,4,,,1,85,,36173,4,,,1,84,,36166,4,,,1,84,,36183,4,,,1,42,,36182,4,,,1,81,,36176,4,,,1,75,,36165,4,,,1
3900,'MASaturday',547,,36212,4,,,1,65,,36211,4,,,1,26,,36205,4,,,1,65,,36204,4,,,1,25,,36215,4,,,1,91,,36206,4,,,1,26,,36199,4,,,1,66,,36197,4,,,1,28,,36198,4,,,1,68,,36214,4,,,1,96,,36210,4,,,1,30,,36200,4,,,1,70,,36194,4,,,1,30,,36192,4,,,1,70,,36213,4,,,1,100,,36209,4,,,1,30,,36203,4,,,1,70,,36195,4,,,1,30,,36190,4,,,1,170,,36207,4,,,1,30,,36202,4,,,1,70,,36193,4,,,1,30,,36189,4,,,1,170,,36208,4,,,1,27,,36201,4,,,1,26,,36196,4,,,1,66,,36191,4,,,1
3900,'MAWeekday',506,,36217,4,,,1,22,,36218,4,,,1,21,,36219,4,,,1,59,,36220,4,,,1,18,,36221,4,,,1,18,,36222,4,,,1,59,,36223,4,,,1,20,,36224,4,,,1,22,,36225,4,,,1,63,,36226,4,,,1,24,,36227,4,,,1,70,,36228,4,,,1,38,,36229,4,,,1,77,,36230,4,,,1,38,,36231,4,,,1,77,,36232,4,,,1,77,,36233,4,,,1,35,,36234,4,,,1,74,,36235,4,,,1,26,,36236,4,,,1,66,,36237,4,,,1,18,,36238,4,,,1,18,,36239,4,,,1,61,,36240,4,,,1,22,,36241,4,,,1,18,,36242,4,,,1,58,,36243,4,,,1,18,,36244,4,,,1,19,,36245,4,,,1,62,,36246,4,,,1,22,,36247,4,,,1,22,,36248,4,,,1,63,,36249,4,,,1,23,,36250,4,,,1,23,,36251,4,,,1,63,,36252,4,,,1,19,,36253,4,,,1,76,,36254,4,,,1,42,,36255,4,,,1,82,,36256,4,,,1,81,,36257,4,,,1,37,,36258,4,,,1,75,,36259,4,,,1,75,,36260,4,,,1,35,,36261,4,,,1,74,,36262,4,,,1
4301,'CPWeekday',1422,,36947,4,,,1,80,,36945,4,,,1,40,,36950,4,,,1,80,,36952,4,,,1,80,,36948,4,,,1,42,,36946,4,,,1,82,,36951,4,,,1,82,,36953,4,,,1,40,,36949,4,,,1
9001,'CPWeekday',437,,39779,4,,,1,65,,39780,4,,,1,25,,39781,4,,,1,30,,39782,4,,,1,70,,39783,4,,,1,30,,39784,4,,,1,70,,39785,4,,,1,30,,39786,4,,,1,70,,39787,4,,,1,28,,39788,4,,,1,90,,39789,4,,,1,91,,39790,4,,,1,90,,39791,4,,,1,90,,39792,4,,,1,90,,39793,4,,,1,50,,39794,4,,,1,72,,39795,4,,,1,30,,39796,4,,,1,70,,39797,4,,,1,30,,39798,4,,,1,70,,39799,4,,,1,30,,39800,4,,,1,70,,39801,4,,,1,30,,39802,4,,,1,70,,39803,4,,,1,30,,39804,4,,,1,70,,39805,4,,,1,72,,39806,4,,,1,33,,39807,4,,,1,86,,39808,4,,,1,85,,39809,4,,,1,47,,39810,4,,,1,84,,39811,4,,,1
