400,'CPHoliday1',836,,29469,41,,,1,80,,29470,41,,,1,40,,29471,41,,,1,80,,29472,41,,,1,86,,29473,41,,,1,87,,29474,41,,,1,45,,29475,41,,,1,86,,29476,41,,,1,85,,29477,41,,,1,85,,29478,41,,,1,45,,29479,41,,,1,85,,29480,41,,,1,84,,29481,41,,,1,83,,29482,41,,,1,44,,29483,41,,,1,84,,29484,41,,,1,82,,29485,41,,,1
400,'CPSaturday',653,,29486,41,,,1,82,,29487,41,,,1,80,,29488,41,,,1,86,,29489,41,,,1,45,,29490,41,,,1,87,,29491,41,,,1,85,,29492,41,,,1,87,,29493,41,,,1,45,,29494,41,,,1,85,,29495,41,,,1,87,,29496,41,,,1,85,,29497,41,,,1,46,,29498,41,,,1,85,,29499,41,,,1,82,,29500,41,,,1,83,,29501,41,,,1,45,,29502,41,,,1,84,,29503,41,,,1,84,,29504,41,,,1,86,,29505,41,,,1,43,,29506,41,,,1,85,,29507,41,,,1
400,'CPSunday',836,,29508,41,,,1,80,,29509,41,,,1,40,,29510,41,,,1,80,,29511,41,,,1,86,,29512,41,,,1,87,,29513,41,,,1,45,,29514,41,,,1,86,,29515,41,,,1,85,,29516,41,,,1,85,,29517,41,,,1,45,,29518,41,,,1,85,,29519,41,,,1,84,,29520,41,,,1,83,,29521,41,,,1,44,,29522,41,,,1,84,,29523,41,,,1,82,,29524,41,,,1
400,'CPWeekday',534,,29526,41,,,1,85,,29527,41,,,1,86,,29528,41,,,1,49,,29529,41,,,1,86,,29530,41,,,1,84,,29531,41,,,1,82,,29532,41,,,1,43,,29533,41,,,1,85,,29534,41,,,1,85,,29535,41,,,1,85,,29536,41,,,1,45,,29537,41,,,1,74,,29525,35,,,1,10,,29538,41,,,1,70,,29539,41,,,1,32,,29540,41,,,1,79,,29541,41,,,1,37,,29542,41,,,1,77,,29543,41,,,1,74,,29544,41,,,1,36,,29545,41,,,1,79,,29546,41,,,1,102,,29547,41,,,1,103,,29548,41,,,1,99,,29549,41,,,1,100,,29550,41,,,1
500,'MAHoliday1',623,,29636,8,,,1,28,,29637,8,,,1,69,,29638,8,,,1,27,,29639,8,,,1,68,,29640,8,,,1,29,,29641,8,,,1,71,,29642,8,,,1,30,,29643,8,,,1,70,,29644,8,,,1,30,,29645,8,,,1,70,,29646,8,,,1,31,,29647,8,,,1,72,,29648,8,,,1,32,,29649,8,,,1,72,,29650,8,,,1,34,,29651,8,,,1,74,,29652,8,,,1,74,,29653,8,,,1,34,,29654,8,,,1,72,,29655,8,,,1,32,,29656,8,,,1,72,,29657,8,,,1,32,,29658,8,,,1,72,,29659,8,,,1,30,,29660,8,,,1,70,,29661,8,,,1,30,,29662,8,,,1,70,,29663,8,,,1,30,,29664,8,,,1,65,,29665,8,,,1,25,,29666,8,,,1
500,'MASaturday',441,,29667,8,,,1,66,,29668,8,,,1,26,,29669,8,,,1,67,,29670,8,,,1,26,,29671,8,,,1,26,,29672,8,,,1,67,,29673,8,,,1,28,,29674,8,,,1,68,,29675,8,,,1,28,,29676,8,,,1,68,,29677,8,,,1,28,,29678,8,,,1,69,,29679,8,,,1,24,,29680,8,,,1,24,,29681,8,,,1,65,,29682,8,,,1,24,,29683,8,,,1,64,,29684,8,,,1,26,,29685,8,,,1,66,,29686,8,,,1,26,,29687,8,,,1,26,,29688,8,,,1,66,,29689,8,,,1,26,,29690,8,,,1,66,,29691,8,,,1,26,,29692,8,,,1,66,,29693,8,,,1,26,,29694,8,,,1,26,,29695,8,,,1,66,,29696,8,,,1,26,,29697,8,,,1,66,,29698,8,,,1,26,,29699,8,,,1,66,,29700,8,,,1,26,,29701,8,,,1,25,,29702,8,,,1,64,,29703,8,,,1,24,,29704,8,,,1,66,,29705,8,,,1,26,,29706,8,,,1,79,,29707,8,,,1,39,,29708,8,,,1,74,,29709,8,,,1,74,,29710,8,,,1,35,,29711,8,,,1
500,'MASunday',623,,29712,8,,,1,28,,29713,8,,,1,69,,29714,8,,,1,27,,29715,8,,,1,68,,29716,8,,,1,29,,29717,8,,,1,71,,29718,8,,,1,30,,29719,8,,,1,70,,29720,8,,,1,30,,29721,8,,,1,70,,29722,8,,,1,31,,29723,8,,,1,72,,29724,8,,,1,32,,29725,8,,,1,72,,29726,8,,,1,34,,29727,8,,,1,74,,29728,8,,,1,74,,29729,8,,,1,34,,29730,8,,,1,72,,29731,8,,,1,32,,29732,8,,,1,72,,29733,8,,,1,32,,29734,8,,,1,72,,29735,8,,,1,30,,29736,8,,,1,70,,29737,8,,,1,30,,29738,8,,,1,70,,29739,8,,,1,30,,29740,8,,,1,65,,29741,8,,,1,25,,29742,8,,,1
500,'MAWeekday',406,,29743,8,,,1,32,,29744,8,,,1,65,,29745,8,,,1,27,,29746,8,,,1,20,,29747,8,,,1,60,,29748,8,,,1,15,,29749,8,,,1,15,,29750,8,,,1,15,,29751,8,,,1,55,,29752,8,,,1,15,,29753,8,,,1,16,,29754,8,,,1,15,,29755,8,,,1,55,,29756,8,,,1,15,,29757,8,,,1,16,,29758,8,,,1,15,,29759,8,,,1,55,,29760,8,,,1,15,,29761,8,,,1,15,,29762,8,,,1,15,,29763,8,,,1,55,,29764,8,,,1,15,,29765,8,,,1,15,,29766,8,,,1,15,,29767,8,,,1,54,,29768,8,,,1,15,,29769,8,,,1,15,,29770,8,,,1,14,,29771,8,,,1,54,,29772,8,,,1,14,,29773,8,,,1,14,,29774,8,,,1,14,,29775,8,,,1,55,,29776,8,,,1,15,,29777,8,,,1,15,,29778,8,,,1,15,,29779,8,,,1,55,,29780,8,,,1,15,,29781,8,,,1,16,,29782,8,,,1,16,,29783,8,,,1,55,,29784,8,,,1,15,,29785,8,,,1,15,,29786,8,,,1,15,,29787,8,,,1,55,,29788,8,,,1,15,,29789,8,,,1,15,,29790,8,,,1,15,,29791,8,,,1,55,,29792,8,,,1,14,,29793,8,,,1,15,,29794,8,,,1,15,,29795,8,,,1,55,,29796,8,,,1,15,,29797,8,,,1,19,,29798,8,,,1,60,,29799,8,,,1,19,,29800,8,,,1,20,,29801,8,,,1,18,,29802,8,,,1,64,,29803,8,,,1,24,,29804,8,,,1,63,,29805,8,,,1,32,,29806,8,,,1,73,,29807,8,,,1,40,,29808,8,,,1,80,,29809,8,,,1,77,,29810,8,,,1,38,,29811,8,,,1,78,,29812,8,,,1,75,,29813,8,,,1
3100,'CPHoliday1',619,,34944,21,,,1,109,,34945,21,,,1,72,,34946,21,,,1,30,,34947,21,,,1,70,,34948,21,,,1,32,,34949,21,,,1,70,,34950,21,,,1,31,,34951,21,,,1,70,,34952,21,,,1,31,,34953,21,,,1,70,,34954,21,,,1,30,,34955,21,,,1,70,,34956,21,,,1,30,,34957,21,,,1,70,,34958,21,,,1,30,,34959,21,,,1,70,,34960,21,,,1,30,,34961,21,,,1,70,,34962,21,,,1,30,,34963,21,,,1,70,,34964,21,,,1,30,,34965,21,,,1,70,,34966,21,,,1,30,,34967,21,,,1,69,,34968,21,,,1,29,,34969,21,,,1,70,,34970,21,,,1,29,,34971,21,,,1,70,,34972,21,,,1,30,,34973,21,,,1
3100,'CPSaturday',521,,34974,21,,,1,100,,34975,21,,,1,101,,34976,21,,,1,31,,34977,21,,,1,79,,34978,21,,,1,71,,34979,21,,,1,30,,34980,21,,,1,70,,34981,21,,,1,31,,34982,21,,,1,70,,34983,21,,,1,30,,34984,21,,,1,70,,34985,21,,,1,30,,34986,21,,,1,70,,34987,21,,,1,30,,34988,21,,,1,70,,34989,21,,,1,29,,34990,21,,,1,70,,34991,21,,,1,30,,34992,21,,,1,70,,34993,21,,,1,31,,34994,21,,,1,70,,34995,21,,,1,30,,34996,21,,,1,70,,34997,21,,,1,29,,34998,21,,,1,69,,34999,21,,,1,31,,35000,21,,,1,70,,35001,21,,,1,30,,35002,21,,,1,69,,35003,21,,,1,30,,35004,21,,,1,70,,35005,21,,,1,29,,35006,21,,,1,74,,35007,21,,,1
3100,'CPSunday',619,,35008,21,,,1,109,,35009,21,,,1,72,,35010,21,,,1,30,,35011,21,,,1,70,,35012,21,,,1,32,,35013,21,,,1,70,,35014,21,,,1,31,,35015,21,,,1,70,,35016,21,,,1,31,,35017,21,,,1,70,,35018,21,,,1,30,,35019,21,,,1,70,,35020,21,,,1,30,,35021,21,,,1,70,,35022,21,,,1,30,,35023,21,,,1,70,,35024,21,,,1,30,,35025,21,,,1,70,,35026,21,,,1,30,,35027,21,,,1,70,,35028,21,,,1,30,,35029,21,,,1,70,,35030,21,,,1,30,,35031,21,,,1,69,,35032,21,,,1,29,,35033,21,,,1,70,,35034,21,,,1,29,,35035,21,,,1,70,,35036,21,,,1,30,,35037,21,,,1
3100,'CPWeekday',417,,35038,21,,,1,29,,35039,21,,,1,68,,35040,21,,,1,30,,35041,21,,,1,73,,35042,21,,,1,33,,35043,21,,,1,72,,35044,21,,,1,28,,35045,21,,,1,58,,35046,21,,,1,15,,35047,21,,,1,29,,35048,21,,,1,56,,35049,21,,,1,24,,35050,21,,,1,21,,35051,21,,,1,74,,35052,21,,,1,74,,35053,21,,,1,31,,35054,21,,,1,71,,35055,21,,,1,29,,35056,21,,,1,69,,35057,21,,,1,32,,35058,21,,,1,70,,35059,21,,,1,31,,35060,21,,,1,70,,35061,21,,,1,30,,35062,21,,,1,20,,35063,21,,,1,55,,35064,21,,,1,22,,35065,21,,,1,22,,35066,21,,,1,59,,35067,21,,,1,19,,35068,21,,,1,22,,35069,21,,,1,58,,35070,21,,,1,18,,35071,21,,,1,21,,35072,21,,,1,61,,35073,21,,,1,25,,35074,21,,,1,69,,35075,21,,,1,28,,35076,21,,,1,70,,35077,21,,,1,30,,35078,21,,,1,69,,35079,21,,,1,30,,35080,21,,,1,70,,35081,21,,,1,30,,35082,21,,,1,70,,35083,21,,,1,30,,35084,21,,,1,70,,35085,21,,,1,30,,35086,21,,,1,69,,35087,21,,,1
