1001,'CPHoliday1',723,,3356,5,,,1,30,,3355,5,,,1,70,,3354,5,,,1,32,,3353,5,,,1,72,,3352,5,,,1,32,,3351,5,,,1,73,,3350,5,,,1,73,,3349,5,,,1,35,,3348,5,,,1,75,,3346,5,,,1,35,,3347,5,,,1,75,,3345,5,,,1,75,,3344,5,,,1,35,,3342,5,,,1,76,,3343,5,,,1,36,,3341,5,,,1,76,,3337,5,,,1,36,,3339,5,,,1,76,,3335,5,,,1,76,,3334,5,,,1,34,,3338,5,,,1,74,,3331,5,,,1,34,,3332,5,,,1,74,,3329,5,,,1,74,,3336,5,,,1,34,,3333,5,,,1,74,,3328,5,,,1,32,,3327,5,,,1,72,,3340,5,,,1,30,,3330,5,,,1
1001,'CPSaturday',616,,3396,5,,,1,24,,3394,5,,,1,65,,3395,5,,,1,25,,3392,5,,,1,25,,3393,5,,,1,65,,3389,5,,,1,25,,3390,5,,,1,67,,3388,5,,,1,27,,3391,5,,,1,67,,3386,5,,,1,27,,3387,5,,,1,68,,3385,5,,,1,28,,3384,5,,,1,28,,3383,5,,,1,68,,3382,5,,,1,29,,3381,5,,,1,69,,3380,5,,,1,29,,3378,5,,,1,68,,3379,5,,,1,29,,3377,5,,,1,69,,3376,5,,,1,30,,3371,5,,,1,70,,3372,5,,,1,29,,3367,5,,,1,70,,3366,5,,,1,27,,3370,5,,,1,68,,3365,5,,,1,28,,3375,5,,,1,68,,3364,5,,,1,28,,3361,5,,,1,68,,3368,5,,,1,26,,3358,5,,,1,26,,3374,5,,,1,65,,3362,5,,,1,26,,3360,5,,,1,66,,3369,5,,,1,26,,3359,5,,,1,67,,3373,5,,,1,24,,3363,5,,,1,24,,3357,5,,,1
1001,'CPSunday',723,,3426,5,,,1,30,,3425,5,,,1,70,,3424,5,,,1,32,,3423,5,,,1,72,,3422,5,,,1,32,,3421,5,,,1,73,,3420,5,,,1,73,,3419,5,,,1,35,,3418,5,,,1,75,,3416,5,,,1,35,,3417,5,,,1,75,,3415,5,,,1,75,,3414,5,,,1,35,,3412,5,,,1,76,,3413,5,,,1,36,,3411,5,,,1,76,,3407,5,,,1,36,,3409,5,,,1,76,,3405,5,,,1,76,,3404,5,,,1,34,,3408,5,,,1,74,,3401,5,,,1,34,,3402,5,,,1,74,,3399,5,,,1,74,,3406,5,,,1,34,,3403,5,,,1,74,,3398,5,,,1,32,,3397,5,,,1,72,,3410,5,,,1,30,,3400,5,,,1
1001,'CPWeekday',441,,3478,5,,,1,60,,3474,5,,,1,20,,3477,5,,,1,22,,3476,5,,,1,61,,3475,5,,,1,22,,3472,5,,,1,25,,3473,5,,,1,65,,3471,5,,,1,7,,3427,5,,,1,18,,3470,5,,,1,66,,3469,5,,,1,26,,3468,5,,,1,25,,3466,5,,,1,65,,3467,5,,,1,25,,3465,5,,,1,65,,3464,5,,,1,25,,3463,5,,,1,65,,3462,5,,,1,25,,3461,5,,,1,25,,3460,5,,,1,65,,3459,5,,,1,25,,3458,5,,,1,65,,3457,5,,,1,24,,3456,5,,,1,26,,3454,5,,,1,67,,3455,5,,,1,26,,3449,5,,,1,67,,3446,5,,,1,27,,3448,5,,,1,67,,3447,5,,,1,24,,3441,5,,,1,22,,3440,5,,,1,62,,3451,5,,,1,22,,3445,5,,,1,62,,3438,5,,,1,22,,3437,5,,,1,23,,3439,5,,,1,64,,3436,5,,,1,20,,3435,5,,,1,20,,3453,5,,,1,62,,3442,5,,,1,23,,3434,5,,,1,63,,3432,5,,,1,34,,3433,5,,,1,74,,3450,5,,,1,32,,3444,5,,,1,72,,3430,5,,,1,31,,3431,5,,,1,70,,3452,5,,,1,29,,3443,5,,,1,68,,3429,5,,,1
4501,'CPHoliday1',748,,9497,5,,,1,75,,9494,5,,,1,35,,9496,5,,,1,78,,9495,5,,,1,78,,9493,5,,,1,38,,9488,5,,,1,78,,9489,5,,,1,79,,9486,5,,,1,38,,9485,5,,,1,80,,9490,5,,,1,80,,9487,5,,,1,40,,9483,5,,,1,80,,9491,5,,,1,80,,9482,5,,,1,40,,9480,5,,,1,79,,9492,5,,,1,80,,9478,5,,,1,40,,9481,5,,,1,80,,9484,5,,,1,80,,9477,5,,,1,38,,9479,5,,,1
4501,'CPSaturday',542,,9521,5,,,1,76,,9520,5,,,1,35,,9519,5,,,1,75,,9518,5,,,1,75,,9517,5,,,1,35,,9516,5,,,1,78,,9515,5,,,1,38,,9514,5,,,1,81,,9511,5,,,1,80,,9510,5,,,1,40,,9507,5,,,1,80,,9506,5,,,1,82,,9508,5,,,1,42,,9505,5,,,1,82,,9504,5,,,1,82,,9512,5,,,1,82,,9501,5,,,1,42,,9500,5,,,1,81,,9509,5,,,1,82,,9503,5,,,1,42,,9498,5,,,1,80,,9513,5,,,1,78,,9502,5,,,1,38,,9499,5,,,1
4501,'CPSunday',748,,9542,5,,,1,75,,9539,5,,,1,35,,9541,5,,,1,78,,9540,5,,,1,78,,9538,5,,,1,38,,9533,5,,,1,78,,9534,5,,,1,79,,9531,5,,,1,38,,9530,5,,,1,80,,9535,5,,,1,80,,9532,5,,,1,40,,9528,5,,,1,80,,9536,5,,,1,80,,9527,5,,,1,40,,9525,5,,,1,79,,9537,5,,,1,80,,9523,5,,,1,40,,9526,5,,,1,80,,9529,5,,,1,80,,9522,5,,,1,38,,9524,5,,,1
4501,'CPWeekday',433,,9543,5,,,1,70,,9544,5,,,1,30,,9545,5,,,1,20,,9546,5,0,11 6 12 13 14 15 16,1,60,,9547,5,,,1,20,,9548,5,0,11 6 12 13 14 15 16,1,19,,9549,5,,,1,58,,9550,5,0,11 6 12 13 14 15 16,1,20,,9551,5,,,1,20,,9552,5,0,11 6 12 13 14 15 16,1,60,,9553,5,,,1,20,,9554,5,0,11 6 12 13 14 15 16,1,20,,9555,5,,,1,60,,9556,5,0,11 6 12 13 14 15 16,1,22,,9557,5,,,1,70,,9558,5,0,11 6 12 13 14 15 16,1,32,,9559,5,,,1,71,,9560,5,,,1,32,,9561,5,,,1,72,,9562,5,,,1,32,,9563,5,,,1,72,,9564,5,,,1,23,,9565,5,,,1,20,,9566,5,,,1,60,,9567,5,,,1,22,,9568,5,0,11 6 12 13 14 15 16,1,62,,9569,5,,,1,22,,9570,5,0,11 6 12 13 14 15 16,1,19,,9571,5,,,1,17,,9572,5,0,11 6 12 13 14 15 16,1,59,,9573,5,,,1,17,,9574,5,0,11 6 12 13 14 15 16,1,19,,9575,5,,,1,57,,9576,5,0,11 6 12 13 14 15 16,1,19,,9577,5,,,1,17,,9578,5,0,11 6 12 13 14 15 16,1,60,,9579,5,,,1,20,,9580,5,0,11 6 12 13 14 15 16,1,16,,9581,5,,,1,16,,9582,5,0,11 6 12 13 14 15 16,1,56,,9583,5,,,1,18,,9584,5,,,1,20,,9585,5,,,1,61,,9586,5,,,1,24,,9587,5,,,1,78,,9588,5,,,1,38,,9589,5,,,1,78,,9590,5,,,1,76,,9591,5,,,1
10901,'CPHoliday1',702,,13154,2,,,1,25,,13147,2,,,1,25,,13143,2,,,1,66,,13136,2,,,1,25,,13135,2,,,1,65,,13153,2,,,1,25,,13148,2,,,1,20,,13142,2,,,1,60,,13132,2,,,1,20,,13137,2,,,1,20,,13127,2,,,1,60,,13125,2,,,1,20,,13155,2,,,1,20,,13149,2,,,1,61,,13141,2,,,1,20,,13126,2,,,1,20,,13134,2,,,1,60,,13128,2,,,1,20,,13121,2,,,1,20,,13156,2,,,1,60,,13150,2,,,1,20,,13140,2,,,1,20,,13120,2,,,1,59,,13139,2,,,1,20,,13131,2,,,1,20,,13122,2,,,1,60,,13159,2,,,1,20,,13152,2,,,1,20,,13144,2,,,1,60,,13117,2,,,1,20,,13138,2,,,1,20,,13133,2,,,1,60,,13124,2,,,1,20,,13157,2,,,1,20,,13151,2,,,1,60,,13145,2,,,1,26,,13119,2,,,1,66,,13130,2,,,1,26,,13123,2,,,1,26,,13158,2,,,1,66,,13146,2,,,1,30,,13118,2,,,1,70,,13129,2,,,1
10901,'CPSaturday',612,,13205,2,,,1,20,,13198,2,,,1,20,,13191,2,,,1,61,,13184,2,,,1,20,,13183,2,,,1,20,,13176,2,,,1,60,,13206,2,,,1,20,,13199,2,,,1,20,,13192,2,,,1,60,,13185,2,,,1,20,,13175,2,,,1,20,,13177,2,,,1,60,,13178,2,,,1,18,,13207,2,,,1,18,,13200,2,,,1,58,,13195,2,,,1,18,,13169,2,,,1,18,,13188,2,,,1,58,,13182,2,,,1,18,,13171,2,,,1,18,,13167,2,,,1,18,,13208,2,,,1,58,,13204,2,,,1,18,,13196,2,,,1,18,,13166,2,,,1,59,,13187,2,,,1,18,,13179,2,,,1,18,,13170,2,,,1,60,,13168,2,,,1,20,,13210,2,,,1,20,,13202,2,,,1,60,,13193,2,,,1,20,,13163,2,,,1,20,,13186,2,,,1,60,,13180,2,,,1,20,,13172,2,,,1,20,,13162,2,,,1,59,,13209,2,,,1,18,,13201,2,,,1,18,,13194,2,,,1,18,,13164,2,,,1,58,,13189,2,,,1,18,,13181,2,,,1,18,,13173,2,,,1,58,,13161,2,,,1,25,,13203,2,,,1,25,,13197,2,,,1,65,,13165,2,,,1,25,,13190,2,,,1,61,,13174,2,,,1,22,,13160,2,,,1
10901,'CPSunday',702,,13248,2,,,1,25,,13241,2,,,1,25,,13237,2,,,1,66,,13230,2,,,1,25,,13229,2,,,1,65,,13247,2,,,1,25,,13242,2,,,1,20,,13236,2,,,1,60,,13226,2,,,1,20,,13231,2,,,1,20,,13221,2,,,1,60,,13219,2,,,1,20,,13249,2,,,1,20,,13243,2,,,1,61,,13235,2,,,1,20,,13220,2,,,1,20,,13228,2,,,1,60,,13222,2,,,1,20,,13215,2,,,1,20,,13250,2,,,1,60,,13244,2,,,1,20,,13234,2,,,1,20,,13214,2,,,1,59,,13233,2,,,1,20,,13225,2,,,1,20,,13216,2,,,1,60,,13253,2,,,1,20,,13246,2,,,1,20,,13238,2,,,1,60,,13211,2,,,1,20,,13232,2,,,1,20,,13227,2,,,1,60,,13218,2,,,1,20,,13251,2,,,1,20,,13245,2,,,1,60,,13239,2,,,1,26,,13213,2,,,1,66,,13224,2,,,1,26,,13217,2,,,1,26,,13252,2,,,1,66,,13240,2,,,1,30,,13212,2,,,1,70,,13223,2,,,1
10901,'CPWeekday',407,,13254,2,,,1,25,,13255,2,,,1,25,,13256,2,,,1,66,,13257,2,,,1,19,,13258,2,,,1,16,,13259,2,,,1,55,,13260,2,,,1,10,,13261,2,,,1,10,,13262,2,,,1,10,,13263,2,,,1,10,,13264,2,,,1,51,,13265,2,,,1,10,,13266,2,,,1,10,,13267,2,,,1,10,,13268,2,,,1,10,,13269,2,,,1,10,,13270,2,,,1,50,,13271,2,,,1,10,,13272,2,,,1,10,,13273,2,,,1,10,,13274,2,,,1,10,,13275,2,,,1,10,,13276,2,,,1,49,,13277,2,,,1,10,,13278,2,,,1,10,,13279,2,,,1,10,,13280,2,,,1,10,,13281,2,,,1,10,,13282,2,,,1,50,,13283,2,,,1,15,,13284,2,,,1,15,,13285,2,,,1,15,,13286,2,,,1,55,,13287,2,,,1,15,,13288,2,,,1,15,,13289,2,,,1,15,,13290,2,,,1,55,,13291,2,,,1,15,,13292,2,,,1,15,,13293,2,,,1,15,,13294,2,,,1,55,,13295,2,,,1,15,,13296,2,,,1,15,,13297,2,,,1,15,,13298,2,,,1,55,,13299,2,,,1,15,,13300,2,,,1,16,,13301,2,,,1,15,,13302,2,,,1,55,,13303,2,,,1,15,,13304,2,,,1,15,,13305,2,,,1,15,,13306,2,,,1,55,,13307,2,,,1,15,,13308,2,,,1,15,,13309,2,,,1,15,,13310,2,,,1,55,,13311,2,,,1,15,,13312,2,,,1,15,,13313,2,,,1,15,,13314,2,,,1,53,,13315,2,,,1,16,,13316,2,,,1,15,,13317,2,,,1,16,,13318,2,,,1,54,,13319,2,,,1,15,,13320,2,,,1,15,,13321,2,,,1,15,,13322,2,,,1,55,,13323,2,,,1,15,,13324,2,,,1,15,,13325,2,,,1,15,,13326,2,,,1,55,,13327,2,,,1,15,,13328,2,,,1,15,,13329,2,,,1,15,,13330,2,,,1,56,,13331,2,,,1,16,,13332,2,,,1,18,,13333,2,,,1
31301,'CPWeekday',740,,13849,5,,,1
