500,'26JA05-MABlock-Holiday1-24',616,,1739,,,1,26,,1740,,,1,66,,1741,,,1,28,,1742,,,1,66,,1743,,,1,30,,1744,,,1,71,,1745,,,1,32,,1746,,,1,72,,1747,,,1,30,,1748,,,1,72,,1749,,,1,32,,1750,,,1,72,,1751,,,1,32,,1752,,,1,72,,1753,,,1,34,,1754,,,1,74,,1755,,,1,34,,1756,,,1,74,,1757,,,1,74,,1758,,,1,34,,1759,,,1,74,,1760,,,1,34,,1761,,,1,72,,1762,,,1,32,,1763,,,1,72,,1764,,,1,30,,1765,,,1,70,,1766,,,1,30,,1767,,,1
500,'26JA05-MABlock-Saturday-22',434,,1768,,,1,68,,1769,,,1,26,,1770,,,1,28,,1771,,,1,66,,1772,,,1,28,,1773,,,1,68,,1774,,,1,28,,1775,,,1,68,,1776,,,1,28,,1777,,,1,68,,1778,,,1,28,,1779,,,1,65,,1780,,,1,25,,1781,,,1,25,,1782,,,1,66,,1783,,,1,27,,1784,,,1,68,,1785,,,1,28,,1786,,,1,68,,1787,,,1,28,,1788,,,1,68,,1789,,,1,28,,1790,,,1,68,,1791,,,1,28,,1792,,,1,28,,1793,,,1,68,,1794,,,1,28,,1795,,,1,68,,1796,,,1,27,,1797,,,1,67,,1798,,,1,26,,1799,,,1,66,,1800,,,1,26,,1801,,,1,66,,1802,,,1,26,,1803,,,1,26,,1804,,,1,68,,1805,,,1,82,,1806,,,1,42,,1807,,,1,76,,1808,,,1,36,,1809,,,1,76,,1810,,,1
500,'26JA05-MABlock-Sunday-23',616,,1811,,,1,26,,1812,,,1,66,,1813,,,1,28,,1814,,,1,66,,1815,,,1,30,,1816,,,1,71,,1817,,,1,32,,1818,,,1,72,,1819,,,1,30,,1820,,,1,72,,1821,,,1,32,,1822,,,1,72,,1823,,,1,32,,1824,,,1,72,,1825,,,1,34,,1826,,,1,74,,1827,,,1,34,,1828,,,1,74,,1829,,,1,74,,1830,,,1,34,,1831,,,1,74,,1832,,,1,34,,1833,,,1,72,,1834,,,1,32,,1835,,,1,72,,1836,,,1,30,,1837,,,1,70,,1838,,,1,30,,1839,,,1
500,'26JA05-MABlock-Weekday-21',402,,1840,,,1,29,,1842,,,1,25,,1841,,,1,54,,1849,,,1,14,,1845,,,1,14,,1861,,,1,14,,1868,,,1,52,,1843,,,1,12,,1850,,,1,14,,1851,,,1,15,,1844,,,1,55,,1869,,,1,15,,1848,,,1,15,,1857,,,1,15,,1846,,,1,55,,1866,,,1,15,,1875,,,1,15,,1847,,,1,15,,1852,,,1,55,,1853,,,1,20,,1859,,,1,28,,1854,,,1,68,,1860,,,1,28,,1873,,,1,68,,1856,,,1,28,,1855,,,1,68,,1858,,,1,30,,1862,,,1,70,,1874,,,1,30,,1863,,,1,70,,1865,,,1,30,,1864,,,1,70,,1867,,,1,30,,1870,,,1,20,,1878,,,1,58,,1876,,,1,15,,1885,,,1,15,,1872,,,1,55,,1894,,,1,15,,1871,,,1,15,,1877,,,1,15,,1883,,,1,55,,1886,,,1,15,,1879,,,1,15,,1890,,,1,15,,1884,,,1,55,,1881,,,1,20,,1888,,,1,20,,1895,,,1,18,,1880,,,1,58,,1882,,,1,18,,1887,,,1,18,,1892,,,1,58,,1889,,,1,20,,1891,,,1,20,,1896,,,1,80,,1893,,,1,79,,1897,,,1,40,,1898,,,1,80,,1899,,,1,80,,1900,,,1,46,,1901,,,1
2301,'26JA05-CPBlock-Holiday1-14',730,,5636,,,1,29,,5637,,,1,68,,5638,,,1,28,,5639,,,1,68,,5640,,,1,28,,5641,,,1,68,,5642,,,1,28,,5643,,,1,62,,5644,,,1,22,,5645,,,1,24,,5646,,,1,64,,5647,,,1,24,,5648,,,1,64,,5649,,,1,24,,5615,,,1,24,,5616,,,1,64,,5617,,,1,24,,5618,,,1,65,,5619,,,1,25,,5620,,,1,25,,5621,,,1,65,,5622,,,1,25,,5623,,,1,65,,5624,,,1,25,,5625,,,1,65,,5626,,,1,25,,5627,,,1,22,,5628,,,1,62,,5629,,,1,30,,5630,,,1,70,,5631,,,1,30,,5632,,,1,70,,5633,,,1,30,,5634,,,1,72,,5635,,,1
2301,'26JA05-CPBlock-Saturday-12',531,,5650,,,1,26,,5651,,,1,66,,5652,,,1,28,,5653,,,1,68,,5654,,,1,28,,5655,,,1,68,,5656,,,1,28,,5657,,,1,68,,5658,,,1,22,,5659,,,1,22,,5660,,,1,62,,5661,,,1,22,,5662,,,1,64,,5663,,,1,25,,5664,,,1,25,,5665,,,1,65,,5666,,,1,25,,5667,,,1,65,,5668,,,1,25,,5669,,,1,26,,5670,,,1,66,,5671,,,1,26,,5672,,,1,66,,5673,,,1,26,,5674,,,1,66,,5675,,,1,26,,5676,,,1,66,,5677,,,1,26,,5678,,,1,26,,5679,,,1,66,,5680,,,1,26,,5681,,,1,64,,5682,,,1,24,,5683,,,1,24,,5684,,,1,64,,5685,,,1,30,,5686,,,1,70,,5687,,,1,28,,5688,,,1,68,,5689,,,1,28,,5690,,,1,66,,5691,,,1,26,,5692,,,1,65,,5693,,,1,25,,5694,,,1,25,,5695,,,1,64,,5696,,,1
2301,'26JA05-CPBlock-Sunday-13',730,,5718,,,1,29,,5719,,,1,68,,5720,,,1,28,,5721,,,1,68,,5722,,,1,28,,5723,,,1,68,,5724,,,1,28,,5725,,,1,62,,5726,,,1,22,,5727,,,1,24,,5728,,,1,64,,5729,,,1,24,,5730,,,1,64,,5731,,,1,24,,5697,,,1,24,,5698,,,1,64,,5699,,,1,24,,5700,,,1,65,,5701,,,1,25,,5702,,,1,25,,5703,,,1,65,,5704,,,1,25,,5705,,,1,65,,5706,,,1,25,,5707,,,1,65,,5708,,,1,25,,5709,,,1,22,,5710,,,1,62,,5711,,,1,30,,5712,,,1,70,,5713,,,1,30,,5714,,,1,70,,5715,,,1,30,,5716,,,1,72,,5717,,,1
2301,'26JA05-CPBlock-Weekday-11',453,,5771,,,1,66,,5757,,,1,26,,5756,,,1,62,,5755,,,1,22,,5776,,,1,22,,5763,,,1,64,,5745,,,1,24,,5741,,,1,64,,5773,,,1,24,,5760,,,1,26,,5742,,,1,66,,5739,,,1,26,,5774,,,1,66,,5761,,,1,26,,5743,,,1,66,,5740,,,1,26,,5775,,,1,26,,5764,,,1,62,,5746,,,1,24,,5738,,,1,66,,5772,,,1,26,,5762,,,1,26,,5744,,,1,66,,5737,,,1,26,,5777,,,1,4,,5732,,,1,62,,5759,,,1,30,,5747,,,1,66,,5736,,,1,28,,5778,,,1,68,,5765,,,1,28,,5748,,,1,66,,5734,,,1,24,,5779,,,1,28,,5766,,,1,68,,5749,,,1,30,,5735,,,1,70,,5767,,,1,30,,5752,,,1,70,,5733,,,1,28,,5770,,,1,80,,5750,,,1,80,,5768,,,1,40,,5751,,,1,79,,5769,,,1,76,,5754,,,1,34,,5758,,,1,74,,5753,,,1
3100,'26JA05-CPBlock-Holiday1-14',612,,6906,,,1,103,,6907,,,1,30,,6908,,,1,70,,6909,,,1,30,,6910,,,1,70,,6911,,,1,30,,6912,,,1,70,,6913,,,1,30,,6914,,,1,70,,6915,,,1,30,,6916,,,1,70,,6917,,,1,30,,6918,,,1,70,,6919,,,1,28,,6920,,,1,72,,6921,,,1,30,,6922,,,1,70,,6923,,,1,33,,6924,,,1,70,,6925,,,1,30,,6926,,,1,70,,6927,,,1,30,,6928,,,1,70,,6929,,,1,30,,6930,,,1,70,,6931,,,1,30,,6932,,,1,70,,6933,,,1,30,,6934,,,1,70,,6935,,,1
3100,'26JA05-CPBlock-Saturday-12',506,,6936,,,1,100,,6937,,,1,100,,6938,,,1,30,,6939,,,1,77,,6940,,,1,34,,6941,,,1,68,,6942,,,1,30,,6943,,,1,71,,6944,,,1,26,,6945,,,1,68,,6946,,,1,35,,6947,,,1,70,,6948,,,1,30,,6949,,,1,70,,6950,,,1,30,,6951,,,1,70,,6952,,,1,30,,6953,,,1,73,,6954,,,1,30,,6955,,,1,70,,6956,,,1,30,,6957,,,1,70,,6958,,,1,30,,6959,,,1,70,,6960,,,1,30,,6961,,,1,70,,6962,,,1,30,,6963,,,1,70,,6964,,,1,30,,6965,,,1,70,,6966,,,1,30,,6967,,,1,70,,6968,,,1,32,,6969,,,1
3100,'26JA05-CPBlock-Sunday-13',612,,6970,,,1,103,,6971,,,1,30,,6972,,,1,70,,6973,,,1,30,,6974,,,1,70,,6975,,,1,30,,6976,,,1,70,,6977,,,1,30,,6978,,,1,70,,6979,,,1,30,,6980,,,1,70,,6981,,,1,30,,6982,,,1,70,,6983,,,1,28,,6984,,,1,72,,6985,,,1,30,,6986,,,1,70,,6987,,,1,33,,6988,,,1,70,,6989,,,1,30,,6990,,,1,70,,6991,,,1,30,,6992,,,1,70,,6993,,,1,30,,6994,,,1,70,,6995,,,1,30,,6996,,,1,70,,6997,,,1,30,,6998,,,1,70,,6999,,,1
3100,'26JA05-CPBlock-Weekday-11',401,,7000,,,1,30,,7001,,,1,70,,7002,,,1,30,,7003,,,1,74,,7004,,,1,28,,7005,,,1,72,,7006,,,1,24,,7007,,,1,18,,7008,,,1,60,,7009,,,1,26,,7010,,,1,16,,7011,,,1,63,,7012,,,1,23,,7013,,,1,74,,7014,,,1,30,,7015,,,1,70,,7016,,,1,30,,7017,,,1,70,,7018,,,1,30,,7019,,,1,70,,7020,,,1,30,,7021,,,1,70,,7022,,,1,32,,7023,,,1,73,,7024,,,1,15,,7025,,,1,20,,7026,,,1,60,,7027,,,1,23,,7028,,,1,19,,7029,,,1,58,,7030,,,1,23,,7031,,,1,17,,7032,,,1,60,,7033,,,1,19,,7034,,,1,23,,7035,,,1,64,,7036,,,1,30,,7037,,,1,68,,7038,,,1,30,,7039,,,1,70,,7040,,,1,30,,7041,,,1,70,,7042,,,1,30,,7043,,,1,70,,7044,,,1,30,,7045,,,1,70,,7046,,,1,30,,7047,,,1,70,,7048,,,1,30,,7049,,,1
