601,'CPHoliday1',834,,16132,5,,,1,80,,16133,5,,,1,42,,16134,5,,,1,84,,16135,5,,,1,86,,16136,5,,,1,87,,16137,5,,,1,46,,16138,5,,,1,86,,16139,5,,,1,88,,16140,5,,,1,88,,16141,5,,,1,88,,16142,5,,,1,48,,16143,5,,,1,88,,16144,5,,,1,86,,16145,5,,,1,84,,16146,5,,,1,42,,16147,5,,,1,79,,16148,5,,,1,80,,16149,5,,,1
601,'CPSaturday',601,,16150,5,,,1,38,,16151,5,,,1,80,,16152,5,,,1,40,,16153,5,,,1,80,,16154,5,,,1,82,,16155,5,,,1,82,,16156,5,,,1,45,,16157,5,,,1,85,,16158,5,,,1,85,,16159,5,,,1,85,,16160,5,,,1,45,,16161,5,,,1,85,,16162,5,,,1,85,,16163,5,,,1,85,,16164,5,,,1,45,,16165,5,,,1,85,,16166,5,,,1,85,,16167,5,,,1,85,,16168,5,,,1,44,,16169,5,,,1,84,,16170,5,,,1,83,,16171,5,,,1,42,,16172,5,,,1,82,,16173,5,,,1,80,,16174,5,,,1,40,,16175,5,,,1
601,'CPSunday',834,,16176,5,,,1,80,,16177,5,,,1,42,,16178,5,,,1,84,,16179,5,,,1,86,,16180,5,,,1,87,,16181,5,,,1,46,,16182,5,,,1,86,,16183,5,,,1,88,,16184,5,,,1,88,,16185,5,,,1,88,,16186,5,,,1,48,,16187,5,,,1,88,,16188,5,,,1,86,,16189,5,,,1,84,,16190,5,,,1,42,,16191,5,,,1,79,,16192,5,,,1,80,,16193,5,,,1
601,'CPWeekday',519,,16236,5,,,1,28,,16232,5,,,1,70,,16226,5,,,1,31,,16225,5,,,1,70,,16229,5,,,1,17,,16238,5,,,1,13,,16224,5,,,1,70,,16223,5,,,1,30,,16230,5,,,1,70,,16222,5,,,1,30,,16221,5,,,1,70,,16231,5,,,1,30,,16211,5,,,1,70,,16209,5,,,1,30,,16228,5,,,1,70,,16210,5,,,1,30,,16208,5,,,1,70,,16233,5,,,1,30,,16212,5,,,1,70,,16207,5,,,1,30,,16227,5,,,1,70,,16203,5,,,1,28,,16213,5,,,1,66,,16201,5,,,1,24,,16234,5,,,1,64,,16200,5,,,1,24,,16214,5,,,1,24,,16202,5,,,1,64,,16235,5,,,1,26,,16199,5,,,1,66,,16219,5,,,1,30,,16205,5,,,1,70,,16198,5,,,1,30,,16216,5,,,1,68,,16204,5,,,1,28,,16197,5,,,1,27,,16218,5,,,1,66,,16206,5,,,1,26,,16196,5,,,1,78,,16217,5,,,1,78,,16195,5,,,1,38,,16215,5,,,1,76,,16194,5,,,1,35,,16220,5,,,1
801,'CPSaturday',556,,16752,5,,,1,82,,16746,5,,,1,81,,16753,5,,,1,81,,16741,5,,,1,46,,16754,5,,,1,85,,16744,5,,,1,86,,16755,5,,,1,89,,16743,5,,,1,50,,16756,5,,,1,91,,16750,5,,,1,91,,16757,5,,,1,93,,16742,5,,,1,93,,16751,5,,,1,93,,16747,5,,,1,93,,16759,5,,,1,93,,16740,5,,,1,52,,16761,5,,,1,90,,16749,5,,,1,89,,16762,5,,,1,86,,16745,5,,,1,86,,16758,5,,,1,46,,16748,5,,,1,86,,16760,5,,,1
801,'CPWeekday',538,,16792,5,,,1,72,,16791,5,,,1,33,,16787,5,,,1,72,,16790,5,,,1,14,,16793,5,,,1,12,,16795,5,,,1,3,,16796,5,,,1,60,,16789,5,,,1,25,,16788,5,,,1,78,,16786,5,,,1,37,,16785,5,,,1,78,,16783,5,,,1,34,,16784,5,,,1,75,,16782,5,,,1,75,,16780,5,,,1,35,,16781,5,,,1,75,,16779,5,,,1,38,,16778,5,,,1,58,,16797,5,,,1,21,,16794,5,,,1,2,,16777,5,,,1,84,,16776,5,,,1,83,,16775,5,,,1,39,,16771,5,,,1,79,,16769,5,,,1,39,,16768,5,,,1,77,,16773,5,,,1,72,,16764,5,,,1,33,,16763,5,,,1,73,,16770,5,,,1,40,,16765,5,,,1,81,,16774,5,,,1,82,,16767,5,,,1,41,,16772,5,,,1,83,,16766,5,,,1
2601,'CPHoliday1',705,,20126,50,,,1,26,,20127,50,,,1,26,,20128,50,,,1,65,,20129,50,,,1,26,,20130,50,,,1,66,,20131,50,,,1,26,,20132,50,,,1,69,,20133,50,,,1,29,,20134,50,,,1,69,,20135,50,,,1,28,,20136,50,,,1,68,,20137,50,,,1,29,,20138,50,,,1,20,,20139,50,,,1,62,,20140,50,,,1,22,,20141,50,,,1,22,,20142,50,,,1,64,,20143,50,,,1,24,,20144,50,,,1,64,,20145,50,,,1,24,,20146,50,,,1,24,,20147,50,,,1,64,,20148,50,,,1,22,,20149,50,,,1,62,,20150,50,,,1,22,,20151,50,,,1,22,,20152,50,,,1,63,,20153,50,,,1,24,,20154,50,,,1,21,,20155,50,,,1,61,,20156,50,,,1,22,,20157,50,,,1,62,,20158,50,,,1,21,,20159,50,,,1,27,,20160,50,,,1,67,,20161,50,,,1,28,,20162,50,,,1,68,,20163,50,,,1,28,,20164,50,,,1,67,,20165,50,,,1,26,,20166,50,,,1,66,,20167,50,,,1,25,,20168,50,,,1,23,,20169,50,,,1,62,,20170,50,,,1,22,,20171,50,,,1,24,,20172,50,,,1
2601,'CPSaturday',530,,20173,5,,,1,20,,20241,5,,,1,62,,20174,50,,,1,21,,20175,50,,,1,26,,20176,50,,,1,60,,20177,50,,,1,20,,20178,50,,,1,62,,20179,50,,,1,22,,20180,50,,,1,22,,20181,50,,,1,63,,20182,50,,,1,25,,20183,50,,,1,25,,20184,50,,,1,64,,20185,50,,,1,24,,20186,50,,,1,65,,20187,50,,,1,24,,20188,50,,,1,65,,20189,50,,,1,24,,20190,50,,,1,20,,20191,50,,,1,60,,20192,50,,,1,20,,20193,50,,,1,20,,20194,50,,,1,60,,20195,50,,,1,21,,20196,50,,,1,18,,20197,50,,,1,58,,20198,50,,,1,17,,20199,50,,,1,16,,20200,50,,,1,16,,20201,50,,,1,56,,20202,50,,,1,14,,20203,50,,,1,14,,20204,50,,,1,14,,20205,50,,,1,54,,20206,50,,,1,14,,20207,50,,,1,13,,20208,50,,,1,14,,20209,50,,,1,14,,20210,50,,,1,54,,20211,50,,,1,14,,20212,50,,,1,14,,20213,50,,,1,15,,20214,50,,,1,55,,20215,50,,,1,15,,20216,50,,,1,15,,20217,50,,,1,14,,20218,50,,,1,54,,20219,50,,,1,15,,20220,50,,,1,15,,20221,50,,,1,20,,20222,50,,,1,57,,20223,50,,,1,20,,20224,50,,,1,19,,20225,50,,,1,62,,20226,50,,,1,22,,20227,50,,,1,22,,20228,50,,,1,62,,20229,50,,,1,18,,20230,50,,,1,17,,20231,50,,,1,58,,20232,50,,,1,18,,20233,50,,,1,16,,20234,50,,,1,61,,20235,50,,,1,22,,20236,50,,,1,28,,20237,50,,,1,67,,20238,50,,,1,28,,20239,50,,,1,68,,20240,50,,,1
2601,'CPSunday',705,,20242,50,,,1,26,,20243,50,,,1,26,,20244,50,,,1,65,,20245,50,,,1,26,,20246,50,,,1,66,,20247,50,,,1,26,,20248,50,,,1,69,,20249,50,,,1,29,,20250,50,,,1,69,,20251,50,,,1,28,,20252,50,,,1,68,,20253,50,,,1,29,,20254,50,,,1,20,,20255,50,,,1,62,,20256,50,,,1,22,,20257,50,,,1,22,,20258,50,,,1,64,,20259,50,,,1,24,,20260,50,,,1,64,,20261,50,,,1,24,,20262,50,,,1,24,,20263,50,,,1,64,,20264,50,,,1,22,,20265,50,,,1,62,,20266,50,,,1,22,,20267,50,,,1,22,,20268,50,,,1,63,,20269,50,,,1,24,,20270,50,,,1,21,,20271,50,,,1,61,,20272,50,,,1,22,,20273,50,,,1,62,,20274,50,,,1,21,,20275,50,,,1,27,,20276,50,,,1,67,,20277,50,,,1,28,,20278,50,,,1,68,,20279,50,,,1,28,,20280,50,,,1,67,,20281,50,,,1,26,,20282,50,,,1,66,,20283,50,,,1,25,,20284,50,,,1,23,,20285,50,,,1,62,,20286,50,,,1,22,,20287,50,,,1,24,,20288,50,,,1
31200,'CPWeekday',754,,27833,5,,,1
