900,'CPHoliday1',646,,2864,,,1,82,,2863,,,1,88,,2862,,,1,88,,2861,,,1,52,,2860,,,1,91,,2857,,,1,76,,2853,,,1,32,,2852,,,1,75,,2858,,,1,80,,2848,,,1,34,,2851,,,1,77,,2856,,,1,38,,2849,,,1,78,,2844,,,1,78,,2854,,,1,38,,2842,,,1,77,,2846,,,1,77,,2859,,,1,34,,2841,,,1,76,,2845,,,1,36,,2855,,,1,76,,2840,,,1,89,,2850,,,1,89,,2839,,,1,45,,2847,,,1,88,,2838,,,1,86,,2843,,,1
900,'CPSaturday',559,,2899,,,1,65,,2898,,,1,32,,2897,,,1,64,,2896,,,1,33,,2894,,,1,74,,2895,,,1,32,,2893,,,1,77,,2882,,,1,73,,2883,,,1,35,,2885,,,1,77,,2873,,,1,36,,2872,,,1,75,,2887,,,1,78,,2879,,,1,40,,2871,,,1,78,,2890,,,1,79,,2876,,,1,39,,2870,,,1,77,,2889,,,1,79,,2878,,,1,38,,2869,,,1,75,,2886,,,1,39,,2875,,,1,73,,2868,,,1,76,,2884,,,1,37,,2880,,,1,73,,2866,,,1,33,,2888,,,1,73,,2874,,,1,34,,2867,,,1,74,,2891,,,1,32,,2877,,,1,71,,2865,,,1,70,,2892,,,1,31,,2881,,,1
900,'CPSunday',646,,2926,,,1,82,,2925,,,1,88,,2924,,,1,88,,2923,,,1,52,,2922,,,1,91,,2919,,,1,76,,2915,,,1,32,,2914,,,1,75,,2920,,,1,80,,2910,,,1,34,,2913,,,1,77,,2918,,,1,38,,2911,,,1,78,,2906,,,1,78,,2916,,,1,38,,2904,,,1,77,,2908,,,1,77,,2921,,,1,34,,2903,,,1,76,,2907,,,1,36,,2917,,,1,76,,2902,,,1,89,,2912,,,1,89,,2901,,,1,45,,2909,,,1,88,,2900,,,1,86,,2905,,,1
900,'CPWeekday',449,,2969,,,1,65,,2973,,,1,21,,2971,,,1,21,,2974,,,1,60,,2975,,,1,21,,2970,,,1,63,,2972,,,1,24,,2963,,,1,27,,2965,,,1,62,,2968,,,1,25,,2962,,,1,66,,2964,,,1,25,,2966,,,1,23,,2967,,,1,62,,2960,,,1,21,,2957,,,1,67,,2958,,,1,28,,2959,,,1,70,,2961,,,1,30,,2953,,,1,70,,2954,,,1,30,,2955,,,1,70,,2956,,,1,31,,2951,,,1,71,,2952,,,1,31,,2950,,,1,67,,2949,,,1,23,,2948,,,1,22,,2947,,,1,69,,2946,,,1,29,,2945,,,1,69,,2944,,,1,18,,2943,,,1,23,,2942,,,1,69,,2941,,,1,26,,2936,,,1,67,,2935,,,1,25,,2934,,,1,65,,2937,,,1,28,,2933,,,1,67,,2931,,,1,25,,2928,,,1,27,,2938,,,1,65,,2932,,,1,25,,2930,,,1,66,,2927,,,1,30,,2939,,,1,86,,2929,,,1,85,,2940,,,1
2800,'CPHoliday1',817,,6333,,,1,25,,6329,,,1,67,,6331,,,1,26,,6328,,,1,67,,6330,,,1,28,,6327,,,1,27,,6334,,,1,70,,6326,,,1,28,,6332,,,1,69,,6325,,,1,29,,6341,,,1,69,,6324,,,1,29,,6340,,,1,69,,6323,,,1,30,,6338,,,1,70,,6322,,,1,30,,6337,,,1,70,,6321,,,1,30,,6335,,,1,71,,6320,,,1,31,,6339,,,1,68,,6319,,,1,31,,6336,,,1,71,,6318,,,1,28,,6342,,,1
2800,'CPSaturday',751,,6375,,,1,65,,6373,,,1,25,,6372,,,1,65,,6371,,,1,26,,6374,,,1,71,,6365,,,1,28,,6369,,,1,70,,6368,,,1,30,,6367,,,1,70,,6370,,,1,32,,6366,,,1,72,,6362,,,1,31,,6364,,,1,70,,6361,,,1,30,,6363,,,1,70,,6359,,,1,29,,6358,,,1,70,,6360,,,1,30,,6357,,,1,70,,6356,,,1,30,,6355,,,1,70,,6354,,,1,29,,6353,,,1,70,,6352,,,1,28,,6351,,,1,68,,6350,,,1,28,,6349,,,1,28,,6345,,,1,68,,6347,,,1,28,,6344,,,1,68,,6346,,,1,24,,6343,,,1,65,,6348,,,1
2800,'CPSunday',817,,6391,,,1,25,,6387,,,1,67,,6389,,,1,26,,6386,,,1,67,,6388,,,1,28,,6385,,,1,27,,6392,,,1,70,,6384,,,1,28,,6390,,,1,69,,6383,,,1,29,,6399,,,1,69,,6382,,,1,29,,6398,,,1,69,,6381,,,1,30,,6396,,,1,70,,6380,,,1,30,,6395,,,1,70,,6379,,,1,30,,6393,,,1,71,,6378,,,1,31,,6397,,,1,68,,6377,,,1,31,,6394,,,1,71,,6376,,,1,28,,6400,,,1
2800,'CPWeekday',516,,6450,,,1,15,,6451,,,1,16,,6453,,,1,58,,6454,,,1,18,,6448,,,1,19,,6449,,,1,60,,6452,,,1,19,,6444,,,1,19,,6445,,,1,67,,6446,,,1,18,,6443,,,1,23,,6447,,,1,62,,6438,,,1,20,,6437,,,1,19,,6439,,,1,61,,6440,,,1,21,,6441,,,1,20,,6442,,,1,59,,6433,,,1,28,,6435,,,1,68,,6434,,,1,30,,6436,,,1,69,,6430,,,1,29,,6429,,,1,70,,6431,,,1,20,,6432,,,1,9,,6401,,,1,12,,6428,,,1,62,,6424,,,1,22,,6425,,,1,22,,6426,,,1,62,,6427,,,1,23,,6423,,,1,65,,6422,,,1,24,,6419,,,1,16,,6402,,,1,7,,6420,,,1,64,,6421,,,1,22,,6418,,,1,22,,6417,,,1,60,,6415,,,1,22,,6416,,,1,63,,6413,,,1,13,,6412,,,1,19,,6408,,,1,23,,6407,,,1,69,,6409,,,1,22,,6406,,,1,63,,6410,,,1,24,,6405,,,1,24,,6414,,,1,63,,6404,,,1,25,,6411,,,1,66,,6403,,,1
6101,'CPHoliday1',651,,10608,,,1,85,,10596,,,1,83,,10607,,,1,24,,10594,,,1,63,,10595,,,1,23,,10587,,,1,23,,10605,,,1,63,,10585,,,1,18,,10588,,,1,19,,10597,,,1,63,,10584,,,1,22,,10606,,,1,22,,10583,,,1,62,,10589,,,1,13,,10617,,,1,12,,10598,,,1,62,,10576,,,1,23,,10609,,,1,22,,10577,,,1,65,,10590,,,1,12,,10619,,,1,13,,10599,,,1,64,,10578,,,1,15,,10573,,,1,15,,10610,,,1,15,,10574,,,1,55,,10575,,,1,17,,10586,,,1,16,,10600,,,1,60,,10579,,,1,20,,10565,,,1,17,,10611,,,1,14,,10568,,,1,55,,10566,,,1,16,,10592,,,1,7,,10616,,,1,8,,10602,,,1,16,,10581,,,1,49,,10615,,,1,8,,10564,,,1,6,,10618,,,1,11,,10613,,,1,17,,10567,,,1,58,,10563,,,1,15,,10593,,,1,16,,10601,,,1,14,,10580,,,1,55,,10561,,,1,14,,10612,,,1,15,,10569,,,1,14,,10562,,,1,55,,10591,,,1,14,,10603,,,1,15,,10582,,,1,13,,10560,,,1,14,,10614,,,1,54,,10570,,,1,17,,10558,,,1,20,,10604,,,1,63,,10559,,,1,25,,10571,,,1,69,,10557,,,1,43,,10572,,,1,84,,10556,,,1
6101,'CPSaturday',608,,10687,,,1,30,,10681,,,1,72,,10682,,,1,21,,10683,,,1,20,,10686,,,1,59,,10676,,,1,18,,10670,,,1,21,,10669,,,1,62,,10668,,,1,20,,10689,,,1,22,,10678,,,1,59,,10666,,,1,18,,10667,,,1,20,,10662,,,1,60,,10657,,,1,18,,10688,,,1,18,,10677,,,1,60,,10656,,,1,21,,10655,,,1,22,,10665,,,1,60,,10654,,,1,20,,10691,,,1,22,,10679,,,1,54,,10653,,,1,14,,10652,,,1,17,,10647,,,1,18,,10658,,,1,58,,10646,,,1,18,,10651,,,1,16,,10690,,,1,56,,10680,,,1,17,,10643,,,1,17,,10645,,,1,17,,10644,,,1,57,,10664,,,1,15,,10637,,,1,13,,10648,,,1,15,,10684,,,1,53,,10636,,,1,13,,10671,,,1,14,,10635,,,1,13,,10634,,,1,13,,10639,,,1,54,,10661,,,1,13,,10631,,,1,13,,10650,,,1,13,,10685,,,1,53,,10632,,,1,13,,10673,,,1,14,,10627,,,1,10,,10633,,,1,11,,10640,,,1,52,,10659,,,1,12,,10626,,,1,17,,10649,,,1,16,,10625,,,1,56,,10672,,,1,16,,10628,,,1,13,,10638,,,1,14,,10660,,,1,56,,10623,,,1,18,,10624,,,1,17,,10674,,,1,15,,10629,,,1,55,,10642,,,1,14,,10663,,,1,15,,10622,,,1,15,,10620,,,1,54,,10675,,,1,13,,10630,,,1,13,,10641,,,1,66,,10621,,,1
6101,'CPSunday',651,,10744,,,1,85,,10732,,,1,83,,10743,,,1,24,,10730,,,1,63,,10731,,,1,23,,10723,,,1,23,,10741,,,1,63,,10721,,,1,18,,10724,,,1,19,,10733,,,1,63,,10720,,,1,22,,10742,,,1,22,,10719,,,1,62,,10725,,,1,13,,10753,,,1,12,,10734,,,1,62,,10712,,,1,23,,10745,,,1,22,,10713,,,1,65,,10726,,,1,12,,10755,,,1,13,,10735,,,1,64,,10714,,,1,15,,10709,,,1,15,,10746,,,1,15,,10710,,,1,55,,10711,,,1,17,,10722,,,1,16,,10736,,,1,60,,10715,,,1,20,,10701,,,1,17,,10747,,,1,14,,10704,,,1,55,,10702,,,1,16,,10728,,,1,7,,10752,,,1,8,,10738,,,1,16,,10717,,,1,49,,10751,,,1,8,,10700,,,1,6,,10754,,,1,11,,10749,,,1,17,,10703,,,1,58,,10699,,,1,15,,10729,,,1,16,,10737,,,1,14,,10716,,,1,55,,10697,,,1,14,,10748,,,1,15,,10705,,,1,14,,10698,,,1,55,,10727,,,1,14,,10739,,,1,15,,10718,,,1,13,,10696,,,1,14,,10750,,,1,54,,10706,,,1,17,,10694,,,1,20,,10740,,,1,63,,10695,,,1,25,,10707,,,1,69,,10693,,,1,43,,10708,,,1,84,,10692,,,1
6101,'CPWeekday',410,,10756,,,1,20,,10757,,,1,26,,10758,,,1,66,,10759,,,1,20,,10760,,,1,17,,10761,,,1,57,,10762,,,1,12,,10763,,,1,14,,10764,,,1,12,,10765,,,1,52,,10766,,,1,13,,10767,,,1,14,,10768,,,1,13,,10769,,,1,12,,10770,,,1,53,,10771,,,1,14,,10772,,,1,12,,10773,,,1,13,,10774,,,1,52,,10775,,,1,12,,10776,,,1,11,,10777,,,1,12,,10778,,,1,12,,10779,,,1,52,,10780,,,1,11,,10781,,,1,12,,10782,,,1,15,,10783,,,1,15,,10784,,,1,55,,10785,,,1,15,,10786,,,1,14,,10787,,,1,13,,10788,,,1,53,,10789,,,1,13,,10790,,,1,13,,10791,,,1,14,,10792,,,1,14,,10793,,,1,55,,10794,,,1,15,,10795,,,1,15,,10796,,,1,14,,10797,,,1,54,,10798,,,1,14,,10799,,,1,14,,10800,,,1,14,,10801,,,1,55,,10802,,,1,13,,10803,,,1,12,,10804,,,1,12,,10805,,,1,12,,10806,,,1,52,,10807,,,1,12,,10808,,,1,11,,10809,,,1,11,,10810,,,1,11,,10811,,,1,51,,10812,,,1,11,,10813,,,1,12,,10814,,,1,12,,10815,,,1,12,,10816,,,1,52,,10817,,,1,12,,10818,,,1,11,,10819,,,1,12,,10820,,,1,11,,10821,,,1,51,,10822,,,1,12,,10823,,,1,11,,10824,,,1,11,,10825,,,1,11,,10826,,,1,10,,10827,,,1,51,,10828,,,1,8,,10829,,,1,10,,10830,,,1,11,,10831,,,1,14,,10832,,,1,52,,10833,,,1,12,,10834,,,1,13,,10835,,,1,13,,10836,,,1,14,,10837,,,1,54,,10838,,,1,11,,10839,,,1,12,,10840,,,1,10,,10841,,,1,12,,10842,,,1,52,,10843,,,1,12,,10844,,,1,14,,10845,,,1,14,,10846,,,1,55,,10847,,,1,15,,10848,,,1,14,,10849,,,1,12,,10850,,,1,59,,10851,,,1,20,,10852,,,1,19,,10853,,,1,19,,10854,,,1,60,,10855,,,1,19,,10856,,,1,20,,10857,,,1
6601,'CPHoliday1',551,,11184,,,1,4,,11252,,,1,59,,11185,,,1,23,,11186,,,1,64,,11187,,,1,23,,11188,,,1,22,,11189,,,1,57,,11190,,,1,18,,11191,,,1,18,,11192,,,1,17,,11193,,,1,59,,11194,,,1,19,,11195,,,1,18,,11196,,,1,60,,11197,,,1,18,,11198,,,1,18,,11199,,,1,58,,11200,,,1,20,,11201,,,1,20,,11202,,,1,61,,11203,,,1,20,,11204,,,1,18,,11205,,,1,55,,11206,,,1,15,,11207,,,1,14,,11208,,,1,14,,11209,,,1,13,,11210,,,1,47,,11253,,,1,6,,11211,,,1,13,,11212,,,1,14,,11213,,,1,14,,11214,,,1,54,,11215,,,1,13,,11216,,,1,14,,11217,,,1,14,,11218,,,1,14,,11219,,,1,54,,11220,,,1,14,,11221,,,1,14,,11222,,,1,14,,11223,,,1,54,,11224,,,1,13,,11225,,,1,14,,11226,,,1,14,,11227,,,1,52,,11228,,,1,14,,11229,,,1,13,,11230,,,1,13,,11231,,,1,15,,11232,,,1,54,,11233,,,1,14,,11234,,,1,15,,11235,,,1,16,,11236,,,1,55,,11237,,,1,15,,11238,,,1,14,,11239,,,1,14,,11240,,,1,55,,11241,,,1,15,,11242,,,1,14,,11243,,,1,12,,11244,,,1,52,,11245,,,1,29,,11246,,,1,74,,11247,,,1,34,,11248,,,1,73,,11249,,,1,33,,11250,,,1,73,,11251,,,1
6601,'CPSaturday',540,,11254,,,1,63,,11270,,,1,23,,11281,,,1,24,,11255,,,1,66,,11271,,,1,26,,11282,,,1,65,,11256,,,1,18,,11325,,,1,16,,11269,,,1,16,,11284,,,1,56,,11327,,,1,17,,11257,,,1,15,,11326,,,1,55,,11274,,,1,16,,11283,,,1,15,,11328,,,1,12,,11329,,,1,12,,11258,,,1,52,,11319,,,1,13,,11273,,,1,15,,11293,,,1,14,,11322,,,1,53,,11324,,,1,14,,11259,,,1,14,,11320,,,1,14,,11272,,,1,14,,11294,,,1,55,,11321,,,1,14,,11323,,,1,14,,11260,,,1,14,,11318,,,1,54,,11277,,,1,15,,11285,,,1,14,,11313,,,1,15,,11316,,,1,56,,11261,,,1,15,,11314,,,1,15,,11278,,,1,15,,11288,,,1,55,,11315,,,1,15,,11317,,,1,15,,11262,,,1,14,,11312,,,1,53,,11276,,,1,15,,11286,,,1,15,,11311,,,1,15,,11310,,,1,55,,11263,,,1,15,,11309,,,1,15,,11275,,,1,15,,11287,,,1,54,,11307,,,1,14,,11308,,,1,13,,11264,,,1,14,,11304,,,1,54,,11279,,,1,13,,11289,,,1,13,,11301,,,1,14,,11300,,,1,13,,11265,,,1,52,,11303,,,1,13,,11280,,,1,13,,11291,,,1,13,,11299,,,1,13,,11298,,,1,57,,11266,,,1,17,,11302,,,1,17,,11292,,,1,58,,11297,,,1,18,,11267,,,1,17,,11305,,,1,17,,11290,,,1,55,,11296,,,1,16,,11268,,,1,16,,11306,,,1,55,,11295,,,1
6601,'CPSunday',551,,11330,,,1,4,,11398,,,1,59,,11331,,,1,23,,11332,,,1,64,,11333,,,1,23,,11334,,,1,22,,11335,,,1,57,,11336,,,1,18,,11337,,,1,18,,11338,,,1,17,,11339,,,1,59,,11340,,,1,19,,11341,,,1,18,,11342,,,1,60,,11343,,,1,18,,11344,,,1,18,,11345,,,1,58,,11346,,,1,20,,11347,,,1,20,,11348,,,1,61,,11349,,,1,20,,11350,,,1,18,,11351,,,1,55,,11352,,,1,15,,11353,,,1,14,,11354,,,1,14,,11355,,,1,13,,11356,,,1,47,,11399,,,1,6,,11357,,,1,13,,11358,,,1,14,,11359,,,1,14,,11360,,,1,54,,11361,,,1,13,,11362,,,1,14,,11363,,,1,14,,11364,,,1,14,,11365,,,1,54,,11366,,,1,14,,11367,,,1,14,,11368,,,1,14,,11369,,,1,54,,11370,,,1,13,,11371,,,1,14,,11372,,,1,14,,11373,,,1,52,,11374,,,1,14,,11375,,,1,13,,11376,,,1,13,,11377,,,1,15,,11378,,,1,54,,11379,,,1,14,,11380,,,1,15,,11381,,,1,16,,11382,,,1,55,,11383,,,1,15,,11384,,,1,14,,11385,,,1,14,,11386,,,1,55,,11387,,,1,15,,11388,,,1,14,,11389,,,1,12,,11390,,,1,52,,11391,,,1,29,,11392,,,1,74,,11393,,,1,34,,11394,,,1,73,,11395,,,1,33,,11396,,,1,73,,11397,,,1
6601,'CPWeekday',458,,11513,,,1,55,,11501,,,1,14,,11502,,,1,14,,11495,,,1,14,,11496,,,1,51,,11500,,,1,11,,11512,,,1,10,,11498,,,1,9,,11494,,,1,10,,11499,,,1,9,,11497,,,1,51,,11489,,,1,9,,11490,,,1,9,,11491,,,1,9,,11492,,,1,9,,11503,,,1,9,,11482,,,1,50,,11488,,,1,9,,11483,,,1,9,,11484,,,1,9,,11485,,,1,9,,11478,,,1,9,,11480,,,1,9,,11479,,,1,49,,11504,,,1,9,,11486,,,1,9,,11493,,,1,11,,11481,,,1,12,,11487,,,1,12,,11468,,,1,52,,11471,,,1,12,,11469,,,1,11,,11505,,,1,12,,11473,,,1,12,,11472,,,1,52,,11458,,,1,12,,11462,,,1,12,,11460,,,1,12,,11461,,,1,12,,11508,,,1,52,,11457,,,1,12,,11467,,,1,12,,11454,,,1,12,,11463,,,1,12,,11455,,,1,52,,11456,,,1,12,,11506,,,1,12,,11453,,,1,12,,11474,,,1,12,,11448,,,1,52,,11459,,,1,13,,11447,,,1,14,,11446,,,1,10,,11507,,,1,10,,11444,,,1,48,,11442,,,1,8,,11470,,,1,9,,11445,,,1,8,,11443,,,1,8,,11465,,,1,8,,11433,,,1,8,,11432,,,1,49,,11434,,,1,8,,11450,,,1,8,,11509,,,1,8,,11430,,,1,9,,11435,,,1,10,,11477,,,1,10,,11428,,,1,49,,11429,,,1,9,,11466,,,1,9,,11427,,,1,9,,11424,,,1,8,,11422,,,1,7,,11449,,,1,8,,11510,,,1,48,,11423,,,1,7,,11431,,,1,8,,11476,,,1,7,,11425,,,1,7,,11419,,,1,7,,11464,,,1,7,,11420,,,1,8,,11421,,,1,48,,11417,,,1,8,,11451,,,1,8,,11511,,,1,8,,11418,,,1,8,,11436,,,1,6,,11475,,,1,6,,11426,,,1,6,,11416,,,1,54,,11415,,,1,14,,11414,,,1,14,,11452,,,1,14,,11413,,,1,54,,11440,,,1,13,,11411,,,1,14,,11409,,,1,14,,11410,,,1,59,,11412,,,1,17,,11438,,,1,17,,11407,,,1,17,,11408,,,1,56,,11405,,,1,16,,11439,,,1,18,,11406,,,1,18,,11404,,,1,57,,11403,,,1,18,,11441,,,1,17,,11400,,,1,57,,11401,,,1,17,,11402,,,1,17,,11437,,,1
