3800,'CPHoliday1',821,,8064,50,,,1,92,,8075,50,,,1,93,,8065,50,,,1,50,,8066,50,,,1,97,,8071,50,,,1,96,,8068,50,,,1,96,,8067,50,,,1,95,,8074,50,,,1,97,,8069,50,,,1,95,,8073,50,,,1,95,,8070,50,,,1,94,,8072,50,,,1,93,,8076,50,,,1,94,,8078,50,,,1,50,,8077,50,,,1
3800,'CPSaturday',708,,8093,50,,,1,36,,8094,50,,,1,70,,8095,50,,,1,32,,8096,50,,,1,71,,8097,50,,,1,31,,8098,50,,,1,73,,8099,50,,,1,33,,8100,50,,,1,71,,8101,50,,,1,34,,8102,50,,,1,74,,8103,50,,,1,74,,8104,50,,,1,35,,8105,50,,,1,74,,8106,50,,,1,37,,8107,50,,,1,75,,8108,50,,,1,75,,8109,50,,,1,36,,8110,50,,,1,74,,8079,50,,,1,33,,8080,50,,,1,74,,8081,50,,,1,33,,8082,50,,,1,73,,8083,50,,,1,31,,8084,50,,,1,72,,8085,50,,,1,72,,8086,50,,,1,32,,8087,50,,,1,69,,8088,50,,,1,30,,8089,50,,,1,69,,8090,50,,,1,27,,8091,50,,,1,24,,8092,50,,,1
3800,'CPSunday',821,,8111,50,,,1,92,,8122,50,,,1,93,,8112,50,,,1,50,,8113,50,,,1,97,,8118,50,,,1,96,,8115,50,,,1,96,,8114,50,,,1,95,,8121,50,,,1,97,,8116,50,,,1,95,,8120,50,,,1,95,,8117,50,,,1,94,,8119,50,,,1,93,,8123,50,,,1,94,,8125,50,,,1,50,,8124,50,,,1
3800,'CPWeekday',504,,8162,50,,,1,30,,8151,50,,,1,23,,8150,50,,,1,67,,8148,50,,,1,27,,8147,50,,,1,67,,8149,50,,,1,33,,8159,50,,,1,67,,8126,33,,,1,5,,8153,50,,,1,36,,8142,50,,,1,75,,8140,50,,,1,78,,8139,50,,,1,39,,8163,50,,,1,80,,8154,50,,,1,78,,8141,50,,,1,37,,8136,50,,,1,76,,8135,50,,,1,35,,8160,50,,,1,77,,8155,50,,,1,16,,8134,50,,,1,75,,8145,50,,,1,32,,8137,50,,,1,70,,8132,50,,,1,29,,8133,50,,,1,69,,8164,50,,,1,28,,8156,50,,,1,70,,8131,50,,,1,28,,8146,50,,,1,71,,8138,50,,,1,32,,8128,50,,,1,74,,8161,50,,,1,73,,8152,50,,,1,26,,8127,50,,,1,26,,8143,50,,,1,86,,8129,50,,,1,85,,8157,50,,,1,83,,8144,50,,,1,41,,8130,50,,,1
4300,'CPWeekday',534,,9068,52,,,1,80,,9075,52,,,1,41,,9071,52,,,1,80,,9073,52,,,1,80,,9069,52,,,1,40,,9076,52,,,1,80,,9072,52,,,1,76,,9074,52,,,1,40,,9070,52,,,1
4400,'CPHoliday1',749,,9109,39,,,1,84,,9110,39,,,1,85,,9108,39,,,1,85,,9106,39,,,1,30,,9105,39,,,1,70,,9107,39,,,1,30,,9103,39,,,1,71,,9102,39,,,1,29,,9104,39,,,1,71,,9100,39,,,1,31,,9101,39,,,1,71,,9098,39,,,1,31,,9099,39,,,1,71,,9097,39,,,1,31,,9096,39,,,1,71,,9095,39,,,1,31,,9094,39,,,1,71,,9093,39,,,1,31,,9092,39,,,1,85,,9088,39,,,1,86,,9089,39,,,1,40,,9087,39,,,1,85,,9090,39,,,1,83,,9086,39,,,1,80,,9091,39,,,1
4400,'CPSaturday',754,,9133,39,,,1,85,,9134,39,,,1,88,,9132,39,,,1,85,,9130,39,,,1,45,,9131,39,,,1,85,,9129,39,,,1,85,,9128,39,,,1,85,,9125,39,,,1,30,,9127,39,,,1,71,,9126,39,,,1,32,,9124,39,,,1,74,,9123,39,,,1,32,,9122,39,,,1,72,,9121,39,,,1,32,,9120,39,,,1,71,,9118,39,,,1,32,,9117,39,,,1,71,,9116,39,,,1,72,,9119,39,,,1,32,,9113,39,,,1,81,,9112,39,,,1,42,,9114,39,,,1,84,,9111,39,,,1,82,,9115,39,,,1
4400,'CPSunday',749,,9158,39,,,1,84,,9159,39,,,1,85,,9157,39,,,1,85,,9155,39,,,1,30,,9154,39,,,1,70,,9156,39,,,1,30,,9152,39,,,1,71,,9151,39,,,1,29,,9153,39,,,1,71,,9149,39,,,1,31,,9150,39,,,1,71,,9147,39,,,1,31,,9148,39,,,1,71,,9146,39,,,1,31,,9145,39,,,1,71,,9144,39,,,1,31,,9143,39,,,1,71,,9142,39,,,1,31,,9141,39,,,1,85,,9137,39,,,1,86,,9138,39,,,1,40,,9136,39,,,1,85,,9139,39,,,1,83,,9135,39,,,1,80,,9140,39,,,1
4400,'CPWeekday',559,,9198,39,,,1,56,,9199,39,,,1,20,,9203,39,,,1,20,,9200,39,,,1,63,,9195,39,,,1,20,,9197,39,,,1,20,,9196,39,,,1,60,,9204,39,,,1,20,,9194,39,,,1,62,,9191,39,,,1,22,,9192,39,,,1,22,,9193,39,,,1,62,,9208,39,,,1,22,,9184,39,,,1,22,,9183,39,,,1,62,,9186,39,,,1,22,,9182,39,,,1,22,,9205,39,,,1,60,,9181,39,,,1,20,,9180,39,,,1,20,,9190,39,,,1,60,,9175,39,,,1,20,,9206,39,,,1,20,,9176,39,,,1,60,,9174,39,,,1,21,,9210,39,,,1,10,,9187,39,,,1,54,,9173,39,,,1,12,,9215,39,,,1,12,,9202,39,,,1,14,,9179,39,,,1,14,,9218,39,,,1,56,,9172,39,,,1,16,,9188,39,,,1,14,,9213,39,,,1,14,,9171,39,,,1,54,,9201,39,,,1,14,,9211,39,,,1,16,,9177,39,,,1,16,,9165,39,,,1,50,,9216,39,,,1,18,,9189,39,,,1,15,,9167,39,,,1,10,,9217,39,,,1,55,,9207,39,,,1,16,,9212,39,,,1,11,,9178,39,,,1,14,,9161,39,,,1,13,,9209,39,,,1,54,,9185,39,,,1,14,,9166,39,,,1,16,,9214,39,,,1,80,,9162,39,,,1,81,,9168,39,,,1,43,,9160,39,,,1,86,,9170,39,,,1,86,,9163,39,,,1,86,,9169,39,,,1,45,,9164,39,,,1
10801,'CPWeekday',1520,,12886,7,,,1,31,,12887,7,,,1,60,,12888,7,,,1,20,,12889,7,,,1,22,,12890,7,,,1,62,,12891,7,,,1,23,,12892,7,,,1,65,,12893,7,,,1,28,,12894,7,,,1,70,,12895,7,,,1,30,,12896,7,,,1,70,,12897,7,,,1
