4500,'CPHoliday1',818,,9377,20,,,1,36,,9378,20,,,1,76,,9379,20,,,1,75,,9375,20,,,1,38,,9376,20,,,1,78,,9366,20,,,1,38,,9367,20,,,1,81,,9371,20,,,1,80,,9368,20,,,1,80,,9370,20,,,1,40,,9369,20,,,1,80,,9365,20,,,1,81,,9364,20,,,1,40,,9374,20,,,1,80,,9361,20,,,1,80,,9362,20,,,1,39,,9372,20,,,1,80,,9359,20,,,1,38,,9363,20,,,1,77,,9373,20,,,1,78,,9358,20,,,1,36,,9360,20,,,1
4500,'CPSaturday',647,,9403,20,,,1,75,,9402,20,,,1,35,,9401,20,,,1,75,,9400,20,,,1,78,,9399,20,,,1,38,,9398,20,,,1,80,,9397,20,,,1,81,,9392,20,,,1,40,,9390,20,,,1,80,,9394,20,,,1,81,,9389,20,,,1,42,,9388,20,,,1,82,,9393,20,,,1,84,,9387,20,,,1,82,,9385,20,,,1,42,,9395,20,,,1,82,,9384,20,,,1,80,,9381,20,,,1,38,,9396,20,,,1,78,,9386,20,,,1,80,,9380,20,,,1,40,,9391,20,,,1,80,,9383,20,,,1,35,,9382,20,,,1
4500,'CPSunday',818,,9423,20,,,1,36,,9424,20,,,1,76,,9425,20,,,1,75,,9421,20,,,1,38,,9422,20,,,1,78,,9412,20,,,1,38,,9413,20,,,1,81,,9417,20,,,1,80,,9414,20,,,1,80,,9416,20,,,1,40,,9415,20,,,1,80,,9411,20,,,1,81,,9410,20,,,1,40,,9420,20,,,1,80,,9407,20,,,1,80,,9408,20,,,1,39,,9418,20,,,1,80,,9405,20,,,1,38,,9409,20,,,1,77,,9419,20,,,1,78,,9404,20,,,1,36,,9406,20,,,1
4500,'CPWeekday',506,,9427,20,,,1,40,,9428,20,,,1,78,,9430,20,,,1,32,,9432,20,,,1,82,,9434,20,,,1,78,,9436,20,,,1,40,,9438,20,,,1,80,,9440,20,,,1,19,,9441,20,,,1,59,,9442,20,,,1,30,,9443,20,,,1,75,,9444,20,,,1,32,,9445,20,,,1,72,,9446,20,,,1,32,,9447,20,,,1,75,,9448,20,,,1,72,,9449,20,,,1,57,,9451,20,,,1,80,,9453,20,,,1,72,,9455,20,,,1,40,,9457,20,,,1,55,,9426,20,,,1,25,,9459,20,,,1,74,,9461,20,,,1,35,,9463,20,,,1,80,,9465,20,,,1,25,,9466,20,,,1,66,,9467,20,,,1,19,,9468,20,,,1,19,,9469,20,,,1,59,,9470,20,,,1,20,,9471,20,,,1,20,,9472,20,,,1,75,,9473,20,,,1,36,,9474,20,,,1,75,,9475,20,,,1,76,,9476,20,,,1
4501,'CPHoliday1',818,,9497,33,,,1,35,,9494,33,,,1,78,,9496,33,,,1,78,,9495,33,,,1,38,,9493,33,,,1,78,,9488,33,,,1,79,,9489,33,,,1,40,,9486,33,,,1,78,,9485,33,,,1,80,,9490,33,,,1,40,,9487,33,,,1,80,,9483,33,,,1,80,,9491,33,,,1,39,,9482,33,,,1,80,,9480,33,,,1,79,,9492,33,,,1,40,,9478,33,,,1,80,,9481,33,,,1,80,,9484,33,,,1,37,,9477,33,,,1,78,,9479,33,,,1
4501,'CPSaturday',613,,9521,33,,,1,36,,9520,33,,,1,74,,9519,33,,,1,36,,9518,33,,,1,77,,9517,33,,,1,75,,9516,33,,,1,39,,9515,33,,,1,78,,9514,33,,,1,83,,9511,33,,,1,42,,9510,33,,,1,80,,9507,33,,,1,80,,9506,33,,,1,43,,9508,33,,,1,82,,9505,33,,,1,81,,9504,33,,,1,81,,9512,33,,,1,42,,9501,33,,,1,81,,9500,33,,,1,81,,9509,33,,,1,42,,9503,33,,,1,81,,9498,33,,,1,78,,9513,33,,,1,37,,9502,33,,,1,77,,9499,33,,,1
4501,'CPSunday',818,,9542,33,,,1,35,,9539,33,,,1,78,,9541,33,,,1,78,,9540,33,,,1,38,,9538,33,,,1,78,,9533,33,,,1,79,,9534,33,,,1,40,,9531,33,,,1,78,,9530,33,,,1,80,,9535,33,,,1,40,,9532,33,,,1,80,,9528,33,,,1,80,,9536,33,,,1,39,,9527,33,,,1,80,,9525,33,,,1,79,,9537,33,,,1,40,,9523,33,,,1,80,,9526,33,,,1,80,,9529,33,,,1,37,,9522,33,,,1,78,,9524,33,,,1
4501,'CPWeekday',507,,9543,33,,,1,33,,9544,33,,,1,73,,9545,33,,,1,42,,9547,33,,,1,81,,9549,33,,,1,80,,9551,33,,,1,40,,9553,33,,,1,78,,9555,33,,,1,80,,9557,33,,,1,99,,9559,33,,,1,31,,9560,33,,,1,72,,9561,33,,,1,32,,9562,33,,,1,72,,9563,33,,,1,32,,9564,33,,,1,64,,9565,33,,,1,22,,9566,33,,,1,20,,9567,33,,,1,88,,9569,33,,,1,81,,9571,33,,,1,76,,9573,33,,,1,36,,9575,33,,,1,75,,9577,33,,,1,35,,9579,33,,,1,74,,9581,33,,,1,30,,9583,33,,,1,57,,9584,33,,,1,18,,9585,33,,,1,21,,9586,33,,,1,62,,9587,33,,,1,38,,9588,33,,,1,77,,9589,33,,,1,76,,9590,33,,,1,36,,9591,33,,,1
7100,'CPWeekday',1646,,11812,7,,,1,60,,11815,7,,,1,20,,11813,7,,,1,30,,11814,7,,,1
7101,'CPWeekday',802,,11816,23,,,1,26,,11818,23,,,1,24,,11817,23,,,1
