700,'CPSunday',2207,,16240,20,,,1
700,'CPWeekday',241,,16241,20,,,1,81,,16242,20,,,1,82,,16243,20,,,1,42,,16244,20,,,1
700,'MASaturday',405,,16355,20,,,1,24,,16354,20,,,1,24,,16353,20,,,1,66,,16352,20,,,1,22,,16351,20,,,1,62,,16350,20,,,1,22,,16349,20,,,1,23,,16348,20,,,1,63,,16347,20,,,1,25,,16346,20,,,1,67,,16345,20,,,1,27,,16344,20,,,1,26,,16338,20,,,1,65,,16337,20,,,1,25,,16335,20,,,1,65,,16332,20,,,1,24,,16333,20,,,1,65,,16334,20,,,1,27,,16339,20,,,1,27,,16331,20,,,1,69,,16330,20,,,1,28,,16324,20,,,1,67,,16329,20,,,1,27,,16323,20,,,1,61,,16322,20,,,1,21,,16341,20,,,1,21,,16328,20,,,1,62,,16321,20,,,1,22,,16318,20,,,1,19,,16316,20,,,1,60,,16319,20,,,1,20,,16314,20,,,1,21,,16313,20,,,1,62,,16340,20,,,1,22,,16325,20,,,1,22,,16312,20,,,1,62,,16310,20,,,1,22,,16311,20,,,1,60,,16317,20,,,1,19,,16308,20,,,1,19,,16306,20,,,1,19,,16342,20,,,1,58,,16326,20,,,1,19,,16309,20,,,1,20,,16303,20,,,1,58,,16302,20,,,1,19,,16320,20,,,1,20,,16307,20,,,1,60,,16301,20,,,1,20,,16343,20,,,1,19,,16327,20,,,1,60,,16304,20,,,1,17,,16299,20,,,1,18,,16300,20,,,1,59,,16315,20,,,1,18,,16305,20,,,1,19,,16298,20,,,1,57,,16336,20,,,1,18,,16356,20,,,1
700,'MASunday',438,,16393,20,,,1,21,,16406,20,,,1,63,,16389,20,,,1,21,,16384,20,,,1,61,,16383,20,,,1,22,,16399,20,,,1,24,,16382,20,,,1,63,,16408,20,,,1,23,,16390,20,,,1,23,,16381,20,,,1,63,,16378,20,,,1,23,,16400,20,,,1,63,,16379,20,,,1,24,,16407,20,,,1,24,,16391,20,,,1,65,,16373,20,,,1,25,,16372,20,,,1,64,,16401,20,,,1,25,,16380,20,,,1,24,,16405,20,,,1,64,,16392,20,,,1,24,,16371,20,,,1,65,,16366,20,,,1,25,,16398,20,,,1,22,,16365,20,,,1,61,,16377,20,,,1,21,,16404,20,,,1,62,,16385,20,,,1,21,,16368,20,,,1,20,,16362,20,,,1,62,,16395,20,,,1,22,,16360,20,,,1,22,,16374,20,,,1,62,,16402,20,,,1,22,,16387,20,,,1,20,,16369,20,,,1,60,,16361,20,,,1,21,,16394,20,,,1,21,,16357,20,,,1,62,,16376,20,,,1,22,,16403,20,,,1,61,,16386,20,,,1,23,,16370,20,,,1,22,,16363,20,,,1,60,,16396,20,,,1,21,,16358,20,,,1,20,,16375,20,,,1,79,,16388,20,,,1,19,,16367,20,,,1,60,,16364,20,,,1,19,,16397,20,,,1,19,,16359,20,,,1,60,,16409,20,,,1
700,'MAWeekday',510,,16410,20,,,1,24,,16411,20,,,1,24,,16412,20,,,1,64,,16413,20,,,1,22,,16414,20,,,1,61,,16415,20,,,1,20,,16416,20,,,1,24,,16417,20,,,1,64,,16418,20,,,1,26,,16419,20,,,1,65,,16420,20,,,1,28,,16421,20,,,1,70,,16422,20,,,1,30,,16423,20,,,1,25,,16424,20,,,1,65,,16425,20,,,1,25,,16426,20,,,1,65,,16427,20,,,1,25,,16428,20,,,1,20,,16429,20,,,1,60,,16430,20,,,1,22,,16431,20,,,1,64,,16432,20,,,1,25,,16433,20,,,1,25,,16434,20,,,1,66,,16435,20,,,1,25,,16436,20,,,1,65,,16437,20,,,1,26,,16438,20,,,1,65,,16439,20,,,1,25,,16440,20,,,1,25,,16441,20,,,1,65,,16442,20,,,1,26,,16443,20,,,1,66,,16444,20,,,1,25,,16445,20,,,1,24,,16446,20,,,1,64,,16447,20,,,1,22,,16448,20,,,1,62,,16449,20,,,1,24,,16450,20,,,1,73,,16451,20,,,1,27,,16452,20,,,1,26,,16453,20,,,1,68,,16454,20,,,1,34,,16455,20,,,1,75,,16456,20,,,1,72,,16457,20,,,1,29,,16458,20,,,1,69,,16459,20,,,1
3900,'CPSaturday',830,,22199,68,,,1,25,,22198,68,,,1,258,,22200,68,,,1,29,,22197,68,,,1,272,,22201,68,,,1,30,,22196,68,,,1,272,,22202,68,,,1,30,,22195,68,,,1,260,,22203,68,,,1,28,,22194,68,,,1,207,,22204,68,,,1
3900,'CPSunday',647,,22225,68,,,1,78,,22219,68,,,1,83,,22214,68,,,1,38,,22210,68,,,1,81,,22226,68,,,1,83,,22217,68,,,1,42,,22215,68,,,1,84,,22209,68,,,1,83,,22224,68,,,1,85,,22218,68,,,1,47,,22211,68,,,1,85,,22208,68,,,1,85,,22227,68,,,1,85,,22221,68,,,1,45,,22212,68,,,1,83,,22207,68,,,1,85,,22228,68,,,1,84,,22220,68,,,1,40,,22213,68,,,1,84,,22206,68,,,1,82,,22223,68,,,1,40,,22222,68,,,1,81,,22216,68,,,1,75,,22205,68,,,1
3900,'MASaturday',646,,22252,68,,,1,65,,22251,68,,,1,28,,22245,68,,,1,66,,22244,68,,,1,116,,22246,68,,,1,28,,22239,68,,,1,66,,22237,68,,,1,30,,22238,68,,,1,166,,22250,68,,,1,31,,22240,68,,,1,71,,22234,68,,,1,30,,22232,68,,,1,171,,22249,68,,,1,30,,22243,68,,,1,71,,22235,68,,,1,30,,22230,68,,,1,169,,22247,68,,,1,27,,22242,68,,,1,69,,22233,68,,,1,30,,22229,68,,,1,162,,22248,68,,,1,25,,22241,68,,,1,26,,22236,68,,,1,64,,22231,68,,,1
3900,'MAWeekday',518,,22253,36,,,1,92,,22254,69,,,1,25,,22255,69,,,1,24,,22256,69,,,1,62,,22257,69,,,1,19,,22258,69,,,1,61,,22259,69,,,1,19,,22260,69,,,1,20,,22261,69,,,1,63,,22262,69,,,1,24,,22263,69,,,1,20,,22264,68,,,1,71,,22265,68,,,1,35,,22266,68,,,1,77,,22267,68,,,1,77,,22268,68,,,1,38,,22269,68,,,1,77,,22270,68,,,1,36,,22271,68,,,1,74,,22272,68,,,1,25,,22273,68,,,1,69,,22274,69,,,1,20,,22275,69,,,1,61,,22276,69,,,1,21,,22277,69,,,1,22,,22278,69,,,1,58,,22279,69,,,1,19,,22280,69,,,1,17,,22281,69,,,1,59,,22282,69,,,1,21,,22283,69,,,1,22,,22284,69,,,1,60,,22285,69,,,1,21,,22286,69,,,1,16,,22287,68,,,1,62,,22288,68,,,1,22,,22289,68,,,1,18,,22290,68,,,1,75,,22291,68,,,1,37,,22292,68,,,1,81,,22293,68,,,1,80,,22294,68,,,1,37,,22295,68,,,1,75,,22296,68,,,1,73,,22297,68,,,1,33,,22298,68,,,1,74,,22299,68,,,1
4301,'CPWeekday',1514,,22984,61,,,1,42,,22982,61,,,1,83,,22987,61,,,1,81,,22989,61,,,1,81,,22985,61,,,1,40,,22983,61,,,1,80,,22988,61,,,1,80,,22990,61,,,1,39,,22986,61,,,1
