901,'CPHoliday1',613,,16729,,,1,45,,16728,,,1,86,,16727,,,1,89,,16726,,,1,89,,16720,,,1,89,,16719,,,1,48,,16725,,,1,77,,16716,,,1,76,,16714,,,1,36,,16724,,,1,76,,16717,,,1,77,,16718,,,1,37,,16721,,,1,78,,16709,,,1,38,,16710,,,1,77,,16723,,,1,77,,16708,,,1,37,,16712,,,1,77,,16722,,,1,78,,16707,,,1,47,,16711,,,1,94,,16706,,,1,90,,16713,,,1,90,,16705,,,1,90,,16715,,,1
901,'CPSaturday',603,,16763,,,1,30,,16764,,,1,71,,16762,,,1,31,,16760,,,1,73,,16761,,,1,34,,16749,,,1,74,,16757,,,1,35,,16748,,,1,73,,16740,,,1,35,,16751,,,1,76,,16744,,,1,77,,16737,,,1,37,,16752,,,1,78,,16743,,,1,77,,16736,,,1,40,,16753,,,1,79,,16745,,,1,78,,16735,,,1,38,,16754,,,1,79,,16746,,,1,37,,16734,,,1,77,,16755,,,1,75,,16738,,,1,35,,16733,,,1,75,,16756,,,1,35,,16741,,,1,74,,16732,,,1,74,,16758,,,1,34,,16739,,,1,73,,16731,,,1,34,,16750,,,1,74,,16742,,,1,30,,16730,,,1,67,,16759,,,1,27,,16747,,,1
901,'CPSunday',613,,16789,,,1,45,,16788,,,1,86,,16787,,,1,89,,16786,,,1,89,,16780,,,1,89,,16779,,,1,48,,16785,,,1,77,,16776,,,1,76,,16774,,,1,36,,16784,,,1,76,,16777,,,1,77,,16778,,,1,37,,16781,,,1,78,,16769,,,1,38,,16770,,,1,77,,16783,,,1,77,,16768,,,1,37,,16772,,,1,77,,16782,,,1,78,,16767,,,1,47,,16771,,,1,94,,16766,,,1,90,,16773,,,1,90,,16765,,,1,90,,16775,,,1
901,'CPWeekday',501,,16834,,,1,26,,16835,,,1,22,,16836,,,1,61,,16837,,,1,21,,16838,,,1,21,,16828,,,1,62,,16830,,,1,23,,16832,,,1,67,,16831,,,1,25,,16833,,,1,25,,16829,,,1,65,,16823,,,1,25,,16826,,,1,65,,16825,,,1,20,,16827,,,1,19,,16822,,,1,69,,16824,,,1,30,,16820,,,1,70,,16821,,,1,30,,16818,,,1,69,,16819,,,1,28,,16817,,,1,59,,16816,,,1,19,,16815,,,1,27,,16814,,,1,70,,16813,,,1,30,,16812,,,1,68,,16811,,,1,22,,16810,,,1,63,,16809,,,1,28,,16808,,,1,28,,16807,,,1,68,,16806,,,1,24,,16800,,,1,65,,16801,,,1,29,,16797,,,1,69,,16796,,,1,29,,16795,,,1,71,,16802,,,1,29,,16798,,,1,67,,16792,,,1,27,,16791,,,1,67,,16803,,,1,25,,16799,,,1,27,,16793,,,1,66,,16790,,,1,27,,16804,,,1,84,,16794,,,1,84,,16805,,,1
2801,'CPHoliday1',801,,20271,,,1,28,,20272,,,1,28,,20273,,,1,68,,20274,,,1,29,,20275,,,1,68,,20276,,,1,30,,20277,,,1,70,,20278,,,1,30,,20279,,,1,70,,20280,,,1,30,,20281,,,1,70,,20282,,,1,30,,20283,,,1,70,,20284,,,1,30,,20285,,,1,70,,20286,,,1,30,,20287,,,1,70,,20288,,,1,30,,20289,,,1,70,,20290,,,1,30,,20291,,,1,70,,20292,,,1,25,,20293,,,1,65,,20294,,,1,25,,20295,,,1
2801,'CPSaturday',731,,20317,,,1,28,,20316,,,1,68,,20310,,,1,28,,20311,,,1,69,,20303,,,1,28,,20318,,,1,70,,20299,,,1,30,,20322,,,1,70,,20305,,,1,30,,20319,,,1,70,,20296,,,1,30,,20320,,,1,70,,20304,,,1,30,,20313,,,1,70,,20302,,,1,30,,20321,,,1,70,,20306,,,1,30,,20323,,,1,70,,20297,,,1,30,,20314,,,1,70,,20298,,,1,30,,20312,,,1,70,,20307,,,1,30,,20315,,,1,70,,20308,,,1,30,,20324,,,1,70,,20300,,,1,30,,20325,,,1,70,,20301,,,1,30,,20326,,,1,74,,20309,,,1,75,,20327,,,1
2801,'CPSunday',801,,20328,,,1,28,,20329,,,1,28,,20330,,,1,68,,20331,,,1,29,,20332,,,1,68,,20333,,,1,30,,20334,,,1,70,,20335,,,1,30,,20336,,,1,70,,20337,,,1,30,,20338,,,1,70,,20339,,,1,30,,20340,,,1,70,,20341,,,1,30,,20342,,,1,70,,20343,,,1,30,,20344,,,1,70,,20345,,,1,30,,20346,,,1,70,,20347,,,1,30,,20348,,,1,70,,20349,,,1,25,,20350,,,1,65,,20351,,,1,25,,20352,,,1
2801,'CPWeekday',511,,20355,,,1,19,,20356,,,1,18,,20357,,,1,60,,20358,,,1,20,,20359,,,1,20,,20360,,,1,60,,20361,,,1,15,,20362,,,1,10,,20353,,,1,16,,20363,,,1,53,,20354,,,1,12,,20364,,,1,22,,20365,,,1,64,,20366,,,1,24,,20367,,,1,22,,20368,,,1,62,,20369,,,1,22,,20370,,,1,22,,20371,,,1,62,,20372,,,1,22,,20373,,,1,22,,20374,,,1,62,,20375,,,1,22,,20376,,,1,62,,20377,,,1,22,,20378,,,1,22,,20379,,,1,62,,20380,,,1,22,,20381,,,1,22,,20382,,,1,62,,20383,,,1,22,,20384,,,1,62,,20385,,,1,22,,20386,,,1,24,,20387,,,1,68,,20388,,,1,28,,20389,,,1,68,,20390,,,1,28,,20391,,,1,68,,20392,,,1,24,,20393,,,1,24,,20394,,,1,64,,20395,,,1,20,,20396,,,1,18,,20397,,,1,58,,20398,,,1,24,,20399,,,1,67,,20400,,,1,28,,20401,,,1,68,,20402,,,1,28,,20403,,,1,26,,20404,,,1,66,,20405,,,1
6100,'CPHoliday1',541,,24125,,,1,80,,24126,,,1,83,,24127,,,1,42,,24128,,,1,62,,24129,,,1,22,,24130,,,1,18,,24131,,,1,58,,24132,,,1,18,,24133,,,1,20,,24134,,,1,62,,24135,,,1,22,,24136,,,1,20,,24137,,,1,60,,24138,,,1,20,,24139,,,1,22,,24140,,,1,62,,24141,,,1,22,,24142,,,1,24,,24143,,,1,64,,24144,,,1,15,,24145,,,1,15,,24146,,,1,55,,24147,,,1,15,,24148,,,1,18,,24149,,,1,18,,24150,,,1,60,,24151,,,1,18,,24152,,,1,18,,24153,,,1,56,,24154,,,1,16,,24155,,,1,16,,24156,,,1,8,,24157,,,1,8,,24158,,,1,56,,24159,,,1,9,,24160,,,1,9,,24161,,,1,6,,24162,,,1,12,,24163,,,1,58,,24164,,,1,16,,24165,,,1,16,,24166,,,1,16,,24167,,,1,56,,24168,,,1,16,,24169,,,1,16,,24170,,,1,56,,24171,,,1,16,,24172,,,1,16,,24173,,,1,16,,24174,,,1,56,,24175,,,1,15,,24176,,,1,15,,24177,,,1,14,,24178,,,1,54,,24179,,,1,14,,24180,,,1,14,,24181,,,1,14,,24182,,,1,14,,24183,,,1,54,,24184,,,1,15,,24185,,,1,15,,24186,,,1,15,,24187,,,1,63,,24188,,,1,24,,24189,,,1,80,,24190,,,1,80,,24191,,,1
6100,'CPSaturday',526,,24258,,,1,30,,24257,,,1,70,,24262,,,1,20,,24256,,,1,61,,24255,,,1,20,,24249,,,1,20,,24248,,,1,60,,24261,,,1,20,,24247,,,1,20,,24242,,,1,60,,24241,,,1,20,,24240,,,1,20,,24259,,,1,60,,24244,,,1,20,,24231,,,1,20,,24230,,,1,60,,24235,,,1,20,,24229,,,1,18,,24260,,,1,58,,24246,,,1,20,,24228,,,1,20,,24227,,,1,60,,24232,,,1,20,,24221,,,1,15,,24222,,,1,15,,24263,,,1,55,,24245,,,1,15,,24220,,,1,15,,24218,,,1,18,,24219,,,1,58,,24237,,,1,18,,24213,,,1,15,,24224,,,1,56,,24264,,,1,12,,24209,,,1,12,,24252,,,1,14,,24210,,,1,14,,24208,,,1,54,,24217,,,1,15,,24238,,,1,14,,24206,,,1,15,,24225,,,1,55,,24265,,,1,14,,24205,,,1,14,,24251,,,1,14,,24204,,,1,52,,24207,,,1,12,,24216,,,1,12,,24239,,,1,14,,24201,,,1,18,,24226,,,1,58,,24198,,,1,16,,24253,,,1,16,,24202,,,1,56,,24215,,,1,15,,24236,,,1,15,,24197,,,1,15,,24223,,,1,55,,24196,,,1,15,,24254,,,1,15,,24203,,,1,15,,24212,,,1,55,,24233,,,1,15,,24194,,,1,16,,24193,,,1,16,,24243,,,1,56,,24199,,,1,16,,24211,,,1,15,,24234,,,1,14,,24195,,,1,54,,24192,,,1,14,,24250,,,1,14,,24200,,,1,18,,24214,,,1
6100,'CPSunday',541,,24266,,,1,80,,24267,,,1,83,,24268,,,1,42,,24269,,,1,62,,24270,,,1,22,,24271,,,1,18,,24272,,,1,58,,24273,,,1,18,,24274,,,1,20,,24275,,,1,62,,24276,,,1,22,,24277,,,1,20,,24278,,,1,60,,24279,,,1,20,,24280,,,1,22,,24281,,,1,62,,24282,,,1,22,,24283,,,1,24,,24284,,,1,64,,24285,,,1,15,,24286,,,1,15,,24287,,,1,55,,24288,,,1,15,,24289,,,1,18,,24290,,,1,18,,24291,,,1,60,,24292,,,1,18,,24293,,,1,18,,24294,,,1,56,,24295,,,1,16,,24296,,,1,16,,24297,,,1,8,,24298,,,1,8,,24299,,,1,56,,24300,,,1,9,,24301,,,1,9,,24302,,,1,6,,24303,,,1,12,,24304,,,1,58,,24305,,,1,16,,24306,,,1,16,,24307,,,1,16,,24308,,,1,56,,24309,,,1,16,,24310,,,1,16,,24311,,,1,56,,24312,,,1,16,,24313,,,1,16,,24314,,,1,16,,24315,,,1,56,,24316,,,1,15,,24317,,,1,15,,24318,,,1,14,,24319,,,1,54,,24320,,,1,14,,24321,,,1,14,,24322,,,1,14,,24323,,,1,14,,24324,,,1,54,,24325,,,1,15,,24326,,,1,15,,24327,,,1,15,,24328,,,1,63,,24329,,,1,24,,24330,,,1,80,,24331,,,1,80,,24332,,,1
6100,'CPWeekday',421,,24333,,,1,20,,24334,,,1,60,,24335,,,1,15,,24336,,,1,16,,24337,,,1,14,,24338,,,1,54,,24339,,,1,14,,24340,,,1,14,,24341,,,1,14,,24342,,,1,14,,24343,,,1,53,,24344,,,1,14,,24345,,,1,14,,24346,,,1,14,,24347,,,1,54,,24348,,,1,14,,24349,,,1,14,,24350,,,1,15,,24351,,,1,55,,24352,,,1,15,,24353,,,1,14,,24354,,,1,14,,24355,,,1,54,,24356,,,1,3,,24357,,,1,13,,24358,,,1,13,,24359,,,1,13,,24360,,,1,13,,24361,,,1,53,,24362,,,1,14,,24363,,,1,14,,24364,,,1,14,,24365,,,1,54,,24366,,,1,14,,24367,,,1,14,,24368,,,1,14,,24369,,,1,55,,24370,,,1,14,,24371,,,1,15,,24372,,,1,15,,24373,,,1,14,,24374,,,1,54,,24375,,,1,14,,24376,,,1,14,,24377,,,1,15,,24378,,,1,55,,24379,,,1,15,,24380,,,1,14,,24381,,,1,14,,24382,,,1,54,,24383,,,1,14,,24384,,,1,13,,24385,,,1,14,,24386,,,1,54,,24387,,,1,13,,24388,,,1,13,,24389,,,1,14,,24390,,,1,13,,24391,,,1,53,,24392,,,1,13,,24393,,,1,14,,24394,,,1,13,,24395,,,1,53,,24396,,,1,13,,24397,,,1,13,,24398,,,1,12,,24399,,,1,13,,24400,,,1,54,,24401,,,1,15,,24402,,,1,14,,24403,,,1,14,,24404,,,1,53,,24405,,,1,13,,24406,,,1,13,,24407,,,1,14,,24408,,,1,15,,24409,,,1,55,,24410,,,1,15,,24411,,,1,15,,24412,,,1,16,,24413,,,1,55,,24414,,,1,16,,24415,,,1,15,,24416,,,1,55,,24417,,,1,14,,24418,,,1,20,,24419,,,1,19,,24420,,,1,60,,24421,,,1,20,,24422,,,1,20,,24423,,,1,60,,24424,,,1,20,,24425,,,1
6600,'CPHoliday1',455,,24718,,,1,64,,24719,,,1,24,,24720,,,1,63,,24721,,,1,23,,24722,,,1,23,,24723,,,1,63,,24724,,,1,23,,24725,,,1,62,,24726,,,1,17,,24727,,,1,19,,24728,,,1,18,,24729,,,1,59,,24730,,,1,18,,24731,,,1,18,,24732,,,1,58,,24733,,,1,19,,24734,,,1,19,,24735,,,1,59,,24736,,,1,19,,24737,,,1,19,,24738,,,1,59,,24739,,,1,19,,24740,,,1,14,,24741,,,1,14,,24742,,,1,54,,24743,,,1,14,,24744,,,1,14,,24745,,,1,14,,24746,,,1,14,,24747,,,1,53,,24748,,,1,13,,24749,,,1,14,,24750,,,1,14,,24751,,,1,54,,24752,,,1,14,,24753,,,1,13,,24754,,,1,13,,24755,,,1,54,,24756,,,1,14,,24757,,,1,14,,24758,,,1,14,,24759,,,1,14,,24760,,,1,54,,24761,,,1,14,,24762,,,1,14,,24763,,,1,13,,24764,,,1,53,,24765,,,1,13,,24766,,,1,13,,24767,,,1,13,,24768,,,1,13,,24769,,,1,54,,24770,,,1,14,,24771,,,1,15,,24772,,,1,15,,24773,,,1,56,,24774,,,1,16,,24775,,,1,14,,24776,,,1,14,,24777,,,1,54,,24778,,,1,32,,24779,,,1,73,,24780,,,1,34,,24781,,,1,73,,24782,,,1,33,,24783,,,1,73,,24784,,,1,33,,24785,,,1
6600,'CPSaturday',443,,24786,,,1,63,,24803,,,1,23,,24818,,,1,24,,24787,,,1,64,,24806,,,1,24,,24816,,,1,64,,24788,,,1,25,,24805,,,1,25,,24817,,,1,66,,24789,,,1,20,,24860,,,1,16,,24804,,,1,56,,24826,,,1,16,,24862,,,1,16,,24790,,,1,56,,24861,,,1,16,,24807,,,1,14,,24829,,,1,13,,24856,,,1,13,,24858,,,1,53,,24791,,,1,13,,24852,,,1,13,,24808,,,1,14,,24828,,,1,54,,24854,,,1,14,,24859,,,1,14,,24792,,,1,14,,24853,,,1,54,,24802,,,1,14,,24819,,,1,14,,24855,,,1,14,,24857,,,1,14,,24793,,,1,54,,24850,,,1,14,,24809,,,1,14,,24815,,,1,14,,24848,,,1,54,,24851,,,1,15,,24794,,,1,15,,24849,,,1,15,,24811,,,1,55,,24821,,,1,15,,24847,,,1,15,,24846,,,1,15,,24795,,,1,55,,24845,,,1,15,,24812,,,1,15,,24820,,,1,15,,24843,,,1,55,,24844,,,1,15,,24796,,,1,15,,24842,,,1,15,,24810,,,1,54,,24823,,,1,14,,24839,,,1,14,,24835,,,1,14,,24797,,,1,54,,24836,,,1,14,,24813,,,1,14,,24824,,,1,14,,24834,,,1,13,,24833,,,1,53,,24798,,,1,13,,24840,,,1,13,,24814,,,1,13,,24827,,,1,60,,24832,,,1,18,,24799,,,1,18,,24838,,,1,58,,24825,,,1,18,,24831,,,1,18,,24800,,,1,18,,24837,,,1,55,,24822,,,1,16,,24830,,,1,16,,24801,,,1,16,,24841,,,1
6600,'CPSunday',455,,24863,,,1,64,,24864,,,1,24,,24865,,,1,63,,24866,,,1,23,,24867,,,1,23,,24868,,,1,63,,24869,,,1,23,,24870,,,1,62,,24871,,,1,17,,24872,,,1,19,,24873,,,1,18,,24874,,,1,59,,24875,,,1,18,,24876,,,1,18,,24877,,,1,58,,24878,,,1,19,,24879,,,1,19,,24880,,,1,59,,24881,,,1,19,,24882,,,1,19,,24883,,,1,59,,24884,,,1,19,,24885,,,1,14,,24886,,,1,14,,24887,,,1,54,,24888,,,1,14,,24889,,,1,14,,24890,,,1,14,,24891,,,1,14,,24892,,,1,53,,24893,,,1,13,,24894,,,1,14,,24895,,,1,14,,24896,,,1,54,,24897,,,1,14,,24898,,,1,13,,24899,,,1,13,,24900,,,1,54,,24901,,,1,14,,24902,,,1,14,,24903,,,1,14,,24904,,,1,14,,24905,,,1,54,,24906,,,1,14,,24907,,,1,14,,24908,,,1,13,,24909,,,1,53,,24910,,,1,13,,24911,,,1,13,,24912,,,1,13,,24913,,,1,13,,24914,,,1,54,,24915,,,1,14,,24916,,,1,15,,24917,,,1,15,,24918,,,1,56,,24919,,,1,16,,24920,,,1,14,,24921,,,1,14,,24922,,,1,54,,24923,,,1,32,,24924,,,1,73,,24925,,,1,34,,24926,,,1,73,,24927,,,1,33,,24928,,,1,73,,24929,,,1,33,,24930,,,1
6600,'CPWeekday',511,,24931,,,1,16,,24932,,,1,11,,24933,,,1,11,,24934,,,1,52,,24935,,,1,12,,24936,,,1,12,,24937,,,1,12,,24938,,,1,11,,24939,,,1,11,,24940,,,1,51,,24941,,,1,10,,24942,,,1,10,,24943,,,1,10,,24944,,,1,10,,24945,,,1,52,,24946,,,1,12,,24947,,,1,12,,24948,,,1,12,,24949,,,1,11,,24950,,,1,51,,24951,,,1,8,,24952,,,1,1,,24953,,,1,11,,24954,,,1,12,,24955,,,1,12,,24956,,,1,12,,24957,,,1,52,,24958,,,1,12,,24959,,,1,12,,24960,,,1,12,,24961,,,1,12,,24962,,,1,52,,24963,,,1,12,,24964,,,1,12,,24965,,,1,12,,24966,,,1,12,,24967,,,1,52,,24968,,,1,12,,24969,,,1,12,,24970,,,1,12,,24971,,,1,12,,24972,,,1,52,,24973,,,1,12,,24974,,,1,12,,24975,,,1,12,,24976,,,1,12,,24977,,,1,51,,24978,,,1,10,,24979,,,1,10,,24980,,,1,10,,24981,,,1,10,,24982,,,1,10,,24983,,,1,50,,24984,,,1,10,,24985,,,1,10,,24986,,,1,10,,24987,,,1,10,,24988,,,1,11,,24989,,,1,51,,24990,,,1,10,,24991,,,1,11,,24992,,,1,11,,24993,,,1,11,,24994,,,1,52,,24995,,,1,11,,24996,,,1,11,,24997,,,1,11,,24998,,,1,11,,24999,,,1,10,,25000,,,1,50,,25001,,,1,10,,25002,,,1,11,,25003,,,1,10,,25004,,,1,10,,25005,,,1,10,,25006,,,1,50,,25007,,,1,10,,25008,,,1,14,,25009,,,1,15,,25010,,,1,55,,25011,,,1,14,,25012,,,1,14,,25013,,,1,14,,25014,,,1,14,,25015,,,1,54,,25016,,,1,14,,25017,,,1,14,,25018,,,1,15,,25019,,,1,55,,25020,,,1,17,,25021,,,1,17,,25022,,,1,57,,25023,,,1,18,,25024,,,1,18,,25025,,,1,18,,25026,,,1,57,,25027,,,1,18,,25028,,,1,18,,25029,,,1,57,,25030,,,1
