3801,'CPHoliday1',829,,8167,24,,,1,90,,8165,24,,,1,97,,8171,24,,,1,95,,8168,24,,,1,96,,8166,24,,,1,95,,8176,24,,,1,56,,8170,24,,,1,96,,8169,24,,,1,95,,8175,24,,,1,96,,8173,24,,,1,93,,8174,24,,,1,93,,8177,24,,,1,94,,8172,24,,,1,93,,8178,24,,,1
3801,'CPSaturday',622,,8179,24,,,1,25,,8180,24,,,1,65,,8181,24,,,1,33,,8182,24,,,1,70,,8183,24,,,1,30,,8184,24,,,1,70,,8185,24,,,1,31,,8186,24,,,1,73,,8187,24,,,1,34,,8188,24,,,1,74,,8189,24,,,1,74,,8190,24,,,1,34,,8191,24,,,1,75,,8192,24,,,1,34,,8193,24,,,1,74,,8194,24,,,1,34,,8195,24,,,1,74,,8196,24,,,1,74,,8197,24,,,1,34,,8198,24,,,1,75,,8199,24,,,1,34,,8200,24,,,1,74,,8201,24,,,1,34,,8202,24,,,1,73,,8203,24,,,1,34,,8204,24,,,1,72,,8205,24,,,1,71,,8206,24,,,1,29,,8207,24,,,1,70,,8208,24,,,1,30,,8209,24,,,1,27,,8210,24,,,1,66,,8211,24,,,1,28,,8212,24,,,1
3801,'CPSunday',829,,8215,24,,,1,90,,8213,24,,,1,97,,8219,24,,,1,95,,8216,24,,,1,96,,8214,24,,,1,95,,8224,24,,,1,56,,8218,24,,,1,96,,8217,24,,,1,95,,8223,24,,,1,96,,8221,24,,,1,93,,8222,24,,,1,93,,8225,24,,,1,94,,8220,24,,,1,93,,8226,24,,,1
3801,'CPWeekday',535,,8252,29,,,1,71,,8260,29,,,1,30,,8253,29,,,1,70,,8250,29,,,1,30,,8243,29,,,1,71,,8242,29,,,1,32,,8251,29,,,1,70,,8262,29,,,1,32,,8257,29,,,1,74,,8245,29,,,1,36,,8241,29,,,1,77,,8237,29,,,1,79,,8264,29,,,1,40,,8256,29,,,1,80,,8244,29,,,1,32,,8238,29,,,1,59,,8228,29,,,1,7,,8227,29,,,1,1,,8236,29,,,1,26,,8235,29,,,1,72,,8261,29,,,1,31,,8254,29,,,1,71,,8233,29,,,1,31,,8249,29,,,1,68,,8240,29,,,1,28,,8232,29,,,1,69,,8234,29,,,1,27,,8263,29,,,1,67,,8255,29,,,1,26,,8230,29,,,1,68,,8248,29,,,1,28,,8239,29,,,1,78,,8229,29,,,1,89,,8258,29,,,1,47,,8246,29,,,1,85,,8231,29,,,1,85,,8259,29,,,1,80,,8247,29,,,1
4301,'CPWeekday',1437,,9079,19,,,1,81,,9077,19,,,1,40,,9082,19,,,1,80,,9084,19,,,1,80,,9080,19,,,1,82,,9078,19,,,1,42,,9083,19,,,1,82,,9085,19,,,1,80,,9081,19,,,1
4401,'CPHoliday1',735,,9243,11,,,1,82,,9244,11,,,1,42,,9242,11,,,1,84,,9241,11,,,1,84,,9240,11,,,1,32,,9238,11,,,1,74,,9239,11,,,1,71,,9236,11,,,1,31,,9237,11,,,1,71,,9234,11,,,1,31,,9235,11,,,1,71,,9233,11,,,1,31,,9232,11,,,1,71,,9231,11,,,1,31,,9230,11,,,1,71,,9229,11,,,1,31,,9228,11,,,1,70,,9227,11,,,1,31,,9222,11,,,1,71,,9223,11,,,1,85,,9221,11,,,1,44,,9226,11,,,1,82,,9220,11,,,1,81,,9224,11,,,1,42,,9219,11,,,1,80,,9225,11,,,1
4401,'CPSaturday',740,,9270,11,,,1,85,,9268,11,,,1,86,,9269,11,,,1,45,,9266,11,,,1,85,,9267,11,,,1,85,,9265,11,,,1,85,,9263,11,,,1,30,,9264,11,,,1,70,,9261,11,,,1,30,,9262,11,,,1,70,,9260,11,,,1,32,,9259,11,,,1,72,,9258,11,,,1,32,,9257,11,,,1,72,,9256,11,,,1,32,,9253,11,,,1,72,,9252,11,,,1,32,,9254,11,,,1,72,,9251,11,,,1,32,,9249,11,,,1,71,,9255,11,,,1,28,,9247,11,,,1,84,,9246,11,,,1,84,,9248,11,,,1,82,,9245,11,,,1,42,,9250,11,,,1
4401,'CPSunday',735,,9295,11,,,1,82,,9296,11,,,1,42,,9294,11,,,1,84,,9293,11,,,1,84,,9292,11,,,1,32,,9290,11,,,1,74,,9291,11,,,1,71,,9288,11,,,1,31,,9289,11,,,1,71,,9286,11,,,1,31,,9287,11,,,1,71,,9285,11,,,1,31,,9284,11,,,1,71,,9283,11,,,1,31,,9282,11,,,1,71,,9281,11,,,1,31,,9280,11,,,1,70,,9279,11,,,1,31,,9274,11,,,1,71,,9275,11,,,1,85,,9273,11,,,1,44,,9278,11,,,1,82,,9272,11,,,1,81,,9276,11,,,1,42,,9271,11,,,1,80,,9277,11,,,1
4401,'CPWeekday',501,,9352,11,,,1,22,,9340,11,,,1,14,,9354,11,,,1,14,,9337,11,,,1,55,,9338,11,,,1,12,,9349,11,,,1,14,,9336,11,,,1,14,,9339,11,,,1,12,,9357,11,,,1,53,,9347,11,,,1,14,,9334,11,,,1,12,,9353,11,,,1,12,,9333,11,,,1,54,,9335,11,,,1,6,,9355,11,,,1,6,,9331,11,,,1,14,,9332,11,,,1,18,,9346,11,,,1,6,,9350,11,,,1,58,,9327,11,,,1,14,,9330,11,,,1,10,,9356,11,,,1,6,,9329,11,,,1,16,,9328,11,,,1,56,,9351,11,,,1,14,,9321,11,,,1,14,,9342,11,,,1,60,,9319,11,,,1,22,,9320,11,,,1,22,,9322,11,,,1,62,,9318,11,,,1,22,,9343,11,,,1,20,,9317,11,,,1,60,,9312,11,,,1,20,,9326,11,,,1,20,,9311,11,,,1,60,,9341,11,,,1,20,,9313,11,,,1,22,,9310,11,,,1,62,,9323,11,,,1,22,,9309,11,,,1,22,,9345,11,,,1,62,,9316,11,,,1,22,,9308,11,,,1,62,,9325,11,,,1,22,,9303,11,,,1,22,,9344,11,,,1,62,,9315,11,,,1,22,,9301,11,,,1,22,,9324,11,,,1,62,,9304,11,,,1,22,,9348,11,,,1,22,,9314,11,,,1,60,,9298,11,,,1,82,,9302,11,,,1,45,,9300,11,,,1,85,,9305,11,,,1,83,,9297,11,,,1,86,,9306,11,,,1,46,,9299,11,,,1,86,,9307,11,,,1
10800,'CPWeekday',547,,12874,22,,,1,71,,12875,22,,,1,33,,12876,22,,,1,72,,12877,22,,,1,23,,12878,22,,,1,65,,12879,22,,,1,22,,12880,22,,,1,22,,12881,22,,,1,64,,12882,22,,,1,28,,12883,22,,,1,68,,12884,22,,,1,26,,12885,22,,,1
