'24DE23-CPBlock-Holiday1-14',10900,75500,,'',1,6400,,'',1,2300,,'',1,6500,,'',1,2500,,'',1,2600,,'',1,6600,,'',1,2600,,'',1,6700,,'',1,2700,,'',1,6700,,'',1,2700,,'',1,6700,,'',1,2700,,'',1,6800,,'',1,2800,,'',1,2800,,'',1,6800,,'',1,2800,,'',1,6800,,'',1,2700,,'',1,6700,,'',1,2700,,'',1,6700,,'',1,2700,,'',1,6700,,'',1,2700,,'',1,2600,,'',1,6500,,'',1,2500,,'',1,6600,,'',1,2500,,'',1,6400,,'',1,2400,,'',1,2300,,'',1
'24DE23-CPBlock-Holiday1-14',10901,74600,4,'',1,6400,4,'',1,2400,4,'',1,6600,4,'',1,2400,4,'',1,2700,4,'',1,6600,4,'',1,2500,4,'',1,6800,4,'',1,2700,4,'',1,6700,4,'',1,2700,4,'',1,2700,4,'',1,6700,4,'',1,2700,4,'',1,6700,4,'',1,2700,4,'',1,6800,4,'',1,2800,4,'',1,6800,4,'',1,2800,4,'',1,6900,4,'',1,2700,4,'',1,6700,4,'',1,2600,4,'',1,2700,4,'',1,6600,4,'',1,2700,4,'',1,6600,4,'',1,2500,4,'',1,6600,4,'',1,2500,4,'',1,2300,4,'',1,6300,4,'',1,2400,4,'',1
'24DE23-CPBlock-Holiday2-15',10900,70800,,'',1,3500,,'',1,7300,,'',1,3100,,'',1,6700,,'',1,2400,,'',1,6300,,'',1,2300,,'',1,2300,,'',1,6300,,'',1,2300,,'',1,2300,,'',1,6300,,'',1,2300,,'',1,6400,,'',1,2400,,'',1,2400,,'',1,6400,,'',1,2400,,'',1,6400,,'',1,2400,,'',1,2400,,'',1,6400,,'',1,2400,,'',1,6400,,'',1,2400,,'',1,2400,,'',1,6300,,'',1,2300,,'',1,6200,,'',1,2200,,'',1,3200,,'',1,7200,,'',1,7200,,'',1,3200,,'',1,7200,,'',1,3200,,'',1,7200,,'',1
'24DE23-CPBlock-Holiday2-15',10901,70100,4,'',1,3500,4,'',1,7200,4,'',1,2900,4,'',1,6900,4,'',1,2400,4,'',1,2300,4,'',1,6100,4,'',1,2400,4,'',1,6300,4,'',1,2300,4,'',1,2400,4,'',1,6300,4,'',1,2300,4,'',1,2400,4,'',1,6400,4,'',1,2400,4,'',1,6500,4,'',1,2400,4,'',1,2400,4,'',1,6400,4,'',1,2400,4,'',1,6400,4,'',1,2400,4,'',1,2300,4,'',1,6300,4,'',1,2300,4,'',1,6200,4,'',1,2200,4,'',1,2100,4,'',1,6600,4,'',1,2900,4,'',1,7400,4,'',1,3300,4,'',1,7200,4,'',1,3300,4,'',1,7300,4,'',1,3000,4,'',1
'24DE23-CPBlock-Holiday3-16',10900,75500,,'',1,6400,,'',1,2300,,'',1,6500,,'',1,2500,,'',1,2600,,'',1,6600,,'',1,2600,,'',1,6700,,'',1,2700,,'',1,6700,,'',1,2700,,'',1,6700,,'',1,2700,,'',1,6800,,'',1,2800,,'',1,2800,,'',1,6800,,'',1,2800,,'',1,6800,,'',1,2700,,'',1,6700,,'',1,2700,,'',1,6700,,'',1,2700,,'',1,6700,,'',1,2700,,'',1,2600,,'',1,6500,,'',1,2500,,'',1,6600,,'',1,2500,,'',1,6400,,'',1,2400,,'',1,2300,,'',1
'24DE23-CPBlock-Holiday3-16',10901,74600,4,'',1,6400,4,'',1,2400,4,'',1,6600,4,'',1,2400,4,'',1,2700,4,'',1,6600,4,'',1,2500,4,'',1,6800,4,'',1,2700,4,'',1,6700,4,'',1,2700,4,'',1,2700,4,'',1,6700,4,'',1,2700,4,'',1,6700,4,'',1,2700,4,'',1,6800,4,'',1,2800,4,'',1,6800,4,'',1,2800,4,'',1,6900,4,'',1,2700,4,'',1,6700,4,'',1,2600,4,'',1,2700,4,'',1,6600,4,'',1,2700,4,'',1,6600,4,'',1,2500,4,'',1,6600,4,'',1,2500,4,'',1,2300,4,'',1,6300,4,'',1,2400,4,'',1
'24DE23-CPBlock-Saturday-12',10900,70800,,'',1,3500,,'',1,7300,,'',1,3100,,'',1,6700,,'',1,2400,,'',1,6300,,'',1,2300,,'',1,2300,,'',1,6300,,'',1,2300,,'',1,2300,,'',1,6300,,'',1,2300,,'',1,6400,,'',1,2400,,'',1,2400,,'',1,6400,,'',1,2400,,'',1,6400,,'',1,2400,,'',1,2400,,'',1,6400,,'',1,2400,,'',1,6400,,'',1,2400,,'',1,2400,,'',1,6300,,'',1,2300,,'',1,6200,,'',1,2200,,'',1,3200,,'',1,7200,,'',1,7200,,'',1,3200,,'',1,7200,,'',1,3200,,'',1,7200,,'',1
'24DE23-CPBlock-Saturday-12',10901,70100,4,'',1,3500,4,'',1,7200,4,'',1,2900,4,'',1,6900,4,'',1,2400,4,'',1,2300,4,'',1,6100,4,'',1,2400,4,'',1,6300,4,'',1,2300,4,'',1,2400,4,'',1,6300,4,'',1,2300,4,'',1,2400,4,'',1,6400,4,'',1,2400,4,'',1,6500,4,'',1,2400,4,'',1,2400,4,'',1,6400,4,'',1,2400,4,'',1,6400,4,'',1,2400,4,'',1,2300,4,'',1,6300,4,'',1,2300,4,'',1,6200,4,'',1,2200,4,'',1,2100,4,'',1,6600,4,'',1,2900,4,'',1,7400,4,'',1,3300,4,'',1,7200,4,'',1,3300,4,'',1,7300,4,'',1,3000,4,'',1
'24DE23-CPBlock-Sunday-13',10900,75500,,'',1,6400,,'',1,2300,,'',1,6500,,'',1,2500,,'',1,2600,,'',1,6600,,'',1,2600,,'',1,6700,,'',1,2700,,'',1,6700,,'',1,2700,,'',1,6700,,'',1,2700,,'',1,6800,,'',1,2800,,'',1,2800,,'',1,6800,,'',1,2800,,'',1,6800,,'',1,2700,,'',1,6700,,'',1,2700,,'',1,6700,,'',1,2700,,'',1,6700,,'',1,2700,,'',1,2600,,'',1,6500,,'',1,2500,,'',1,6600,,'',1,2500,,'',1,6400,,'',1,2400,,'',1,2300,,'',1
'24DE23-CPBlock-Sunday-13',10901,74600,4,'',1,6400,4,'',1,2400,4,'',1,6600,4,'',1,2400,4,'',1,2700,4,'',1,6600,4,'',1,2500,4,'',1,6800,4,'',1,2700,4,'',1,6700,4,'',1,2700,4,'',1,2700,4,'',1,6700,4,'',1,2700,4,'',1,6700,4,'',1,2700,4,'',1,6800,4,'',1,2800,4,'',1,6800,4,'',1,2800,4,'',1,6900,4,'',1,2700,4,'',1,6700,4,'',1,2600,4,'',1,2700,4,'',1,6600,4,'',1,2700,4,'',1,6600,4,'',1,2500,4,'',1,6600,4,'',1,2500,4,'',1,2300,4,'',1,6300,4,'',1,2400,4,'',1
'24DE23-CPBlock-Weekday-11',10900,51800,,'',1,2000,,'',1,1900,,'',1,5600,,'',1,1600,,'',1,1400,,'',1,5800,,'',1,1800,,'',1,1600,,'',1,1500,,'',1,5600,,'',1,1700,,'',1,1700,,'',1,1700,,'',1,5800,,'',1,1600,,'',1,1500,,'',1,5500,,'',1,2200,,'',1,2300,,'',1,6300,,'',1,2300,,'',1,2300,,'',1,6300,,'',1,2300,,'',1,6300,,'',1,2100,,'',1,2200,,'',1,5600,,'',1,900,,'',1,900,,'',1,1000,,'',1,1000,,'',1,1000,,'',1,5000,,'',1,1000,,'',1,1000,,'',1,1100,,'',1,1200,,'',1,700,,'',1,5300,,'',1,1200,,'',1,800,,'',1,1100,,'',1,1100,,'',1,1100,,'',1,5100,,'',1,1100,,'',1,1000,,'',1,1100,,'',1,1200,,'',1,4800,,'',1,1300,,'',1,900,,'',1,900,,'',1,1500,,'',1,5800,,'',1,1900,,'',1,1900,,'',1,1700,,'',1,5700,,'',1,2300,,'',1,2000,,'',1,5500,,'',1,1900,,'',1,1900,,'',1,6100,,'',1,2200,,'',1,6500,,'',1,2700,,'',1
'24DE23-CPBlock-Weekday-11',10901,51100,4,'',1,1800,4,'',1,1800,4,'',1,5700,4,'',1,1800,4,'',1,1700,4,'',1,1300,4,'',1,5300,4,'',1,900,4,'',1,1300,4,'',1,1400,4,'',1,1200,4,'',1,5300,4,'',1,1000,4,'',1,1100,4,'',1,1000,4,'',1,1200,4,'',1,5100,4,'',1,800,4,'',1,1100,4,'',1,900,4,'',1,900,4,'',1,800,4,'',1,1100,4,'',1,5100,4,'',1,700,4,'',1,1100,4,'',1,1300,4,'',1,6200,4,'',1,2400,4,'',1,2200,4,'',1,6300,4,'',1,2300,4,'',1,2300,4,'',1,6300,4,'',1,2200,4,'',1,6300,4,'',1,2400,4,'',1,2400,4,'',1,6700,4,'',1,1900,4,'',1,1700,4,'',1,5500,4,'',1,1500,4,'',1,1500,4,'',1,1700,4,'',1,5600,4,'',1,1700,4,'',1,1600,4,'',1,5600,4,'',1,1400,4,'',1,1600,4,'',1,1700,4,'',1,5700,4,'',1,1600,4,'',1,1400,4,'',1,1400,4,'',1,5400,4,'',1,1300,4,'',1,1600,4,'',1,1600,4,'',1,5700,4,'',1,1700,4,'',1,1500,4,'',1,6300,4,'',1,2400,4,'',1,2600,4,'',1,7000,4,'',1
'24OC28-CPBlock-Saturday-12',10900,70800,,'',1,3500,,'',1,7300,,'',1,3100,,'',1,6700,,'',1,2400,,'',1,6300,,'',1,2300,,'',1,2300,,'',1,6300,,'',1,2300,,'',1,2300,,'',1,6300,,'',1,2300,,'',1,6400,,'',1,2400,,'',1,2400,,'',1,6400,,'',1,2400,,'',1,6400,,'',1,2400,,'',1,2400,,'',1,6400,,'',1,2400,,'',1,6400,,'',1,2400,,'',1,2400,,'',1,6300,,'',1,2300,,'',1,6200,,'',1,2200,,'',1,3200,,'',1,7200,,'',1,7200,,'',1,3200,,'',1,7200,,'',1,3200,,'',1,7200,,'',1
'24OC28-CPBlock-Saturday-12',10901,70100,4,'',1,3500,4,'',1,7200,4,'',1,2900,4,'',1,6900,4,'',1,2400,4,'',1,2300,4,'',1,6100,4,'',1,2400,4,'',1,6300,4,'',1,2300,4,'',1,2400,4,'',1,6300,4,'',1,2300,4,'',1,2400,4,'',1,6400,4,'',1,2400,4,'',1,6500,4,'',1,2400,4,'',1,2400,4,'',1,6400,4,'',1,2400,4,'',1,6400,4,'',1,2400,4,'',1,2300,4,'',1,6300,4,'',1,2300,4,'',1,6200,4,'',1,2200,4,'',1,2100,4,'',1,6600,4,'',1,2900,4,'',1,7400,4,'',1,3300,4,'',1,7200,4,'',1,3300,4,'',1,7300,4,'',1,3000,4,'',1
'24OC28-CPBlock-Sunday-13',10900,75500,,'',1,6400,,'',1,2300,,'',1,6500,,'',1,2500,,'',1,2600,,'',1,6600,,'',1,2600,,'',1,6700,,'',1,2700,,'',1,6700,,'',1,2700,,'',1,6700,,'',1,2700,,'',1,6800,,'',1,2800,,'',1,2800,,'',1,6800,,'',1,2800,,'',1,6800,,'',1,2700,,'',1,6700,,'',1,2700,,'',1,6700,,'',1,2700,,'',1,6700,,'',1,2700,,'',1,2600,,'',1,6500,,'',1,2500,,'',1,6600,,'',1,2500,,'',1,6400,,'',1,2400,,'',1,2300,,'',1
'24OC28-CPBlock-Sunday-13',10901,74600,4,'',1,6400,4,'',1,2400,4,'',1,6600,4,'',1,2400,4,'',1,2700,4,'',1,6600,4,'',1,2500,4,'',1,6800,4,'',1,2700,4,'',1,6700,4,'',1,2700,4,'',1,2700,4,'',1,6700,4,'',1,2700,4,'',1,6700,4,'',1,2700,4,'',1,6800,4,'',1,2800,4,'',1,6800,4,'',1,2800,4,'',1,6900,4,'',1,2700,4,'',1,6700,4,'',1,2600,4,'',1,2700,4,'',1,6600,4,'',1,2700,4,'',1,6600,4,'',1,2500,4,'',1,6600,4,'',1,2500,4,'',1,2300,4,'',1,6300,4,'',1,2400,4,'',1
