1300,'CPHoliday1',646,,17910,29,,,1,76,,17911,29,,,1,34,,17912,29,,,1,76,,17913,29,,,1,76,,17914,29,,,1,40,,17915,29,,,1,78,,17916,29,,,1,80,,17917,29,,,1,41,,17918,29,,,1,80,,17919,29,,,1,80,,17920,29,,,1,40,,17921,29,,,1,82,,17922,29,,,1,83,,17923,29,,,1,42,,17924,29,,,1,82,,17925,29,,,1,81,,17926,29,,,1,42,,17927,29,,,1,80,,17928,29,,,1,79,,17929,29,,,1,40,,17930,29,,,1,80,,17931,29,,,1,80,,17932,29,,,1,38,,17933,29,,,1,84,,17934,29,,,1,93,,17935,29,,,1,90,,17936,29,,,1,87,,17937,29,,,1,48,,17938,29,,,1
1300,'CPSaturday',458,,17939,29,,,1,75,,17940,29,,,1,74,,17941,29,,,1,35,,17942,29,,,1,75,,17943,29,,,1,38,,17944,29,,,1,78,,17945,29,,,1,80,,17946,29,,,1,38,,17947,29,,,1,70,,17948,29,,,1,28,,17949,29,,,1,72,,17950,29,,,1,32,,17951,29,,,1,74,,17952,29,,,1,74,,17953,29,,,1,35,,17954,29,,,1,74,,17955,29,,,1,34,,17956,29,,,1,74,,17957,29,,,1,34,,17958,29,,,1,74,,17959,29,,,1,31,,17960,29,,,1,72,,17961,29,,,1,72,,17962,29,,,1,30,,17963,29,,,1,71,,17964,29,,,1,31,,17965,29,,,1,72,,17966,29,,,1,30,,17967,29,,,1,69,,17968,29,,,1,30,,17969,29,,,1,72,,17970,29,,,1,50,,17971,29,,,1,87,,17972,29,,,1,88,,17973,29,,,1,87,,17974,29,,,1,86,,17975,29,,,1
1300,'CPSunday',646,,17976,29,,,1,76,,17977,29,,,1,34,,17978,29,,,1,76,,17979,29,,,1,76,,17980,29,,,1,40,,17981,29,,,1,78,,17982,29,,,1,80,,17983,29,,,1,41,,17984,29,,,1,80,,17985,29,,,1,80,,17986,29,,,1,40,,17987,29,,,1,82,,17988,29,,,1,83,,17989,29,,,1,42,,17990,29,,,1,82,,17991,29,,,1,81,,17992,29,,,1,42,,17993,29,,,1,80,,17994,29,,,1,79,,17995,29,,,1,40,,17996,29,,,1,80,,17997,29,,,1,80,,17998,29,,,1,38,,17999,29,,,1,84,,18000,29,,,1,93,,18001,29,,,1,90,,18002,29,,,1,87,,18003,29,,,1,48,,18004,29,,,1
1300,'CPWeekday',456,,18005,29,,,1,65,,18006,29,,,1,27,,18007,29,,,1,64,,18008,29,,,1,27,,18009,29,,,1,66,,18010,29,,,1,24,,18011,29,,,1,30,,18012,29,,,1,68,,18013,29,,,1,29,,18014,29,,,1,66,,18015,29,,,1,26,,18016,29,,,1,65,,18017,29,,,1,24,,18018,29,,,1,63,,18019,29,,,1,24,,18020,29,,,1,24,,18021,29,,,1,66,,18022,29,,,1,26,,18023,29,,,1,68,,18024,29,,,1,27,,18025,29,,,1,66,,18026,29,,,1,27,,18027,29,,,1,14,,18053,7,,,1,13,,18028,29,,,1,54,,18054,20,,,1,14,,18029,29,,,1,26,,18030,29,,,1,66,,18031,29,,,1,24,,18032,29,,,1,63,,18033,29,,,1,23,,18034,29,,,1,22,,18035,29,,,1,64,,18036,29,,,1,22,,18037,29,,,1,23,,18038,29,,,1,62,,18039,29,,,1,21,,18040,29,,,1,18,,18041,29,,,1,59,,18042,29,,,1,28,,18043,29,,,1,69,,18044,29,,,1,30,,18045,29,,,1,67,,18046,29,,,1,92,,18047,29,,,1,49,,18048,29,,,1,92,,18049,29,,,1,90,,18050,29,,,1,90,,18051,29,,,1,88,,18052,29,,,1
1301,'CPHoliday1',730,,18055,25,,,1,77,,18056,25,,,1,36,,18057,25,,,1,76,,18058,25,,,1,39,,18059,25,,,1,80,,18060,25,,,1,79,,18061,25,,,1,40,,18062,25,,,1,81,,18063,25,,,1,81,,18064,25,,,1,81,,18065,25,,,1,41,,18066,25,,,1,82,,18067,25,,,1,82,,18068,25,,,1,41,,18069,25,,,1,81,,18070,25,,,1,82,,18071,25,,,1,42,,18072,25,,,1,80,,18073,25,,,1,79,,18074,25,,,1,40,,18075,25,,,1,80,,18076,25,,,1,74,,18077,25,,,1,36,,18078,25,,,1,88,,18079,25,,,1,88,,18080,25,,,1,88,,18081,25,,,1
1301,'CPSaturday',539,,18082,25,,,1,76,,18083,25,,,1,37,,18084,25,,,1,78,,18085,25,,,1,76,,18086,25,,,1,39,,18087,25,,,1,78,,18088,25,,,1,78,,18089,25,,,1,39,,18090,25,,,1,73,,18091,25,,,1,32,,18092,25,,,1,72,,18093,25,,,1,32,,18094,25,,,1,74,,18095,25,,,1,34,,18096,25,,,1,74,,18097,25,,,1,74,,18098,25,,,1,33,,18099,25,,,1,74,,18100,25,,,1,34,,18101,25,,,1,74,,18102,25,,,1,32,,18103,25,,,1,72,,18104,25,,,1,31,,18105,25,,,1,72,,18106,25,,,1,30,,18107,25,,,1,70,,18108,25,,,1,30,,18109,25,,,1,70,,18110,25,,,1,30,,18111,25,,,1,66,,18112,25,,,1,27,,18113,25,,,1,87,,18114,25,,,1,88,,18115,25,,,1,88,,18116,25,,,1
1301,'CPSunday',730,,18117,25,,,1,77,,18118,25,,,1,36,,18119,25,,,1,76,,18120,25,,,1,39,,18121,25,,,1,80,,18122,25,,,1,79,,18123,25,,,1,40,,18124,25,,,1,81,,18125,25,,,1,81,,18126,25,,,1,81,,18127,25,,,1,41,,18128,25,,,1,82,,18129,25,,,1,82,,18130,25,,,1,41,,18131,25,,,1,81,,18132,25,,,1,82,,18133,25,,,1,42,,18134,25,,,1,80,,18135,25,,,1,79,,18136,25,,,1,40,,18137,25,,,1,80,,18138,25,,,1,74,,18139,25,,,1,36,,18140,25,,,1,88,,18141,25,,,1,88,,18142,25,,,1,88,,18143,25,,,1
1301,'CPWeekday',446,,18144,25,,,1,61,,18145,25,,,1,22,,18146,25,,,1,20,,18147,25,,,1,64,,18148,25,,,1,27,,18149,25,,,1,69,,18150,25,,,1,27,,18151,25,,,1,7,,18194,25,,,1,60,,18152,25,,,1,15,,18195,25,,,1,2,,18193,25,,,1,9,,18153,25,,,1,26,,18154,25,,,1,67,,18155,25,,,1,27,,18156,25,,,1,66,,18157,25,,,1,26,,18158,25,,,1,66,,18159,25,,,1,24,,18160,25,,,1,24,,18161,25,,,1,64,,18162,25,,,1,24,,18163,25,,,1,64,,18164,25,,,1,24,,18165,25,,,1,27,,18166,25,,,1,69,,18167,25,,,1,23,,18168,25,,,1,60,,18169,25,,,1,22,,18170,25,,,1,25,,18171,25,,,1,66,,18172,25,,,1,25,,18173,25,,,1,65,,18174,25,,,1,24,,18175,25,,,1,64,,18176,25,,,1,24,,18177,25,,,1,21,,18178,25,,,1,62,,18179,25,,,1,21,,18180,25,,,1,21,,18181,25,,,1,62,,18182,25,,,1,24,,18183,25,,,1,69,,18184,25,,,1,29,,18185,25,,,1,69,,18186,25,,,1,27,,18187,25,,,1,28,,18188,25,,,1,90,,18189,25,,,1,89,,18190,25,,,1,90,,18191,25,,,1,88,,18192,25,,,1
4600,'CPHoliday1',806,,23488,4,,,1,40,,23489,4,,,1,80,,23490,4,,,1,80,,23491,4,,,1,40,,23492,4,,,1,80,,23493,4,,,1,80,,23494,4,,,1,40,,23495,4,,,1,82,,23496,4,,,1,82,,23497,4,,,1,42,,23498,4,,,1,83,,23499,4,,,1,82,,23500,4,,,1,42,,23501,4,,,1,82,,23502,4,,,1,82,,23503,4,,,1,82,,23504,4,,,1,44,,23505,4,,,1,84,,23506,4,,,1,83,,23507,4,,,1
4600,'CPSaturday',717,,23508,4,,,1,41,,23509,4,,,1,80,,23510,4,,,1,81,,23511,4,,,1,40,,23512,4,,,1,80,,23513,4,,,1,82,,23514,4,,,1,82,,23515,4,,,1,42,,23516,4,,,1,83,,23517,4,,,1,84,,23518,4,,,1,44,,23519,4,,,1,84,,23520,4,,,1,84,,23521,4,,,1,84,,23522,4,,,1,43,,23523,4,,,1,84,,23524,4,,,1,84,,23525,4,,,1,84,,23526,4,,,1,41,,23527,4,,,1,80,,23528,4,,,1,80,,23529,4,,,1,40,,23530,4,,,1
4600,'CPSunday',806,,23531,4,,,1,40,,23532,4,,,1,80,,23533,4,,,1,80,,23534,4,,,1,40,,23535,4,,,1,80,,23536,4,,,1,80,,23537,4,,,1,40,,23538,4,,,1,82,,23539,4,,,1,82,,23540,4,,,1,42,,23541,4,,,1,83,,23542,4,,,1,82,,23543,4,,,1,42,,23544,4,,,1,82,,23545,4,,,1,82,,23546,4,,,1,82,,23547,4,,,1,44,,23548,4,,,1,84,,23549,4,,,1,83,,23550,4,,,1
4600,'CPWeekday',456,,23577,4,,,1,91,,23576,4,,,1,80,,23572,4,,,1,83,,23578,4,,,1,32,,23580,2,,,1,12,,23573,4,,,1,87,,23575,4,,,1,85,,23579,4,,,1,85,,23574,4,,,1,44,,23556,4,,,1,84,,23567,4,,,1,84,,23564,4,,,1,85,,23568,4,,,1,44,,23563,4,,,1,86,,23565,4,,,1,21,,23582,2,,,1,67,,23566,4,,,1,88,,23569,4,,,1,88,,23560,4,,,1,46,,23558,4,,,1,86,,23570,4,,,1,86,,23557,4,,,1,84,,23571,4,,,1,43,,23559,4,,,1,84,,23561,4,,,1,82,,23562,4,,,1,42,,23551,4,,,1,81,,23554,4,,,1,80,,23553,4,,,1,38,,23552,4,,,1,77,,23555,4,,,1
4901,'CPWeekday',935,,23994,2,0,24 18 25 14 13 26,1,85,,23995,2,0,24 18 25 14 13 26,1,85,,23993,2,0,24 18 25 14 13 26,1,45,,23992,2,0,24 18 25 14 13 26,1,86,,23990,2,0,24 18 25 14 13 26,1,86,,23991,2,0,24 18 25 14 13 26,1,86,,23989,2,0,24 18 25 14 13 26,1,48,,23988,2,0,24 18 25 14 13 26,1,88,,23982,2,0,24 18 25 14 13 26,1
