701,'CPWeekday',240,,2571,36,,,1,81,,2573,36,,,1,81,,2570,36,,,1,44,,2572,36,,,1
701,'MAHoliday1',439,,2611,36,,,1,80,,2610,36,,,1,22,,2612,36,,,1,62,,2601,36,,,1,22,,2620,36,,,1,23,,2602,36,,,1,64,,2600,36,,,1,23,,2599,36,,,1,24,,2615,36,,,1,63,,2598,36,,,1,23,,2624,36,,,1,64,,2603,36,,,1,23,,2591,36,,,1,24,,2590,36,,,1,63,,2614,36,,,1,23,,2594,36,,,1,63,,2623,36,,,1,24,,2604,36,,,1,24,,2585,36,,,1,66,,2583,36,,,1,25,,2616,36,,,1,62,,2582,36,,,1,19,,2593,36,,,1,19,,2622,36,,,1,61,,2605,36,,,1,20,,2586,36,,,1,23,,2581,36,,,1,63,,2613,36,,,1,23,,2577,36,,,1,23,,2595,36,,,1,60,,2621,36,,,1,19,,2606,36,,,1,20,,2584,36,,,1,62,,2578,36,,,1,23,,2617,36,,,1,63,,2576,36,,,1,23,,2592,36,,,1,23,,2627,36,,,1,62,,2609,36,,,1,21,,2587,36,,,1,20,,2579,36,,,1,61,,2618,36,,,1,21,,2575,36,,,1,21,,2596,36,,,1,61,,2626,36,,,1,22,,2608,36,,,1,61,,2588,36,,,1,19,,2580,36,,,1,20,,2619,36,,,1,19,,2574,36,,,1,60,,2597,36,,,1,20,,2625,36,,,1,20,,2607,36,,,1,59,,2589,36,,,1
701,'MASaturday',435,,2685,36,,,1,21,,2684,36,,,1,62,,2683,36,,,1,22,,2682,36,,,1,62,,2681,36,,,1,24,,2680,36,,,1,25,,2679,36,,,1,65,,2677,36,,,1,25,,2678,36,,,1,63,,2676,36,,,1,23,,2675,36,,,1,22,,2674,36,,,1,64,,2669,36,,,1,26,,2670,36,,,1,68,,2665,36,,,1,27,,2671,36,,,1,66,,2664,36,,,1,26,,2663,36,,,1,26,,2662,36,,,1,67,,2661,36,,,1,26,,2660,36,,,1,60,,2659,36,,,1,20,,2666,36,,,1,20,,2655,36,,,1,60,,2653,36,,,1,20,,2651,36,,,1,20,,2652,36,,,1,60,,2650,36,,,1,22,,2649,36,,,1,22,,2648,36,,,1,63,,2667,36,,,1,23,,2656,36,,,1,23,,2644,36,,,1,62,,2643,36,,,1,20,,2642,36,,,1,60,,2645,36,,,1,19,,2641,36,,,1,19,,2640,36,,,1,20,,2668,36,,,1,59,,2654,36,,,1,22,,2639,36,,,1,61,,2638,36,,,1,21,,2635,36,,,1,21,,2646,36,,,1,60,,2636,36,,,1,19,,2633,36,,,1,19,,2673,36,,,1,19,,2658,36,,,1,58,,2632,36,,,1,19,,2631,36,,,1,19,,2630,36,,,1,59,,2647,36,,,1,19,,2637,36,,,1,19,,2629,36,,,1,58,,2672,36,,,1,19,,2657,36,,,1,19,,2634,36,,,1,57,,2628,36,,,1,18,,2686,36,,,1
701,'MASunday',439,,2724,36,,,1,80,,2723,36,,,1,22,,2725,36,,,1,62,,2714,36,,,1,22,,2733,36,,,1,23,,2715,36,,,1,64,,2713,36,,,1,23,,2712,36,,,1,24,,2728,36,,,1,63,,2711,36,,,1,23,,2737,36,,,1,64,,2716,36,,,1,23,,2704,36,,,1,24,,2703,36,,,1,63,,2727,36,,,1,23,,2707,36,,,1,63,,2736,36,,,1,24,,2717,36,,,1,24,,2698,36,,,1,66,,2696,36,,,1,25,,2729,36,,,1,62,,2695,36,,,1,19,,2706,36,,,1,19,,2735,36,,,1,61,,2718,36,,,1,20,,2699,36,,,1,23,,2694,36,,,1,63,,2726,36,,,1,23,,2690,36,,,1,23,,2708,36,,,1,60,,2734,36,,,1,19,,2719,36,,,1,20,,2697,36,,,1,62,,2691,36,,,1,23,,2730,36,,,1,63,,2689,36,,,1,23,,2705,36,,,1,23,,2740,36,,,1,62,,2722,36,,,1,21,,2700,36,,,1,20,,2692,36,,,1,61,,2731,36,,,1,21,,2688,36,,,1,21,,2709,36,,,1,61,,2739,36,,,1,22,,2721,36,,,1,61,,2701,36,,,1,19,,2693,36,,,1,20,,2732,36,,,1,19,,2687,36,,,1,60,,2710,36,,,1,20,,2738,36,,,1,20,,2720,36,,,1,59,,2702,36,,,1
701,'MAWeekday',511,,2741,36,,,1,21,,2742,36,,,1,19,,2743,36,,,1,60,,2744,36,,,1,20,,2745,36,,,1,23,,2746,36,,,1,63,,2747,36,,,1,24,,2748,36,,,1,66,,2749,36,,,1,27,,2750,36,,,1,66,,2751,36,,,1,19,,2752,36,,,1,20,,2753,36,,,1,62,,2754,36,,,1,23,,2755,36,,,1,23,,2756,36,,,1,66,,2757,36,,,1,30,,2758,36,,,1,70,,2759,36,,,1,25,,2760,36,,,1,67,,2761,36,,,1,25,,2762,36,,,1,25,,2763,36,,,1,65,,2764,36,,,1,23,,2765,36,,,1,64,,2766,36,,,1,25,,2767,36,,,1,24,,2768,36,,,1,67,,2769,36,,,1,25,,2770,36,,,1,66,,2771,36,,,1,26,,2772,36,,,1,64,,2773,36,,,1,24,,2774,36,,,1,25,,2775,36,,,1,64,,2776,36,,,1,23,,2777,36,,,1,64,,2778,36,,,1,21,,2779,36,,,1,26,,2780,36,,,1,65,,2781,36,,,1,24,,2782,36,,,1,64,,2783,36,,,1,33,,2784,36,,,1,73,,2785,36,,,1,32,,2786,36,,,1,76,,2787,36,,,1,32,,2788,36,,,1,74,,2789,36,,,1,31,,2790,36,,,1
3901,'CPHoliday1',711,,8414,10,,,1,40,,8409,10,,,1,80,,8403,10,,,1,80,,8400,10,,,1,42,,8415,10,,,1,82,,8412,10,,,1,84,,8404,10,,,1,85,,8399,10,,,1,45,,8416,10,,,1,85,,8410,10,,,1,85,,8405,10,,,1,85,,8398,10,,,1,45,,8417,10,,,1,86,,8411,10,,,1,85,,8406,10,,,1,85,,8397,10,,,1,45,,8418,10,,,1,83,,8407,10,,,1,82,,8402,10,,,1,42,,8396,10,,,1,80,,8413,10,,,1,80,,8408,10,,,1,36,,8401,10,,,1,70,,8395,10,,,1
3901,'CPSaturday',854,,8424,10,,,1,68,,8423,10,,,1,220,,8425,10,,,1,68,,8422,10,,,1,230,,8426,10,,,1,70,,8421,10,,,1,229,,8427,10,,,1,70,,8420,10,,,1,227,,8428,10,,,1,66,,8419,10,,,1
3901,'CPSunday',711,,8448,10,,,1,40,,8443,10,,,1,80,,8437,10,,,1,80,,8434,10,,,1,42,,8449,10,,,1,82,,8446,10,,,1,84,,8438,10,,,1,85,,8433,10,,,1,45,,8450,10,,,1,85,,8444,10,,,1,85,,8439,10,,,1,85,,8432,10,,,1,45,,8451,10,,,1,86,,8445,10,,,1,85,,8440,10,,,1,85,,8431,10,,,1,45,,8452,10,,,1,83,,8441,10,,,1,82,,8436,10,,,1,42,,8430,10,,,1,80,,8447,10,,,1,80,,8442,10,,,1,36,,8435,10,,,1,70,,8429,10,,,1
3901,'MASaturday',708,,8473,10,,,1,26,,8469,10,,,1,66,,8468,10,,,1,26,,8462,10,,,1,124,,8470,10,,,1,68,,8465,10,,,1,28,,8461,10,,,1,68,,8459,10,,,1,124,,8471,10,,,1,70,,8466,10,,,1,31,,8457,10,,,1,71,,8453,10,,,1,129,,8472,10,,,1,70,,8463,10,,,1,30,,8458,10,,,1,70,,8454,10,,,1,130,,8474,10,,,1,70,,8464,10,,,1,29,,8456,10,,,1,70,,8455,10,,,1,120,,8475,10,,,1,24,,8467,10,,,1,60,,8460,10,,,1
3901,'MAWeekday',441,,8476,10,,,1,15,,8477,10,,,1,55,,8478,10,,,1,15,,8479,10,,,1,16,,8480,10,,,1,58,,8481,10,,,1,20,,8482,10,,,1,22,,8483,10,,,1,64,,8484,10,,,1,24,,8485,10,,,1,23,,8486,10,,,1,60,,8487,10,,,1,19,,8488,10,,,1,19,,8489,10,,,1,62,,8490,10,,,1,24,,8491,10,,,1,75,,8492,10,,,1,36,,8493,10,,,1,75,,8494,10,,,1,36,,8495,10,,,1,76,,8496,10,,,1,75,,8497,10,,,1,37,,8498,10,,,1,61,,8499,10,,,1,22,,8500,10,,,1,20,,8501,10,,,1,61,,8502,10,,,1,21,,8503,10,,,1,21,,8504,10,,,1,62,,8505,10,,,1,22,,8506,10,,,1,22,,8507,10,,,1,59,,8508,10,,,1,17,,8509,10,,,1,18,,8510,10,,,1,59,,8511,10,,,1,20,,8512,10,,,1,19,,8513,10,,,1,61,,8514,10,,,1,22,,8515,10,,,1,23,,8516,10,,,1,72,,8517,10,,,1,79,,8518,10,,,1,39,,8519,10,,,1,78,,8520,10,,,1,78,,8521,10,,,1,38,,8522,10,,,1,78,,8523,10,,,1,38,,8524,10,,,1
4300,'CPWeekday',457,,9068,11,,,1,80,,9075,11,,,1,80,,9071,11,,,1,40,,9073,11,,,1,80,,9069,11,,,1,80,,9076,11,,,1,40,,9072,11,,,1,79,,9074,11,,,1,80,,9070,11,,,1
7401,'CPWeekday',511,,11867,13,,,1,42,,11868,13,,,1,83,,11869,13,,,1,84,,11870,13,,,1,87,,11871,13,,,1,48,,11872,13,,,1,86,,11873,13,,,1,86,,11874,13,,,1,419,,11875,13,,,1,85,,11876,13,,,1,87,,11877,13,,,1,88,,11878,13,,,1,47,,11879,13,,,1,88,,11880,13,,,1,85,,11881,13,,,1,85,,11882,13,,,1,40,,11883,13,,,1
