601,'CPHoliday1',833,,2242,4,,,1,80,,2243,4,,,1,42,,2244,4,,,1,84,,2245,4,,,1,86,,2246,4,,,1,87,,2247,4,,,1,46,,2248,4,,,1,86,,2249,4,,,1,88,,2250,4,,,1,88,,2251,4,,,1,88,,2252,4,,,1,48,,2253,4,,,1,88,,2254,4,,,1,86,,2255,4,,,1,84,,2256,4,,,1,42,,2257,4,,,1,79,,2258,4,,,1,80,,2259,4,,,1
601,'CPSaturday',600,,2260,4,,,1,38,,2261,4,,,1,80,,2262,4,,,1,40,,2263,4,,,1,80,,2264,4,,,1,82,,2265,4,,,1,82,,2266,4,,,1,45,,2267,4,,,1,85,,2268,4,,,1,85,,2269,4,,,1,85,,2270,4,,,1,45,,2271,4,,,1,85,,2272,4,,,1,85,,2273,4,,,1,85,,2274,4,,,1,45,,2275,4,,,1,85,,2276,4,,,1,85,,2277,4,,,1,85,,2278,4,,,1,44,,2279,4,,,1,84,,2280,4,,,1,83,,2281,4,,,1,42,,2282,4,,,1,82,,2283,4,,,1,80,,2284,4,,,1,40,,2285,4,,,1
601,'CPSunday',833,,2286,4,,,1,80,,2287,4,,,1,42,,2288,4,,,1,84,,2289,4,,,1,86,,2290,4,,,1,87,,2291,4,,,1,46,,2292,4,,,1,86,,2293,4,,,1,88,,2294,4,,,1,88,,2295,4,,,1,88,,2296,4,,,1,48,,2297,4,,,1,88,,2298,4,,,1,86,,2299,4,,,1,84,,2300,4,,,1,42,,2301,4,,,1,79,,2302,4,,,1,80,,2303,4,,,1
601,'CPWeekday',518,,2347,4,,,1,28,,2343,4,,,1,70,,2337,4,,,1,31,,2336,4,,,1,70,,2340,4,,,1,17,,2304,4,,,1,13,,2335,4,,,1,70,,2334,4,,,1,30,,2341,4,,,1,70,,2333,4,,,1,30,,2332,4,,,1,70,,2342,4,,,1,30,,2322,4,,,1,70,,2320,4,,,1,30,,2339,4,,,1,70,,2321,4,,,1,30,,2319,4,,,1,70,,2344,4,,,1,30,,2323,4,,,1,70,,2318,4,,,1,30,,2338,4,,,1,70,,2314,4,,,1,28,,2324,4,,,1,66,,2312,4,,,1,24,,2345,4,,,1,24,,2311,4,,,1,64,,2325,4,,,1,24,,2313,4,,,1,64,,2346,4,,,1,26,,2310,4,,,1,66,,2330,4,,,1,30,,2316,4,,,1,70,,2309,4,,,1,30,,2327,4,,,1,68,,2315,4,,,1,28,,2308,4,,,1,27,,2329,4,,,1,66,,2317,4,,,1,26,,2307,4,,,1,78,,2328,4,,,1,78,,2306,4,,,1,38,,2326,4,,,1,76,,2305,4,,,1,35,,2331,4,,,1
801,'CPSaturday',556,,2862,4,,,1,81,,2856,4,,,1,81,,2863,4,,,1,82,,2851,4,,,1,45,,2864,4,,,1,85,,2854,4,,,1,86,,2865,4,,,1,89,,2853,4,,,1,50,,2866,4,,,1,91,,2860,4,,,1,91,,2867,4,,,1,93,,2852,4,,,1,93,,2861,4,,,1,93,,2857,4,,,1,93,,2869,4,,,1,93,,2850,4,,,1,52,,2871,4,,,1,90,,2859,4,,,1,89,,2872,4,,,1,86,,2855,4,,,1,86,,2868,4,,,1,46,,2858,4,,,1,87,,2870,4,,,1
801,'CPWeekday',538,,2907,4,,,1,71,,2906,4,,,1,33,,2902,4,,,1,72,,2905,4,,,1,14,,2873,4,,,1,12,,2875,4,,,1,3,,2876,4,,,1,60,,2904,4,,,1,25,,2903,4,,,1,78,,2901,4,,,1,37,,2900,4,,,1,78,,2898,4,,,1,34,,2899,4,,,1,75,,2897,4,,,1,75,,2895,4,,,1,35,,2896,4,,,1,75,,2894,4,,,1,38,,2893,4,,,1,58,,2877,4,,,1,21,,2874,4,,,1,2,,2892,4,,,1,84,,2891,4,,,1,83,,2890,4,,,1,39,,2886,4,,,1,79,,2884,4,,,1,39,,2883,4,,,1,77,,2888,4,,,1,72,,2879,4,,,1,33,,2878,4,,,1,73,,2885,4,,,1,40,,2880,4,,,1,81,,2889,4,,,1,82,,2882,4,,,1,42,,2887,4,,,1,83,,2881,4,,,1
2601,'CPHoliday1',704,,6233,49,,,1,26,,6234,49,,,1,26,,6235,49,,,1,65,,6236,49,,,1,26,,6237,49,,,1,66,,6238,49,,,1,27,,6239,49,,,1,69,,6240,49,,,1,29,,6241,49,,,1,69,,6242,49,,,1,28,,6243,49,,,1,68,,6244,49,,,1,29,,6245,49,,,1,20,,6246,49,,,1,61,,6247,49,,,1,22,,6248,49,,,1,22,,6249,49,,,1,64,,6250,49,,,1,24,,6251,49,,,1,64,,6252,49,,,1,24,,6253,49,,,1,24,,6254,49,,,1,64,,6255,49,,,1,22,,6256,49,,,1,62,,6257,49,,,1,22,,6258,49,,,1,22,,6259,49,,,1,63,,6260,49,,,1,24,,6261,49,,,1,22,,6262,49,,,1,61,,6263,49,,,1,22,,6264,49,,,1,61,,6265,49,,,1,21,,6266,49,,,1,27,,6267,49,,,1,67,,6268,49,,,1,28,,6269,49,,,1,68,,6270,49,,,1,28,,6271,49,,,1,67,,6272,49,,,1,26,,6273,49,,,1,66,,6274,49,,,1,25,,6275,49,,,1,23,,6276,49,,,1,63,,6277,49,,,1,22,,6278,49,,,1,24,,6279,49,,,1
2601,'CPSaturday',529,,6280,4,,,1,20,,6348,4,,,1,62,,6281,49,,,1,21,,6282,49,,,1,26,,6283,49,,,1,60,,6284,49,,,1,20,,6285,49,,,1,62,,6286,49,,,1,22,,6287,49,,,1,22,,6288,49,,,1,64,,6289,49,,,1,25,,6290,49,,,1,24,,6291,49,,,1,64,,6292,49,,,1,24,,6293,49,,,1,65,,6294,49,,,1,24,,6295,49,,,1,25,,6296,49,,,1,64,,6297,49,,,1,20,,6298,49,,,1,60,,6299,49,,,1,20,,6300,49,,,1,20,,6301,49,,,1,60,,6302,49,,,1,21,,6303,49,,,1,18,,6304,49,,,1,58,,6305,49,,,1,17,,6306,49,,,1,16,,6307,49,,,1,16,,6308,49,,,1,56,,6309,49,,,1,14,,6310,49,,,1,14,,6311,49,,,1,14,,6312,49,,,1,54,,6313,49,,,1,14,,6314,49,,,1,13,,6315,49,,,1,14,,6316,49,,,1,14,,6317,49,,,1,54,,6318,49,,,1,14,,6319,49,,,1,14,,6320,49,,,1,15,,6321,49,,,1,55,,6322,49,,,1,15,,6323,49,,,1,15,,6324,49,,,1,14,,6325,49,,,1,54,,6326,49,,,1,15,,6327,49,,,1,15,,6328,49,,,1,20,,6329,49,,,1,58,,6330,49,,,1,20,,6331,49,,,1,19,,6332,49,,,1,61,,6333,49,,,1,22,,6334,49,,,1,22,,6335,49,,,1,62,,6336,49,,,1,18,,6337,49,,,1,17,,6338,49,,,1,58,,6339,49,,,1,18,,6340,49,,,1,16,,6341,49,,,1,62,,6342,49,,,1,22,,6343,49,,,1,28,,6344,49,,,1,67,,6345,49,,,1,28,,6346,49,,,1,68,,6347,49,,,1
2601,'CPSunday',704,,6349,49,,,1,26,,6350,49,,,1,26,,6351,49,,,1,65,,6352,49,,,1,26,,6353,49,,,1,66,,6354,49,,,1,27,,6355,49,,,1,69,,6356,49,,,1,29,,6357,49,,,1,69,,6358,49,,,1,28,,6359,49,,,1,68,,6360,49,,,1,29,,6361,49,,,1,20,,6362,49,,,1,61,,6363,49,,,1,22,,6364,49,,,1,22,,6365,49,,,1,64,,6366,49,,,1,24,,6367,49,,,1,64,,6368,49,,,1,24,,6369,49,,,1,24,,6370,49,,,1,64,,6371,49,,,1,22,,6372,49,,,1,62,,6373,49,,,1,22,,6374,49,,,1,22,,6375,49,,,1,63,,6376,49,,,1,24,,6377,49,,,1,22,,6378,49,,,1,61,,6379,49,,,1,22,,6380,49,,,1,61,,6381,49,,,1,21,,6382,49,,,1,27,,6383,49,,,1,67,,6384,49,,,1,28,,6385,49,,,1,68,,6386,49,,,1,28,,6387,49,,,1,67,,6388,49,,,1,26,,6389,49,,,1,66,,6390,49,,,1,25,,6391,49,,,1,23,,6392,49,,,1,63,,6393,49,,,1,22,,6394,49,,,1,24,,6395,49,,,1
31200,'CPWeekday',754,,13845,4,,,1
