600,'CPHoliday1',814,,16019,41,,,1,42,,16020,41,,,1,81,,16021,41,,,1,85,,16022,41,,,1,82,,16023,41,,,1,45,,16024,41,,,1,86,,16025,41,,,1,86,,16026,41,,,1,89,,16027,41,,,1,48,,16028,41,,,1,87,,16029,41,,,1,89,,16030,41,,,1,88,,16031,41,,,1,87,,16032,41,,,1,44,,16033,41,,,1,81,,16034,41,,,1,81,,16035,41,,,1,41,,16036,41,,,1,79,,16037,41,,,1
600,'CPSaturday',543,,16038,41,,,1,78,,16039,41,,,1,38,,16040,41,,,1,79,,16041,41,,,1,82,,16042,41,,,1,81,,16043,41,,,1,42,,16044,41,,,1,83,,16045,41,,,1,87,,16046,41,,,1,44,,16047,41,,,1,85,,16048,41,,,1,87,,16049,41,,,1,86,,16050,41,,,1,44,,16051,41,,,1,84,,16052,41,,,1,85,,16053,41,,,1,85,,16054,41,,,1,44,,16055,41,,,1,83,,16056,41,,,1,84,,16057,41,,,1,84,,16058,41,,,1,42,,16059,41,,,1,84,,16060,41,,,1,82,,16061,41,,,1,40,,16062,41,,,1,80,,16063,41,,,1,80,,16064,41,,,1
600,'CPSunday',814,,16065,41,,,1,42,,16066,41,,,1,81,,16067,41,,,1,85,,16068,41,,,1,82,,16069,41,,,1,45,,16070,41,,,1,86,,16071,41,,,1,86,,16072,41,,,1,89,,16073,41,,,1,48,,16074,41,,,1,87,,16075,41,,,1,89,,16076,41,,,1,88,,16077,41,,,1,87,,16078,41,,,1,44,,16079,41,,,1,81,,16080,41,,,1,81,,16081,41,,,1,41,,16082,41,,,1,79,,16083,41,,,1
600,'CPWeekday',528,,16129,41,,,1,27,,16120,41,,,1,72,,16118,41,,,1,28,,16123,41,,,1,65,,16117,41,,,1,36,,16116,41,,,1,70,,16121,41,,,1,33,,16115,41,,,1,69,,16114,41,,,1,29,,16122,41,,,1,70,,16103,41,,,1,30,,16101,41,,,1,70,,16125,41,,,1,30,,16105,41,,,1,71,,16100,41,,,1,30,,16124,41,,,1,71,,16104,41,,,1,30,,16099,41,,,1,71,,16119,41,,,1,26,,16098,41,,,1,65,,16106,41,,,1,7,,16130,41,,,1,5,,16131,41,,,1,12,,16092,41,,,1,64,,16126,41,,,1,25,,16091,41,,,1,66,,16102,41,,,1,26,,16093,41,,,1,26,,16127,41,,,1,65,,16090,41,,,1,25,,16107,41,,,1,62,,16095,41,,,1,22,,16128,41,,,1,21,,16089,41,,,1,66,,16109,41,,,1,27,,16096,41,,,1,67,,16088,41,,,1,27,,16111,41,,,1,67,,16094,41,,,1,28,,16087,41,,,1,28,,16108,41,,,1,66,,16097,41,,,1,26,,16086,41,,,1,75,,16112,41,,,1,35,,16085,41,,,1,73,,16110,41,,,1,75,,16084,41,,,1,36,,16113,41,,,1
800,'CPSaturday',708,,16692,40,,,1,42,,16682,40,,,1,84,,16693,40,,,1,85,,16688,40,,,1,86,,16694,40,,,1,48,,16683,40,,,1,90,,16695,40,,,1,90,,16684,40,,,1,91,,16696,40,,,1,95,,16689,40,,,1,93,,16697,40,,,1,93,,16690,40,,,1,53,,16701,40,,,1,92,,16681,40,,,1,93,,16699,40,,,1,90,,16691,40,,,1,88,,16702,40,,,1,86,,16685,40,,,1,46,,16703,40,,,1,86,,16686,40,,,1,84,,16698,40,,,1,82,,16687,40,,,1,43,,16700,40,,,1
800,'CPWeekday',527,,16732,40,,,1,31,,16734,40,,,1,71,,16731,40,,,1,73,,16733,40,,,1,36,,16728,40,,,1,78,,16729,40,,,1,39,,16730,40,,,1,76,,16725,40,,,1,74,,16726,40,,,1,36,,16727,40,,,1,76,,16724,40,,,1,35,,16723,40,,,1,75,,16722,40,,,1,77,,16721,40,,,1,37,,16720,40,,,1,79,,16719,40,,,1,85,,16718,40,,,1,17,,16736,27,,,1,12,,16738,26,,,1,7,,16735,40,,,1,4,,16739,40,,,1,3,,16717,40,,,1,11,,16737,40,,,1,65,,16716,40,,,1,80,,16715,40,,,1,40,,16709,40,,,1,79,,16714,40,,,1,32,,16708,40,,,1,73,,16704,40,,,1,72,,16713,40,,,1,41,,16706,40,,,1,82,,16711,40,,,1,82,,16707,40,,,1,42,,16712,40,,,1,81,,16705,40,,,1,82,,16710,40,,,1
2600,'CPHoliday1',637,,19886,7,,,1,65,,19887,7,,,1,26,,19889,16,,,1,25,,19890,16,,,1,67,,19891,16,,,1,26,,19892,16,,,1,67,,19893,16,,,1,28,,19894,16,,,1,68,,19895,16,,,1,28,,19896,16,,,1,68,,19897,16,,,1,29,,19898,16,,,1,67,,19899,16,,,1,21,,19900,16,,,1,20,,19901,16,,,1,63,,19902,16,,,1,24,,19903,16,,,1,24,,19904,16,,,1,65,,19905,16,,,1,22,,19906,16,,,1,62,,19907,16,,,1,22,,19908,16,,,1,22,,19909,16,,,1,64,,19910,16,,,1,25,,19911,16,,,1,23,,19912,16,,,1,63,,19913,16,,,1,24,,19914,16,,,1,62,,19915,16,,,1,22,,19916,16,,,1,22,,19917,16,,,1,61,,19918,16,,,1,21,,19919,16,,,1,26,,19920,16,,,1,68,,19921,16,,,1,27,,19922,16,,,1,68,,19923,16,,,1,27,,19924,16,,,1,65,,19925,16,,,1,26,,19926,16,,,1,65,,19927,16,,,1,26,,19928,16,,,1,26,,19929,16,,,1,64,,19930,16,,,1,23,,19931,16,,,1,64,,19932,16,,,1
2600,'CPSaturday',450,,19933,16,,,1,60,,19934,16,,,1,21,,19935,16,,,1,20,,19936,16,,,1,63,,19937,16,,,1,22,,19938,16,,,1,22,,19939,16,,,1,63,,19940,16,,,1,22,,19941,16,,,1,64,,19942,16,,,1,22,,19943,16,,,1,22,,19944,16,,,1,65,,19945,16,,,1,24,,19946,16,,,1,64,,19947,16,,,1,25,,19948,16,,,1,18,,19949,16,,,1,59,,19950,16,,,1,19,,19951,16,,,1,20,,19952,16,,,1,61,,19953,16,,,1,19,,19954,16,,,1,18,,19955,16,,,1,58,,19956,16,,,1,16,,19957,16,,,1,16,,19958,16,,,1,16,,19959,16,,,1,56,,19960,16,,,1,14,,19961,16,,,1,14,,19962,16,,,1,14,,19963,16,,,1,54,,19964,16,,,1,14,,19965,16,,,1,14,,19966,16,,,1,14,,19967,16,,,1,14,,19968,16,,,1,54,,19969,16,,,1,14,,19970,16,,,1,14,,19971,16,,,1,15,,19972,16,,,1,55,,19973,16,,,1,14,,19974,16,,,1,15,,19975,16,,,1,15,,19976,16,,,1,54,,19977,16,,,1,14,,19978,16,,,1,14,,19979,16,,,1,14,,19980,16,,,1,52,,19981,16,,,1,11,,19982,16,,,1,12,,19983,16,,,1,16,,19984,16,,,1,63,,19985,16,,,1,24,,19986,16,,,1,24,,19987,16,,,1,64,,19988,16,,,1,20,,19989,16,,,1,18,,19990,16,,,1,57,,19991,16,,,1,17,,19992,16,,,1,18,,19993,16,,,1,61,,19994,16,,,1,24,,19995,16,,,1,24,,19996,16,,,1,66,,19997,16,,,1,28,,19998,16,,,1,66,,19999,16,,,1,22,,20000,16,,,1,20,,20001,16,,,1,59,,20002,16,,,1,20,,20003,16,0,32 33 34 35 36 37,1
2600,'CPSunday',637,,20004,7,,,1,65,,20005,7,,,1,26,,20007,16,,,1,25,,20008,16,,,1,67,,20009,16,,,1,26,,20010,16,,,1,67,,20011,16,,,1,28,,20012,16,,,1,68,,20013,16,,,1,28,,20014,16,,,1,68,,20015,16,,,1,29,,20016,16,,,1,67,,20017,16,,,1,21,,20018,16,,,1,20,,20019,16,,,1,63,,20020,16,,,1,24,,20021,16,,,1,24,,20022,16,,,1,65,,20023,16,,,1,22,,20024,16,,,1,62,,20025,16,,,1,22,,20026,16,,,1,22,,20027,16,,,1,64,,20028,16,,,1,25,,20029,16,,,1,23,,20030,16,,,1,63,,20031,16,,,1,24,,20032,16,,,1,62,,20033,16,,,1,22,,20034,16,,,1,22,,20035,16,,,1,61,,20036,16,,,1,21,,20037,16,,,1,26,,20038,16,,,1,68,,20039,16,,,1,27,,20040,16,,,1,68,,20041,16,,,1,27,,20042,16,,,1,65,,20043,16,,,1,26,,20044,16,,,1,65,,20045,16,,,1,26,,20046,16,,,1,26,,20047,16,,,1,64,,20048,16,,,1,23,,20049,16,,,1,64,,20050,16,,,1
30201,'CPWeekday',1448,,27828,27,,,1,7,,27827,27,,,1
31201,'CPWeekday',1516,,27834,18,,,1
