400,'CPHoliday1',807,,1628,16,,,1,40,,1629,16,,,1,80,,1630,16,,,1,84,,1631,16,,,1,43,,1632,16,,,1,84,,1633,16,,,1,85,,1634,16,,,1,85,,1635,16,,,1,46,,1636,16,,,1,86,,1637,16,,,1,87,,1638,16,,,1,86,,1639,16,,,1,46,,1640,16,,,1,85,,1641,16,,,1,85,,1642,16,,,1,84,,1643,16,,,1,40,,1644,16,,,1
400,'CPSaturday',626,,1645,16,,,1,81,,1646,16,,,1,40,,1647,16,,,1,84,,1648,16,,,1,84,,1649,16,,,1,44,,1650,16,,,1,84,,1651,16,,,1,84,,1652,16,,,1,86,,1653,16,,,1,46,,1654,16,,,1,86,,1655,16,,,1,87,,1656,16,,,1,86,,1657,16,,,1,86,,1658,16,,,1,46,,1659,16,,,1,84,,1660,16,,,1,86,,1661,16,,,1,86,,1662,16,,,1,44,,1663,16,,,1,84,,1664,16,,,1,83,,1665,16,,,1,84,,1666,16,,,1
400,'CPSunday',807,,1667,16,,,1,40,,1668,16,,,1,80,,1669,16,,,1,84,,1670,16,,,1,43,,1671,16,,,1,84,,1672,16,,,1,85,,1673,16,,,1,85,,1674,16,,,1,46,,1675,16,,,1,86,,1676,16,,,1,87,,1677,16,,,1,86,,1678,16,,,1,46,,1679,16,,,1,85,,1680,16,,,1,85,,1681,16,,,1,84,,1682,16,,,1,40,,1683,16,,,1
400,'CPWeekday',506,,1685,16,,,1,44,,1686,16,,,1,86,,1687,16,,,1,83,,1688,16,,,1,40,,1689,16,,,1,86,,1690,16,,,1,84,,1691,16,,,1,84,,1692,16,,,1,44,,1693,16,,,1,86,,1694,16,,,1,86,,1695,16,,,1,86,,1696,16,,,1,86,,1697,16,,,1,34,,1698,16,,,1,15,,1684,11,,,1,57,,1699,16,,,1,36,,1700,16,,,1,75,,1701,16,,,1,36,,1702,16,,,1,77,,1703,16,,,1,74,,1704,16,,,1,40,,1705,16,,,1,103,,1706,16,,,1,104,,1707,16,,,1,99,,1708,16,,,1,100,,1709,16,,,1
2800,'CPHoliday1',800,,6477,1,,,1,25,,6478,1,,,1,26,,6479,1,,,1,66,,6480,1,,,1,26,,6481,1,,,1,68,,6482,1,,,1,30,,6483,1,,,1,70,,6484,1,,,1,30,,6485,1,,,1,70,,6486,1,,,1,30,,6487,1,,,1,70,,6488,1,,,1,30,,6489,1,,,1,70,,6490,1,,,1,30,,6491,1,,,1,70,,6492,1,,,1,30,,6493,1,,,1,70,,6494,1,,,1,30,,6495,1,,,1,70,,6496,1,,,1,30,,6497,1,,,1,70,,6498,1,,,1,30,,6499,1,,,1,65,,6500,1,,,1,24,,6501,1,,,1
2800,'CPSaturday',730,,6518,1,,,1,22,,6517,1,,,1,65,,6524,1,,,1,28,,6511,1,,,1,68,,6531,1,,,1,30,,6510,1,,,1,70,,6530,1,,,1,30,,6504,1,,,1,70,,6523,1,,,1,30,,6506,1,,,1,70,,6525,1,,,1,30,,6505,1,,,1,70,,6529,1,,,1,30,,6512,1,,,1,70,,6526,1,,,1,30,,6508,1,,,1,68,,6521,1,,,1,30,,6509,1,,,1,70,,6532,1,,,1,30,,6507,1,,,1,70,,6527,1,,,1,30,,6502,1,,,1,70,,6519,1,,,1,30,,6513,1,,,1,70,,6520,1,,,1,30,,6514,1,,,1,70,,6528,1,,,1,30,,6515,1,,,1,70,,6522,1,,,1,32,,6503,1,,,1,72,,6533,1,,,1,35,,6516,1,,,1
2800,'CPSunday',800,,6534,1,,,1,25,,6535,1,,,1,26,,6536,1,,,1,66,,6537,1,,,1,26,,6538,1,,,1,68,,6539,1,,,1,30,,6540,1,,,1,70,,6541,1,,,1,30,,6542,1,,,1,70,,6543,1,,,1,30,,6544,1,,,1,70,,6545,1,,,1,30,,6546,1,,,1,70,,6547,1,,,1,30,,6548,1,,,1,70,,6549,1,,,1,30,,6550,1,,,1,70,,6551,1,,,1,30,,6552,1,,,1,70,,6553,1,,,1,30,,6554,1,,,1,70,,6555,1,,,1,30,,6556,1,,,1,65,,6557,1,,,1,24,,6558,1,,,1
2800,'CPWeekday',500,,6561,1,,,1,16,,6562,1,,,1,16,,6563,1,,,1,18,,6564,1,,,1,60,,6565,1,,,1,20,,6566,1,,,1,22,,6567,1,,,1,62,,6568,1,,,1,22,,6569,1,,,1,64,,6570,1,,,1,22,,6571,1,,,1,22,,6572,1,,,1,60,,6573,1,,,1,20,,6574,1,,,1,20,,6575,1,,,1,62,,6576,1,,,1,24,,6577,1,,,1,22,,6578,1,,,1,62,,6579,1,,,1,20,,6580,1,,,1,22,,6581,1,,,1,62,,6582,1,,,1,22,,6583,1,,,1,62,,6584,1,,,1,22,,6585,1,,,1,24,,6586,1,,,1,62,,6587,1,,,1,22,,6588,1,,,1,22,,6589,1,,,1,62,,6590,1,,,1,22,,6591,1,,,1,62,,6592,1,,,1,30,,6593,1,,,1,18,,6594,1,,,1,61,,6559,1,,,1,7,,6595,1,,,1,23,,6596,1,,,1,75,,6597,1,,,1,32,,6598,1,,,1,64,,6599,1,,,1,22,,6600,1,,,1,22,,6601,1,,,1,62,,6602,1,,,1,24,,6603,1,,,1,64,,6604,1,,,1,28,,6605,1,,,1,68,,6606,1,,,1,26,,6607,1,,,1,26,,6608,1,,,1,66,,6609,1,,,1,26,,6610,1,,,1,66,,6611,1,,,1
2801,'CPHoliday1',816,,6612,26,4,,1,29,,6613,26,4,,1,68,,6614,26,4,,1,28,,6615,26,4,,1,69,,6616,26,4,,1,28,,6617,26,4,,1,70,,6618,26,4,,1,30,,6619,26,4,,1,71,,6620,26,4,,1,30,,6621,26,4,,1,70,,6622,26,4,,1,31,,6623,26,4,,1,70,,6624,26,4,,1,31,,6625,26,4,,1,70,,6626,26,4,,1,30,,6627,26,4,,1,70,,6628,26,4,,1,30,,6629,26,4,,1,70,,6630,26,4,,1,29,,6631,26,4,,1,70,,6632,26,4,,1,30,,6633,26,4,,1,64,,6634,26,4,,1,24,,6635,26,4,,1,25,,6636,26,4,,1
2801,'CPSaturday',747,,6658,26,4,,1,68,,6657,26,4,,1,29,,6651,26,4,,1,68,,6652,26,4,,1,29,,6644,26,4,,1,68,,6659,26,4,,1,31,,6640,26,4,,1,70,,6663,26,4,,1,30,,6646,26,4,,1,70,,6660,26,4,,1,31,,6637,26,4,,1,70,,6661,26,4,,1,31,,6645,26,4,,1,70,,6654,26,4,,1,30,,6643,26,4,,1,69,,6662,26,4,,1,30,,6647,26,4,,1,70,,6664,26,4,,1,30,,6638,26,4,,1,70,,6655,26,4,,1,29,,6639,26,4,,1,70,,6653,26,4,,1,30,,6648,26,4,,1,69,,6656,26,4,,1,30,,6649,26,4,,1,70,,6665,26,4,,1,30,,6641,26,4,,1,70,,6666,26,4,,1,29,,6642,26,4,,1,70,,6667,26,4,,1,34,,6650,26,4,,1,75,,6668,26,4,,1
2801,'CPSunday',816,,6669,26,4,,1,29,,6670,26,4,,1,68,,6671,26,4,,1,28,,6672,26,4,,1,69,,6673,26,4,,1,28,,6674,26,4,,1,70,,6675,26,4,,1,30,,6676,26,4,,1,71,,6677,26,4,,1,30,,6678,26,4,,1,70,,6679,26,4,,1,31,,6680,26,4,,1,70,,6681,26,4,,1,31,,6682,26,4,,1,70,,6683,26,4,,1,30,,6684,26,4,,1,70,,6685,26,4,,1,30,,6686,26,4,,1,70,,6687,26,4,,1,29,,6688,26,4,,1,70,,6689,26,4,,1,30,,6690,26,4,,1,64,,6691,26,4,,1,24,,6692,26,4,,1,25,,6693,26,4,,1
2801,'CPWeekday',526,,6696,26,4,,1,20,,6697,26,4,,1,58,,6698,26,4,,1,26,,6699,27,4,,1,22,,6700,27,4,,1,61,,6701,27,4,,1,21,,6702,27,4,,1,17,,6703,27,4,,1,51,,6694,27,4,,1,17,,6704,27,4,,1,13,,6695,27,4,,1,11,,6705,27,4,,1,60,,6706,27,4,,1,16,,6707,26,4,,1,25,,6708,26,4,,1,62,,6709,26,4,,1,23,,6710,26,4,,1,22,,6711,26,4,,1,62,,6712,26,4,,1,21,,6713,26,4,,1,22,,6714,26,4,,1,62,,6715,26,4,,1,21,,6716,26,4,,1,62,,6717,26,4,,1,23,,6718,26,4,,1,23,,6719,26,4,,1,62,,6720,26,4,,1,22,,6721,26,4,,1,23,,6722,26,4,,1,62,,6723,26,4,,1,22,,6724,26,4,,1,62,,6725,26,4,,1,23,,6726,26,4,,1,22,,6727,26,4,,1,64,,6728,26,4,,1,28,,6729,26,4,,1,68,,6730,26,4,,1,27,,6731,26,4,,1,68,,6732,26,4,,1,27,,6733,26,4,,1,23,,6734,26,4,,1,63,,6735,26,4,,1,23,,6736,26,4,,1,20,,6737,26,4,,1,58,,6738,26,4,,1,17,,6739,26,4,,1,23,,6740,26,4,,1,67,,6741,26,4,,1,28,,6742,26,4,,1,67,,6743,26,4,,1,27,,6744,26,4,,1,66,,6745,26,4,,1,26,,6746,26,4,,1
10300,'CPHoliday1',535,,12200,1,,,1,24,,12197,1,,,1,64,,12188,1,,,1,24,,12179,1,,,1,64,,12198,1,,,1,26,,12196,1,,,1,66,,12187,1,,,1,26,,12178,1,,,1,26,,12199,1,,,1,66,,12195,1,,,1,26,,12185,1,,,1,68,,12177,1,,,1,28,,12176,1,,,1,68,,12194,1,,,1,30,,12186,1,,,1,70,,12174,1,,,1,30,,12172,1,,,1,70,,12193,1,,,1,30,,12184,1,,,1,70,,12169,1,,,1,30,,12170,1,,,1,70,,12189,1,,,1,30,,12183,1,,,1,70,,12168,1,,,1,30,,12173,1,,,1,70,,12190,1,,,1,30,,12181,1,,,1,70,,12167,1,,,1,30,,12175,1,,,1,70,,12192,1,,,1,30,,12182,1,,,1,70,,12166,1,,,1,28,,12171,1,,,1,68,,12191,1,,,1,26,,12180,1,,,1,72,,12165,1,,,1
10300,'CPSaturday',435,,12244,1,,,1,24,,12240,1,,,1,64,,12239,1,,,1,24,,12232,1,,,1,66,,12243,1,,,1,26,,12229,1,,,1,66,,12228,1,,,1,26,,12230,1,,,1,28,,12241,1,,,1,68,,12221,1,,,1,28,,12219,1,,,1,68,,12231,1,,,1,20,,12218,1,,,1,60,,12242,1,,,1,24,,12220,1,,,1,26,,12217,1,,,1,66,,12238,1,,,1,24,,12210,1,,,1,64,,12246,1,,,1,24,,12226,1,,,1,26,,12216,1,,,1,66,,12237,1,,,1,26,,12209,1,,,1,66,,12245,1,,,1,28,,12227,1,,,1,68,,12215,1,,,1,28,,12236,1,,,1,68,,12208,1,,,1,26,,12204,1,,,1,26,,12224,1,,,1,66,,12214,1,,,1,26,,12234,1,,,1,66,,12206,1,,,1,26,,12203,1,,,1,66,,12225,1,,,1,26,,12211,1,,,1,66,,12235,1,,,1,24,,12205,1,,,1,24,,12202,1,,,1,62,,12223,1,,,1,22,,12213,1,,,1,22,,12233,1,,,1,62,,12207,1,,,1,22,,12201,1,,,1,65,,12222,1,,,1,28,,12212,1,,,1
10300,'CPSunday',535,,12282,1,,,1,24,,12279,1,,,1,64,,12270,1,,,1,24,,12261,1,,,1,64,,12280,1,,,1,26,,12278,1,,,1,66,,12269,1,,,1,26,,12260,1,,,1,26,,12281,1,,,1,66,,12277,1,,,1,26,,12267,1,,,1,68,,12259,1,,,1,28,,12258,1,,,1,68,,12276,1,,,1,30,,12268,1,,,1,70,,12256,1,,,1,30,,12254,1,,,1,70,,12275,1,,,1,30,,12266,1,,,1,70,,12251,1,,,1,30,,12252,1,,,1,70,,12271,1,,,1,30,,12265,1,,,1,70,,12250,1,,,1,30,,12255,1,,,1,70,,12272,1,,,1,30,,12263,1,,,1,70,,12249,1,,,1,30,,12257,1,,,1,70,,12274,1,,,1,30,,12264,1,,,1,70,,12248,1,,,1,28,,12253,1,,,1,68,,12273,1,,,1,26,,12262,1,,,1,72,,12247,1,,,1
10300,'CPWeekday',410,,12283,1,,,1,30,,12284,1,,,1,70,,12285,1,,,1,20,,12286,1,,,1,15,,12287,1,,,1,55,,12288,1,,,1,15,,12289,1,,,1,15,,12290,1,,,1,15,,12291,1,,,1,55,,12292,1,,,1,16,,12293,1,,,1,16,,12294,1,,,1,18,,12295,1,,,1,58,,12296,1,,,1,32,,12297,1,,,1,72,,12298,1,,,1,32,,12299,1,,,1,68,,12300,1,,,1,26,,12301,1,,,1,66,,12302,1,,,1,26,,12303,1,,,1,28,,12304,1,,,1,70,,12305,1,,,1,30,,12306,1,,,1,68,,12307,1,,,1,28,,12308,1,,,1,68,,12309,1,,,1,22,,12310,1,,,1,56,,12311,1,,,1,16,,12312,1,,,1,16,,12313,1,,,1,16,,12314,1,,,1,56,,12315,1,,,1,16,,12316,1,,,1,16,,12317,1,,,1,18,,12318,1,,,1,58,,12319,1,,,1,18,,12320,1,,,1,16,,12321,1,,,1,56,,12322,1,,,1,28,,12323,1,,,1,28,,12324,1,,,1,66,,12325,1,,,1,24,,12326,1,,,1,64,,12327,1,,,1,30,,12328,1,,,1,70,,12329,1,,,1,40,,12330,1,,,1,80,,12331,1,,,1,80,,12332,1,,,1,95,,12333,1,,,1,50,,12334,1,,,1
10301,'CPHoliday1',633,,12371,18,4,,1,26,,12370,18,4,,1,66,,12367,18,4,,1,27,,12358,18,4,,1,67,,12349,18,4,,1,28,,12369,18,4,,1,66,,12364,18,4,,1,26,,12356,18,4,,1,66,,12348,18,4,,1,29,,12368,18,4,,1,66,,12365,18,4,,1,30,,12357,18,4,,1,72,,12347,18,4,,1,31,,12346,18,4,,1,70,,12366,18,4,,1,30,,12355,18,4,,1,70,,12340,18,4,,1,31,,12344,18,4,,1,70,,12362,18,4,,1,30,,12353,18,4,,1,69,,12339,18,4,,1,29,,12341,18,4,,1,70,,12363,18,4,,1,30,,12352,18,4,,1,69,,12338,18,4,,1,29,,12345,18,4,,1,70,,12361,18,4,,1,30,,12350,18,4,,1,70,,12337,18,4,,1,27,,12342,18,4,,1,30,,12360,18,4,,1,67,,12351,18,4,,1,28,,12336,18,4,,1,66,,12343,18,4,,1,25,,12359,18,4,,1,65,,12354,18,4,,1,23,,12335,18,4,,1
10301,'CPSaturday',537,,12409,18,4,,1,65,,12413,18,4,,1,25,,12408,18,4,,1,27,,12399,18,4,,1,69,,12400,18,4,,1,27,,12412,18,4,,1,68,,12397,18,4,,1,30,,12390,18,4,,1,69,,12398,18,4,,1,29,,12411,18,4,,1,69,,12389,18,4,,1,28,,12388,18,4,,1,69,,12401,18,4,,1,23,,12386,18,4,,1,22,,12410,18,4,,1,65,,12396,18,4,,1,26,,12387,18,4,,1,66,,12406,18,4,,1,27,,12380,18,4,,1,66,,12414,18,4,,1,27,,12395,18,4,,1,66,,12385,18,4,,1,27,,12407,18,4,,1,26,,12379,18,4,,1,67,,12415,18,4,,1,29,,12391,18,4,,1,68,,12384,18,4,,1,27,,12402,18,4,,1,65,,12378,18,4,,1,25,,12374,18,4,,1,25,,12393,18,4,,1,65,,12382,18,4,,1,26,,12404,18,4,,1,65,,12377,18,4,,1,22,,12373,18,4,,1,66,,12394,18,4,,1,23,,12383,18,4,,1,23,,12405,18,4,,1,61,,12376,18,4,,1,21,,12372,18,4,,1,22,,12392,18,4,,1,58,,12381,18,4,,1,19,,12403,18,4,,1,19,,12375,18,4,,1
10301,'CPSunday',633,,12452,18,4,,1,26,,12451,18,4,,1,66,,12448,18,4,,1,27,,12439,18,4,,1,67,,12430,18,4,,1,28,,12450,18,4,,1,66,,12445,18,4,,1,26,,12437,18,4,,1,66,,12429,18,4,,1,29,,12449,18,4,,1,66,,12446,18,4,,1,30,,12438,18,4,,1,72,,12428,18,4,,1,31,,12427,18,4,,1,70,,12447,18,4,,1,30,,12436,18,4,,1,70,,12421,18,4,,1,31,,12425,18,4,,1,70,,12443,18,4,,1,30,,12434,18,4,,1,69,,12420,18,4,,1,29,,12422,18,4,,1,70,,12444,18,4,,1,30,,12433,18,4,,1,69,,12419,18,4,,1,29,,12426,18,4,,1,70,,12442,18,4,,1,30,,12431,18,4,,1,70,,12418,18,4,,1,27,,12423,18,4,,1,30,,12441,18,4,,1,67,,12432,18,4,,1,28,,12417,18,4,,1,66,,12424,18,4,,1,25,,12440,18,4,,1,65,,12435,18,4,,1,23,,12416,18,4,,1
10301,'CPWeekday',518,,12453,18,4,,1,32,,12454,18,4,,1,70,,12455,18,4,,1,32,,12456,18,4,,1,55,,12457,18,4,,1,17,,12458,18,4,,1,18,,12459,18,4,,1,15,,12460,18,4,,1,56,,12461,18,4,,1,16,,12462,18,4,,1,17,,12463,18,4,,1,56,,12464,18,4,,1,16,,12465,18,4,,1,17,,12466,18,4,,1,22,,12467,18,4,,1,61,,12468,18,4,,1,29,,12469,18,4,,1,70,,12470,18,4,,1,30,,12471,18,4,,1,70,,12472,18,4,,1,28,,12473,18,4,,1,66,,12474,18,4,,1,28,,12475,18,4,,1,68,,12476,18,4,,1,31,,12477,18,4,,1,70,,12478,18,4,,1,33,,12479,18,4,,1,70,,12480,18,4,,1,18,,12481,18,4,,1,16,,12482,18,4,,1,57,,12483,18,4,,1,15,,12484,18,4,,1,16,,12485,18,4,,1,16,,12486,18,4,,1,56,,12487,18,4,,1,16,,12488,18,4,,1,15,,12489,18,4,,1,15,,12490,18,4,,1,57,,12491,18,4,,1,17,,12492,18,4,,1,31,,12493,18,4,,1,73,,12494,18,4,,1,27,,12495,18,4,,1,65,,12496,18,4,,1,22,,12497,18,4,,1,62,,12498,18,4,,1,18,,12499,18,4,,1,30,,12500,18,4,,1,70,,12501,18,4,,1,77,,12502,18,4,,1,39,,12503,18,4,,1,89,,12504,18,4,,1
