700,'CPSunday',2210,,16240,25,,,1
700,'CPWeekday',244,,16241,25,,,1,81,,16242,25,,,1,83,,16243,25,,,1,42,,16244,25,,,1
700,'MASaturday',408,,16355,25,,,1,24,,16354,25,,,1,24,,16353,25,,,1,66,,16352,25,,,1,22,,16351,25,,,1,63,,16350,25,,,1,22,,16349,25,,,1,23,,16348,25,,,1,63,,16347,25,,,1,25,,16346,25,,,1,66,,16345,25,,,1,27,,16344,25,,,1,26,,16338,25,,,1,65,,16337,25,,,1,25,,16335,25,,,1,65,,16332,25,,,1,24,,16333,25,,,1,65,,16334,25,,,1,27,,16339,25,,,1,27,,16331,25,,,1,69,,16330,25,,,1,28,,16324,25,,,1,67,,16329,25,,,1,27,,16323,25,,,1,61,,16322,25,,,1,21,,16341,25,,,1,21,,16328,25,,,1,63,,16321,25,,,1,22,,16318,25,,,1,19,,16316,25,,,1,60,,16319,25,,,1,20,,16314,25,,,1,21,,16313,25,,,1,62,,16340,25,,,1,22,,16325,25,,,1,62,,16312,25,,,1,22,,16310,25,,,1,22,,16311,25,,,1,59,,16317,25,,,1,19,,16308,25,,,1,19,,16306,25,,,1,59,,16342,25,,,1,19,,16326,25,,,1,19,,16309,25,,,1,60,,16303,25,,,1,18,,16302,25,,,1,19,,16320,25,,,1,20,,16307,25,,,1,60,,16301,25,,,1,20,,16343,25,,,1,19,,16327,25,,,1,60,,16304,25,,,1,17,,16299,25,,,1,17,,16300,25,,,1,59,,16315,25,,,1,18,,16305,25,,,1,19,,16298,25,,,1,57,,16336,25,,,1,18,,16356,25,,,1
700,'MASunday',442,,16393,25,,,1,61,,16406,25,,,1,23,,16389,25,,,1,21,,16384,25,,,1,61,,16383,25,,,1,22,,16399,25,,,1,24,,16382,25,,,1,63,,16408,25,,,1,23,,16390,25,,,1,63,,16381,25,,,1,23,,16378,25,,,1,23,,16400,25,,,1,63,,16379,25,,,1,24,,16407,25,,,1,64,,16391,25,,,1,25,,16373,25,,,1,24,,16372,25,,,1,64,,16401,25,,,1,25,,16380,25,,,1,64,,16405,25,,,1,24,,16392,25,,,1,24,,16371,25,,,1,65,,16366,25,,,1,25,,16398,25,,,1,62,,16365,25,,,1,21,,16377,25,,,1,21,,16404,25,,,1,62,,16385,25,,,1,21,,16368,25,,,1,21,,16362,25,,,1,62,,16395,25,,,1,22,,16360,25,,,1,22,,16374,25,,,1,62,,16402,25,,,1,22,,16387,25,,,1,20,,16369,25,,,1,60,,16361,25,,,1,21,,16394,25,,,1,61,,16357,25,,,1,21,,16376,25,,,1,22,,16403,25,,,1,61,,16386,25,,,1,23,,16370,25,,,1,22,,16363,25,,,1,60,,16396,25,,,1,21,,16358,25,,,1,20,,16375,25,,,1,79,,16388,25,,,1,19,,16367,25,,,1,60,,16364,25,,,1,19,,16397,25,,,1,19,,16359,25,,,1,60,,16409,25,,,1
700,'MAWeekday',513,,16410,25,,,1,24,,16411,25,,,1,64,,16412,25,,,1,25,,16413,25,,,1,22,,16414,25,,,1,61,,16415,25,,,1,20,,16416,25,,,1,24,,16417,25,,,1,64,,16418,25,,,1,26,,16419,25,,,1,65,,16420,25,,,1,28,,16421,25,,,1,69,,16422,25,,,1,30,,16423,25,,,1,65,,16424,25,,,1,25,,16425,25,,,1,25,,16426,25,,,1,65,,16427,25,,,1,25,,16428,25,,,1,60,,16429,25,,,1,21,,16430,25,,,1,22,,16431,25,,,1,64,,16432,25,,,1,25,,16433,25,,,1,25,,16434,25,,,1,66,,16435,25,,,1,25,,16436,25,,,1,65,,16437,25,,,1,26,,16438,25,,,1,65,,16439,25,,,1,25,,16440,25,,,1,25,,16441,25,,,1,65,,16442,25,,,1,26,,16443,25,,,1,66,,16444,25,,,1,24,,16445,25,,,1,24,,16446,25,,,1,64,,16447,25,,,1,22,,16448,25,,,1,62,,16449,25,,,1,24,,16450,25,,,1,74,,16451,25,,,1,27,,16452,25,,,1,26,,16453,25,,,1,68,,16454,25,,,1,74,,16455,25,,,1,34,,16456,25,,,1,72,,16457,25,,,1,29,,16458,25,,,1,69,,16459,25,,,1
3900,'CPSaturday',833,,22199,73,,,1,25,,22198,73,,,1,258,,22200,73,,,1,29,,22197,73,,,1,272,,22201,73,,,1,30,,22196,73,,,1,272,,22202,73,,,1,30,,22195,73,,,1,260,,22203,73,,,1,28,,22194,73,,,1,206,,22204,73,,,1
3900,'CPSunday',649,,22225,73,,,1,78,,22219,73,,,1,83,,22214,73,,,1,38,,22210,73,,,1,81,,22226,73,,,1,84,,22217,73,,,1,42,,22215,73,,,1,84,,22209,73,,,1,83,,22224,73,,,1,85,,22218,73,,,1,47,,22211,73,,,1,85,,22208,73,,,1,85,,22227,73,,,1,85,,22221,73,,,1,45,,22212,73,,,1,83,,22207,73,,,1,85,,22228,73,,,1,84,,22220,73,,,1,40,,22213,73,,,1,84,,22206,73,,,1,82,,22223,73,,,1,40,,22222,73,,,1,81,,22216,73,,,1,75,,22205,73,,,1
3900,'MASaturday',648,,22252,73,,,1,66,,22251,73,,,1,28,,22245,73,,,1,66,,22244,73,,,1,116,,22246,73,,,1,28,,22239,73,,,1,66,,22237,73,,,1,30,,22238,73,,,1,166,,22250,73,,,1,31,,22240,73,,,1,71,,22234,73,,,1,30,,22232,73,,,1,171,,22249,73,,,1,30,,22243,73,,,1,71,,22235,73,,,1,30,,22230,73,,,1,169,,22247,73,,,1,27,,22242,73,,,1,69,,22233,73,,,1,30,,22229,73,,,1,162,,22248,73,,,1,25,,22241,73,,,1,26,,22236,73,,,1,64,,22231,73,,,1
3900,'MAWeekday',521,,22253,41,,,1,92,,22254,74,,,1,26,,22255,74,,,1,64,,22256,74,,,1,22,,22257,74,,,1,19,,22258,74,,,1,61,,22259,74,,,1,19,,22260,74,,,1,20,,22261,74,,,1,63,,22262,74,,,1,24,,22263,74,,,1,20,,22264,73,,,1,71,,22265,73,,,1,35,,22266,73,,,1,77,,22267,73,,,1,77,,22268,73,,,1,38,,22269,73,,,1,77,,22270,73,,,1,76,,22271,73,,,1,34,,22272,73,,,1,65,,22273,73,,,1,29,,22274,74,,,1,20,,22275,74,,,1,61,,22276,74,,,1,21,,22277,74,,,1,22,,22278,74,,,1,58,,22279,74,,,1,19,,22280,74,,,1,17,,22281,74,,,1,59,,22282,74,,,1,21,,22283,74,,,1,22,,22284,74,,,1,59,,22285,74,,,1,21,,22286,74,,,1,16,,22287,73,,,1,62,,22288,73,,,1,22,,22289,73,,,1,18,,22290,73,,,1,75,,22291,73,,,1,77,,22292,73,,,1,41,,22293,73,,,1,80,,22294,73,,,1,37,,22295,73,,,1,75,,22296,73,,,1,73,,22297,73,,,1,33,,22298,73,,,1,74,,22299,73,,,1
4301,'CPWeekday',1517,,22984,66,,,1,42,,22982,66,,,1,83,,22987,66,,,1,81,,22989,66,,,1,81,,22985,66,,,1,40,,22983,66,,,1,80,,22988,66,,,1,80,,22990,66,,,1,39,,22986,66,,,1
