600,'CPHoliday1',817,,2129,46,,,1,42,,2130,46,,,1,81,,2131,46,,,1,85,,2132,46,,,1,82,,2133,46,,,1,45,,2134,46,,,1,86,,2135,46,,,1,86,,2136,46,,,1,89,,2137,46,,,1,88,,2138,46,,,1,47,,2139,46,,,1,89,,2140,46,,,1,88,,2141,46,,,1,87,,2142,46,,,1,44,,2143,46,,,1,81,,2144,46,,,1,81,,2145,46,,,1,41,,2146,46,,,1,79,,2147,46,,,1
600,'CPSaturday',545,,2148,46,,,1,79,,2149,46,,,1,78,,2150,46,,,1,39,,2151,46,,,1,82,,2152,46,,,1,81,,2153,46,,,1,42,,2154,46,,,1,83,,2155,46,,,1,87,,2156,46,,,1,84,,2157,46,,,1,45,,2158,46,,,1,87,,2159,46,,,1,86,,2160,46,,,1,84,,2161,46,,,1,44,,2162,46,,,1,85,,2163,46,,,1,85,,2164,46,,,1,84,,2165,46,,,1,43,,2166,46,,,1,84,,2167,46,,,1,84,,2168,46,,,1,42,,2169,46,,,1,84,,2170,46,,,1,82,,2171,46,,,1,40,,2172,46,,,1,80,,2173,46,,,1,80,,2174,46,,,1
600,'CPSunday',817,,2175,46,,,1,42,,2176,46,,,1,81,,2177,46,,,1,85,,2178,46,,,1,82,,2179,46,,,1,45,,2180,46,,,1,86,,2181,46,,,1,86,,2182,46,,,1,89,,2183,46,,,1,88,,2184,46,,,1,47,,2185,46,,,1,89,,2186,46,,,1,88,,2187,46,,,1,87,,2188,46,,,1,44,,2189,46,,,1,81,,2190,46,,,1,81,,2191,46,,,1,41,,2192,46,,,1,79,,2193,46,,,1
600,'CPWeekday',531,,2241,46,,,1,27,,2232,46,,,1,72,,2230,46,,,1,28,,2235,46,,,1,65,,2229,46,,,1,36,,2228,46,,,1,70,,2233,46,,,1,73,,2227,46,,,1,29,,2226,46,,,1,69,,2234,46,,,1,30,,2215,46,,,1,70,,2213,46,,,1,30,,2237,46,,,1,70,,2217,46,,,1,31,,2212,46,,,1,70,,2236,46,,,1,31,,2216,46,,,1,70,,2211,46,,,1,31,,2231,46,,,1,26,,2210,46,,,1,65,,2218,46,,,1,7,,2194,46,,,1,5,,2195,46,,,1,12,,2204,46,,,1,64,,2238,46,,,1,25,,2203,46,,,1,66,,2214,46,,,1,26,,2205,46,,,1,26,,2239,46,,,1,65,,2202,46,,,1,25,,2219,46,,,1,62,,2207,46,,,1,22,,2240,46,,,1,21,,2201,46,,,1,66,,2221,46,,,1,27,,2208,46,,,1,67,,2200,46,,,1,27,,2223,46,,,1,67,,2206,46,,,1,28,,2199,46,,,1,68,,2220,46,,,1,26,,2209,46,,,1,26,,2198,46,,,1,75,,2224,46,,,1,75,,2197,46,,,1,32,,2222,46,,,1,75,,2196,46,,,1,36,,2225,46,,,1
800,'CPSaturday',710,,2802,45,,,1,42,,2792,45,,,1,85,,2803,45,,,1,85,,2798,45,,,1,86,,2804,45,,,1,48,,2793,45,,,1,90,,2805,45,,,1,90,,2794,45,,,1,91,,2806,45,,,1,94,,2799,45,,,1,93,,2807,45,,,1,93,,2800,45,,,1,93,,2811,45,,,1,52,,2791,45,,,1,93,,2809,45,,,1,91,,2801,45,,,1,88,,2812,45,,,1,86,,2795,45,,,1,46,,2813,45,,,1,86,,2796,45,,,1,84,,2808,45,,,1,81,,2797,45,,,1,43,,2810,45,,,1
800,'CPWeekday',529,,2847,45,,,1,72,,2849,45,,,1,31,,2846,45,,,1,73,,2848,45,,,1,35,,2843,45,,,1,78,,2844,45,,,1,39,,2845,45,,,1,76,,2840,45,,,1,75,,2841,45,,,1,36,,2842,45,,,1,76,,2839,45,,,1,35,,2838,45,,,1,75,,2837,45,,,1,76,,2836,45,,,1,37,,2835,45,,,1,80,,2834,45,,,1,85,,2833,45,,,1,17,,2815,32,,,1,12,,2817,31,,,1,7,,2814,45,,,1,4,,2818,45,,,1,3,,2832,45,,,1,51,,2816,45,,,1,25,,2831,45,,,1,80,,2830,45,,,1,40,,2824,45,,,1,78,,2829,45,,,1,32,,2823,45,,,1,74,,2819,45,,,1,73,,2828,45,,,1,40,,2821,45,,,1,82,,2826,45,,,1,82,,2822,45,,,1,42,,2827,45,,,1,80,,2820,45,,,1,82,,2825,45,,,1
900,'CPHoliday1',646,,2934,18,,,1,82,,2933,43,,,1,88,,2932,43,,,1,88,,2931,43,,,1,52,,2930,43,,,1,91,,2927,43,,,1,77,,2923,43,,,1,32,,2922,43,,,1,75,,2928,43,,,1,80,,2918,43,,,1,34,,2921,43,,,1,77,,2926,43,,,1,78,,2919,43,,,1,38,,2914,43,,,1,78,,2924,43,,,1,38,,2912,43,,,1,77,,2916,43,,,1,76,,2929,43,,,1,34,,2911,43,,,1,76,,2915,43,,,1,36,,2925,43,,,1,76,,2910,43,,,1,89,,2920,43,,,1,89,,2909,43,,,1,45,,2917,43,,,1,88,,2908,43,,,1,86,,2913,43,,,1
900,'CPSaturday',559,,2969,18,,,1,65,,2968,18,,,1,32,,2967,18,,,1,64,,2966,43,,,1,33,,2964,43,,,1,74,,2965,43,,,1,32,,2963,43,,,1,77,,2952,43,,,1,73,,2953,43,,,1,35,,2955,43,,,1,78,,2943,43,,,1,36,,2942,43,,,1,75,,2957,43,,,1,78,,2949,43,,,1,40,,2941,43,,,1,78,,2960,43,,,1,79,,2946,43,,,1,39,,2940,43,,,1,77,,2959,43,,,1,79,,2948,43,,,1,38,,2939,43,,,1,75,,2956,43,,,1,39,,2945,43,,,1,72,,2938,43,,,1,76,,2954,43,,,1,37,,2950,43,,,1,73,,2936,43,,,1,33,,2958,43,,,1,73,,2944,43,,,1,34,,2937,43,,,1,74,,2961,43,,,1,32,,2947,43,,,1,71,,2935,43,,,1,70,,2962,43,,,1,31,,2951,43,,,1
900,'CPSunday',646,,2996,18,,,1,82,,2995,43,,,1,88,,2994,43,,,1,88,,2993,43,,,1,52,,2992,43,,,1,91,,2989,43,,,1,77,,2985,43,,,1,32,,2984,43,,,1,75,,2990,43,,,1,80,,2980,43,,,1,34,,2983,43,,,1,77,,2988,43,,,1,78,,2981,43,,,1,38,,2976,43,,,1,78,,2986,43,,,1,38,,2974,43,,,1,77,,2978,43,,,1,76,,2991,43,,,1,34,,2973,43,,,1,76,,2977,43,,,1,36,,2987,43,,,1,76,,2972,43,,,1,89,,2982,43,,,1,89,,2971,43,,,1,45,,2979,43,,,1,88,,2970,43,,,1,86,,2975,43,,,1
900,'CPWeekday',449,,3039,44,,,1,65,,3043,44,,,1,21,,3041,44,,,1,21,,3044,44,,,1,61,,3045,44,,,1,21,,3040,44,,,1,63,,3042,44,,,1,24,,3033,44,,,1,27,,3035,44,,,1,62,,3038,44,,,1,25,,3032,44,,,1,66,,3034,44,,,1,25,,3036,44,,,1,23,,3037,44,,,1,62,,3030,44,,,1,21,,3027,44,,,1,67,,3028,44,,,1,28,,3029,44,,,1,70,,3031,44,,,1,30,,3023,44,,,1,70,,3024,44,,,1,30,,3025,44,,,1,70,,3026,44,,,1,31,,3021,44,,,1,71,,3022,44,,,1,31,,3020,44,,,1,67,,3019,44,,,1,23,,3018,44,,,1,22,,3017,44,,,1,69,,3016,44,,,1,29,,3015,44,,,1,69,,3014,44,,,1,18,,3013,44,,,1,23,,3012,44,,,1,69,,3011,44,,,1,26,,3006,44,,,1,67,,3005,44,,,1,25,,3004,44,,,1,65,,3007,44,,,1,27,,3003,44,,,1,67,,3001,44,,,1,25,,2998,44,,,1,27,,3008,44,,,1,65,,3002,44,,,1,25,,3000,44,,,1,66,,2997,44,,,1,30,,3009,44,,,1,86,,2999,44,,,1,85,,3010,44,,,1
2600,'CPHoliday1',639,,5993,12,,,1,65,,5994,12,,,1,26,,5996,21,,,1,25,,5997,21,,,1,67,,5998,21,,,1,26,,5999,21,,,1,67,,6000,21,,,1,28,,6001,21,,,1,69,,6002,21,,,1,28,,6003,21,,,1,68,,6004,21,,,1,29,,6005,21,,,1,67,,6006,21,,,1,21,,6007,21,,,1,20,,6008,21,,,1,63,,6009,21,,,1,24,,6010,21,,,1,24,,6011,21,,,1,65,,6012,21,,,1,22,,6013,21,,,1,62,,6014,21,,,1,22,,6015,21,,,1,22,,6016,21,,,1,64,,6017,21,,,1,25,,6018,21,,,1,63,,6019,21,,,1,23,,6020,21,,,1,24,,6021,21,,,1,62,,6022,21,,,1,22,,6023,21,,,1,22,,6024,21,,,1,61,,6025,21,,,1,21,,6026,21,,,1,66,,6027,21,,,1,28,,6028,21,,,1,26,,6029,21,,,1,68,,6030,21,,,1,27,,6031,21,,,1,65,,6032,21,,,1,26,,6033,21,,,1,65,,6034,21,,,1,26,,6035,21,,,1,26,,6036,21,,,1,64,,6037,21,,,1,24,,6038,21,,,1,64,,6039,21,,,1
2600,'CPSaturday',452,,6040,21,,,1,60,,6041,21,,,1,21,,6042,21,,,1,20,,6043,21,,,1,64,,6044,21,,,1,22,,6045,21,,,1,62,,6046,21,,,1,22,,6047,21,,,1,22,,6048,21,,,1,64,,6049,21,,,1,22,,6050,21,,,1,22,,6051,21,,,1,65,,6052,21,,,1,24,,6053,21,,,1,65,,6054,21,,,1,25,,6055,21,,,1,18,,6056,21,,,1,59,,6057,21,,,1,19,,6058,21,,,1,20,,6059,21,,,1,61,,6060,21,,,1,19,,6061,21,,,1,18,,6062,21,,,1,58,,6063,21,,,1,16,,6064,21,,,1,16,,6065,21,,,1,16,,6066,21,,,1,56,,6067,21,,,1,14,,6068,21,,,1,14,,6069,21,,,1,14,,6070,21,,,1,54,,6071,21,,,1,14,,6072,21,,,1,14,,6073,21,,,1,14,,6074,21,,,1,54,,6075,21,,,1,14,,6076,21,,,1,14,,6077,21,,,1,14,,6078,21,,,1,15,,6079,21,,,1,55,,6080,21,,,1,14,,6081,21,,,1,15,,6082,21,,,1,15,,6083,21,,,1,54,,6084,21,,,1,14,,6085,21,,,1,14,,6086,21,,,1,14,,6087,21,,,1,52,,6088,21,,,1,11,,6089,21,,,1,12,,6090,21,,,1,16,,6091,21,,,1,63,,6092,21,,,1,24,,6093,21,,,1,24,,6094,21,,,1,63,,6095,21,,,1,20,,6096,21,,,1,18,,6097,21,,,1,57,,6098,21,,,1,17,,6099,21,,,1,18,,6100,21,,,1,61,,6101,21,,,1,24,,6102,21,,,1,24,,6103,21,,,1,67,,6104,21,,,1,28,,6105,21,,,1,65,,6106,21,,,1,22,,6107,21,,,1,20,,6108,21,,,1,59,,6109,21,,,1,20,,6110,21,0,32 33 34 35 36 37,1
2600,'CPSunday',639,,6111,12,,,1,65,,6112,12,,,1,26,,6114,21,,,1,25,,6115,21,,,1,67,,6116,21,,,1,26,,6117,21,,,1,67,,6118,21,,,1,28,,6119,21,,,1,69,,6120,21,,,1,28,,6121,21,,,1,68,,6122,21,,,1,29,,6123,21,,,1,67,,6124,21,,,1,21,,6125,21,,,1,20,,6126,21,,,1,63,,6127,21,,,1,24,,6128,21,,,1,24,,6129,21,,,1,65,,6130,21,,,1,22,,6131,21,,,1,62,,6132,21,,,1,22,,6133,21,,,1,22,,6134,21,,,1,64,,6135,21,,,1,25,,6136,21,,,1,63,,6137,21,,,1,23,,6138,21,,,1,24,,6139,21,,,1,62,,6140,21,,,1,22,,6141,21,,,1,22,,6142,21,,,1,61,,6143,21,,,1,21,,6144,21,,,1,66,,6145,21,,,1,28,,6146,21,,,1,26,,6147,21,,,1,68,,6148,21,,,1,27,,6149,21,,,1,65,,6150,21,,,1,26,,6151,21,,,1,65,,6152,21,,,1,26,,6153,21,,,1,26,,6154,21,,,1,64,,6155,21,,,1,24,,6156,21,,,1,64,,6157,21,,,1
2800,'CPHoliday1',817,,6477,25,,,1,27,,6478,25,,,1,67,,6479,25,,,1,26,,6480,25,,,1,66,,6481,25,,,1,28,,6482,25,,,1,72,,6483,25,,,1,30,,6484,25,,,1,70,,6485,25,,,1,30,,6486,25,,,1,70,,6487,25,,,1,30,,6488,25,,,1,71,,6489,25,,,1,30,,6490,25,,,1,70,,6491,25,,,1,30,,6492,25,,,1,70,,6493,25,,,1,30,,6494,25,,,1,71,,6495,25,,,1,29,,6496,25,,,1,69,,6497,25,,,1,28,,6498,25,,,1,69,,6499,25,,,1,25,,6500,25,,,1,22,,6501,25,,,1
2800,'CPSaturday',749,,6518,25,,,1,63,,6517,25,,,1,26,,6524,25,,,1,68,,6511,25,,,1,28,,6531,25,,,1,71,,6510,25,,,1,30,,6530,25,,,1,70,,6504,25,,,1,30,,6523,25,,,1,70,,6506,25,,,1,31,,6525,25,,,1,70,,6505,25,,,1,31,,6529,25,,,1,70,,6512,25,,,1,30,,6526,25,,,1,70,,6508,25,,,1,28,,6521,25,,,1,70,,6509,25,,,1,30,,6532,25,,,1,70,,6507,25,,,1,30,,6527,25,,,1,69,,6502,25,,,1,29,,6519,25,,,1,70,,6513,25,,,1,30,,6520,25,,,1,70,,6514,25,,,1,30,,6528,25,,,1,70,,6515,25,,,1,29,,6522,25,,,1,72,,6503,25,,,1,32,,6533,25,,,1,74,,6516,25,,,1
2800,'CPSunday',817,,6534,25,,,1,27,,6535,25,,,1,67,,6536,25,,,1,26,,6537,25,,,1,66,,6538,25,,,1,28,,6539,25,,,1,72,,6540,25,,,1,30,,6541,25,,,1,70,,6542,25,,,1,30,,6543,25,,,1,70,,6544,25,,,1,30,,6545,25,,,1,71,,6546,25,,,1,30,,6547,25,,,1,70,,6548,25,,,1,30,,6549,25,,,1,70,,6550,25,,,1,30,,6551,25,,,1,71,,6552,25,,,1,29,,6553,25,,,1,69,,6554,25,,,1,28,,6555,25,,,1,69,,6556,25,,,1,25,,6557,25,,,1,22,,6558,25,,,1
2800,'CPWeekday',517,,6561,25,,,1,16,,6562,25,,,1,18,,6563,25,,,1,59,,6564,25,,,1,20,,6565,25,,,1,22,,6566,25,,,1,62,,6567,25,,,1,23,,6568,25,,,1,64,,6569,25,,,1,24,,6570,25,,,1,22,,6571,25,,,1,63,,6572,25,,,1,20,,6573,25,,,1,19,,6574,25,,,1,59,,6575,25,,,1,22,,6576,25,,,1,24,,6577,25,,,1,62,,6578,25,,,1,22,,6579,25,,,1,20,,6580,25,,,1,62,,6581,25,,,1,22,,6582,25,,,1,62,,6583,25,,,1,22,,6584,25,,,1,22,,6585,25,,,1,64,,6586,25,,,1,21,,6560,14,,,1,3,,6587,25,,,1,23,,6588,25,,,1,62,,6589,25,,,1,22,,6590,25,,,1,62,,6591,25,,,1,26,,6592,28,,,1,71,,6593,28,,,1,21,,6594,28,,,1,21,,6559,28,,,1,7,,6595,28,,,1,62,,6596,28,,,1,32,,6597,28,,,1,71,,6598,28,,,1,23,,6599,28,,,1,61,,6600,28,,,1,15,,6601,25,,,1,21,,6602,25,,,1,64,,6603,25,,,1,24,,6604,25,,,1,28,,6605,25,,,1,67,,6606,25,,,1,26,,6607,25,,,1,64,,6608,25,,,1,26,,6609,25,,,1,66,,6610,25,,,1,25,,6611,25,,,1
6101,'CPHoliday1',651,,10828,32,,,1,85,,10767,32,,,1,83,,10768,32,,,1,24,,10769,32,,,1,64,,10770,32,,,1,23,,10771,32,,,1,23,,10772,32,,,1,63,,10773,32,,,1,18,,10774,32,,,1,19,,10775,32,,,1,63,,10776,32,,,1,22,,10777,32,,,1,62,,10778,32,,,1,22,,10779,32,,,1,24,,10780,32,,,1,62,,10781,32,,,1,23,,10782,32,,,1,22,,10783,32,,,1,65,,10784,32,,,1,25,,10785,32,,,1,64,,10786,32,,,1,15,,10787,32,,,1,15,,10788,32,,,1,15,,10789,32,,,1,55,,10790,32,,,1,17,,10791,32,,,1,16,,10792,32,,,1,60,,10793,32,,,1,20,,10794,32,,,1,17,,10795,32,,,1,14,,10796,32,,,1,56,,10797,32,,,1,16,,10798,32,,,1,7,,10799,32,,,1,8,,10800,32,,,1,16,,10801,32,,,1,49,,10802,32,,,1,8,,10803,32,,,1,6,,10804,32,,,1,11,,10805,32,,,1,17,,10806,32,,,1,58,,10807,32,,,1,15,,10808,32,,,1,16,,10809,32,,,1,14,,10810,32,,,1,55,,10811,32,,,1,14,,10812,32,,,1,15,,10813,32,,,1,14,,10814,32,,,1,55,,10815,32,,,1,13,,10816,32,,,1,15,,10817,32,,,1,13,,10818,32,,,1,14,,10819,32,,,1,54,,10820,32,,,1,17,,10821,32,,,1,20,,10822,32,,,1,63,,10823,32,,,1,25,,10824,32,,,1,69,,10825,32,,,1,43,,10826,32,,,1,84,,10827,32,,,1
6101,'CPSaturday',608,,10896,32,,,1,30,,10890,32,,,1,72,,10891,32,,,1,21,,10892,32,,,1,20,,10895,32,,,1,60,,10885,32,,,1,18,,10879,32,,,1,21,,10878,32,,,1,62,,10877,32,,,1,20,,10898,32,,,1,22,,10887,32,,,1,59,,10875,32,,,1,18,,10876,32,,,1,20,,10871,32,,,1,59,,10866,32,,,1,18,,10897,32,,,1,18,,10886,32,,,1,60,,10865,32,,,1,21,,10864,32,,,1,22,,10874,32,,,1,60,,10863,32,,,1,20,,10900,32,,,1,23,,10888,32,,,1,54,,10862,32,,,1,14,,10861,32,,,1,17,,10856,32,,,1,18,,10867,32,,,1,58,,10855,32,,,1,18,,10860,32,,,1,16,,10899,32,,,1,56,,10889,32,,,1,17,,10852,32,,,1,17,,10854,32,,,1,17,,10853,32,,,1,57,,10873,32,,,1,15,,10846,32,,,1,13,,10857,32,,,1,15,,10893,32,,,1,53,,10845,32,,,1,13,,10880,32,,,1,14,,10844,32,,,1,12,,10843,32,,,1,13,,10848,32,,,1,54,,10870,32,,,1,13,,10840,32,,,1,13,,10859,32,,,1,13,,10894,32,,,1,53,,10841,32,,,1,13,,10882,32,,,1,14,,10836,32,,,1,11,,10842,32,,,1,11,,10849,32,,,1,52,,10868,32,,,1,12,,10835,32,,,1,17,,10858,32,,,1,16,,10834,32,,,1,56,,10881,32,,,1,16,,10837,32,,,1,13,,10847,32,,,1,14,,10869,32,,,1,56,,10832,32,,,1,18,,10833,32,,,1,17,,10883,32,,,1,15,,10838,32,,,1,54,,10851,32,,,1,14,,10872,32,,,1,15,,10831,32,,,1,15,,10829,32,,,1,54,,10884,32,,,1,13,,10839,32,,,1,13,,10850,32,,,1,66,,10830,32,,,1
6101,'CPSunday',651,,10962,32,,,1,85,,10901,32,,,1,83,,10902,32,,,1,24,,10903,32,,,1,64,,10904,32,,,1,23,,10905,32,,,1,23,,10906,32,,,1,63,,10907,32,,,1,18,,10908,32,,,1,19,,10909,32,,,1,63,,10910,32,,,1,22,,10911,32,,,1,62,,10912,32,,,1,22,,10913,32,,,1,24,,10914,32,,,1,62,,10915,32,,,1,23,,10916,32,,,1,22,,10917,32,,,1,65,,10918,32,,,1,25,,10919,32,,,1,64,,10920,32,,,1,15,,10921,32,,,1,15,,10922,32,,,1,15,,10923,32,,,1,55,,10924,32,,,1,17,,10925,32,,,1,16,,10926,32,,,1,60,,10927,32,,,1,20,,10928,32,,,1,17,,10929,32,,,1,14,,10930,32,,,1,56,,10931,32,,,1,16,,10932,32,,,1,7,,10933,32,,,1,8,,10934,32,,,1,16,,10935,32,,,1,49,,10936,32,,,1,8,,10937,32,,,1,6,,10938,32,,,1,11,,10939,32,,,1,17,,10940,32,,,1,58,,10941,32,,,1,15,,10942,32,,,1,16,,10943,32,,,1,14,,10944,32,,,1,55,,10945,32,,,1,14,,10946,32,,,1,15,,10947,32,,,1,14,,10948,32,,,1,55,,10949,32,,,1,13,,10950,32,,,1,15,,10951,32,,,1,13,,10952,32,,,1,14,,10953,32,,,1,54,,10954,32,,,1,17,,10955,32,,,1,20,,10956,32,,,1,63,,10957,32,,,1,25,,10958,32,,,1,69,,10959,32,,,1,43,,10960,32,,,1,84,,10961,32,,,1
6101,'CPWeekday',410,,10963,24,,,1,20,,10964,24,,,1,26,,10965,32,,,1,66,,10966,32,,,1,21,,10967,32,,,1,57,,10968,32,,,1,17,,10969,32,,,1,12,,10970,32,,,1,14,,10971,32,,,1,13,,10972,32,,,1,53,,10973,32,,,1,15,,10974,32,,,1,14,,10975,32,,,1,14,,10976,32,,,1,54,,10977,32,,,1,14,,10978,32,,,1,15,,10979,32,,,1,16,,10980,32,,,1,55,,10981,32,,,1,15,,10982,32,,,1,13,,10983,32,,,1,13,,10984,32,,,1,53,,10985,32,,,1,12,,10986,32,,,1,14,,10987,32,,,1,14,,10988,32,,,1,15,,10989,32,,,1,55,,10990,32,,,1,15,,10991,32,,,1,14,,10992,32,,,1,13,,10993,32,,,1,53,,10994,32,,,1,13,,10995,32,,,1,13,,10996,32,,,1,14,,10997,32,,,1,14,,10998,32,,,1,54,,10999,32,,,1,15,,11000,32,,,1,15,,11001,32,,,1,14,,11002,32,,,1,54,,11003,32,,,1,14,,11004,32,,,1,15,,11005,32,,,1,15,,11006,32,,,1,56,,11007,32,,,1,14,,11008,32,,,1,13,,11009,32,,,1,14,,11010,32,,,1,54,,11011,32,,,1,14,,11012,32,,,1,13,,11013,32,,,1,15,,11014,32,,,1,53,,11015,32,,,1,13,,11016,32,,,1,13,,11017,32,,,1,13,,11018,32,,,1,14,,11019,32,,,1,54,,11020,32,,,1,13,,11021,32,,,1,13,,11022,32,,,1,11,,11023,32,,,1,12,,11024,32,,,1,53,,11025,32,,,1,12,,11026,32,,,1,12,,11027,32,,,1,14,,11028,32,,,1,52,,11029,32,,,1,11,,11030,32,,,1,12,,11031,32,,,1,14,,11032,32,,,1,14,,11033,32,,,1,52,,11034,32,,,1,12,,11035,32,,,1,13,,11036,32,,,1,13,,11037,32,,,1,14,,11038,32,,,1,54,,11039,32,,,1,11,,11040,32,,,1,12,,11041,32,,,1,10,,11042,32,,,1,13,,11043,32,,,1,52,,11044,32,,,1,13,,11045,32,,,1,13,,11046,32,,,1,14,,11047,32,,,1,55,,11048,32,,,1,15,,11049,32,,,1,14,,11050,32,,,1,12,,11051,32,,,1,59,,11052,32,,,1,20,,11053,32,,,1,19,,11054,32,,,1,59,,11055,32,,,1,20,,11056,32,,,1,19,,11057,32,,,1,20,,11058,32,,,1
6601,'CPHoliday1',551,,11439,31,,,1,63,,11372,31,,,1,23,,11373,31,,,1,64,,11374,31,,,1,23,,11375,31,,,1,22,,11376,31,,,1,57,,11377,31,,,1,18,,11378,31,,,1,18,,11379,31,,,1,17,,11380,31,,,1,60,,11381,31,,,1,19,,11382,31,,,1,18,,11383,31,,,1,60,,11384,31,,,1,18,,11385,31,,,1,18,,11386,31,,,1,58,,11387,31,,,1,20,,11388,31,,,1,20,,11389,31,,,1,61,,11390,31,,,1,20,,11391,31,,,1,18,,11392,31,,,1,55,,11393,31,,,1,15,,11394,31,,,1,14,,11395,31,,,1,14,,11396,31,,,1,13,,11397,31,,,1,53,,11398,31,,,1,13,,11399,31,,,1,14,,11400,31,,,1,14,,11401,31,,,1,54,,11402,31,,,1,13,,11403,31,,,1,14,,11404,31,,,1,14,,11405,31,,,1,54,,11406,31,,,1,14,,11407,31,,,1,14,,11408,31,,,1,14,,11409,31,,,1,14,,11410,31,,,1,54,,11411,31,,,1,13,,11412,31,,,1,14,,11413,31,,,1,14,,11414,31,,,1,52,,11415,31,,,1,14,,11416,31,,,1,13,,11417,31,,,1,13,,11418,31,,,1,15,,11419,31,,,1,54,,11420,31,,,1,14,,11421,31,,,1,15,,11422,31,,,1,16,,11423,31,,,1,55,,11424,31,,,1,15,,11425,31,,,1,14,,11426,31,,,1,14,,11427,31,,,1,55,,11428,31,,,1,15,,11429,31,,,1,14,,11430,31,,,1,12,,11431,31,,,1,52,,11432,31,,,1,28,,11433,31,,,1,74,,11434,31,,,1,34,,11435,31,,,1,73,,11436,31,,,1,33,,11437,31,,,1,73,,11438,31,,,1
6601,'CPSaturday',540,,11440,31,,,1,63,,11456,31,,,1,23,,11467,31,,,1,24,,11441,31,,,1,66,,11457,31,,,1,26,,11468,31,,,1,66,,11442,31,,,1,18,,11511,31,,,1,16,,11455,31,,,1,16,,11470,31,,,1,56,,11513,31,,,1,17,,11443,31,,,1,15,,11512,31,,,1,55,,11460,31,,,1,16,,11469,31,,,1,15,,11514,31,,,1,12,,11515,31,,,1,12,,11444,31,,,1,52,,11505,31,,,1,13,,11459,31,,,1,15,,11479,31,,,1,14,,11508,31,,,1,53,,11510,31,,,1,14,,11445,31,,,1,14,,11506,31,,,1,14,,11458,31,,,1,14,,11480,31,,,1,54,,11507,31,,,1,14,,11509,31,,,1,14,,11446,31,,,1,14,,11504,31,,,1,54,,11463,31,,,1,15,,11471,31,,,1,14,,11499,31,,,1,15,,11502,31,,,1,56,,11447,31,,,1,15,,11500,31,,,1,15,,11464,31,,,1,15,,11474,31,,,1,55,,11501,31,,,1,15,,11503,31,,,1,15,,11448,31,,,1,14,,11498,31,,,1,54,,11462,31,,,1,15,,11472,31,,,1,15,,11497,31,,,1,15,,11496,31,,,1,55,,11449,31,,,1,15,,11495,31,,,1,15,,11461,31,,,1,15,,11473,31,,,1,54,,11493,31,,,1,14,,11494,31,,,1,13,,11450,31,,,1,14,,11490,31,,,1,54,,11465,31,,,1,13,,11475,31,,,1,13,,11487,31,,,1,14,,11486,31,,,1,13,,11451,31,,,1,52,,11489,31,,,1,13,,11466,31,,,1,13,,11477,31,,,1,13,,11485,31,,,1,13,,11484,31,,,1,57,,11452,31,,,1,17,,11488,31,,,1,16,,11478,31,,,1,58,,11483,31,,,1,18,,11453,31,,,1,17,,11491,31,,,1,17,,11476,31,,,1,55,,11482,31,,,1,16,,11454,31,,,1,16,,11492,31,,,1,55,,11481,31,,,1
6601,'CPSunday',551,,11583,31,,,1,63,,11516,31,,,1,23,,11517,31,,,1,64,,11518,31,,,1,23,,11519,31,,,1,22,,11520,31,,,1,57,,11521,31,,,1,18,,11522,31,,,1,18,,11523,31,,,1,17,,11524,31,,,1,60,,11525,31,,,1,19,,11526,31,,,1,18,,11527,31,,,1,60,,11528,31,,,1,18,,11529,31,,,1,18,,11530,31,,,1,58,,11531,31,,,1,20,,11532,31,,,1,20,,11533,31,,,1,61,,11534,31,,,1,20,,11535,31,,,1,18,,11536,31,,,1,55,,11537,31,,,1,15,,11538,31,,,1,14,,11539,31,,,1,14,,11540,31,,,1,13,,11541,31,,,1,53,,11542,31,,,1,13,,11543,31,,,1,14,,11544,31,,,1,14,,11545,31,,,1,54,,11546,31,,,1,13,,11547,31,,,1,14,,11548,31,,,1,14,,11549,31,,,1,54,,11550,31,,,1,14,,11551,31,,,1,14,,11552,31,,,1,14,,11553,31,,,1,14,,11554,31,,,1,54,,11555,31,,,1,13,,11556,31,,,1,14,,11557,31,,,1,14,,11558,31,,,1,52,,11559,31,,,1,14,,11560,31,,,1,13,,11561,31,,,1,13,,11562,31,,,1,15,,11563,31,,,1,54,,11564,31,,,1,14,,11565,31,,,1,15,,11566,31,,,1,16,,11567,31,,,1,55,,11568,31,,,1,15,,11569,31,,,1,14,,11570,31,,,1,14,,11571,31,,,1,55,,11572,31,,,1,15,,11573,31,,,1,14,,11574,31,,,1,12,,11575,31,,,1,52,,11576,31,,,1,28,,11577,31,,,1,74,,11578,31,,,1,34,,11579,31,,,1,73,,11580,31,,,1,33,,11581,31,,,1,73,,11582,31,,,1
6601,'CPWeekday',458,,11584,31,,,1,55,,11585,31,,,1,13,,11586,31,,,1,12,,11587,31,,,1,12,,11588,31,,,1,51,,11589,31,,,1,11,,11590,31,,,1,13,,11591,31,,,1,11,,11592,31,,,1,12,,11593,31,,,1,52,,11594,31,,,1,13,,11595,31,,,1,12,,11596,31,,,1,12,,11597,31,,,1,13,,11598,31,,,1,53,,11599,31,,,1,12,,11600,31,,,1,11,,11601,31,,,1,10,,11602,31,,,1,10,,11603,31,,,1,11,,11604,31,,,1,51,,11605,31,,,1,11,,11606,31,,,1,12,,11607,31,,,1,13,,11608,31,,,1,13,,11609,31,,,1,53,,11610,31,,,1,12,,11611,31,,,1,11,,11612,31,,,1,12,,11613,31,,,1,12,,11614,31,,,1,52,,11615,31,,,1,12,,11616,31,,,1,12,,11617,31,,,1,12,,11618,31,,,1,12,,11619,31,,,1,52,,11620,31,,,1,12,,11621,31,,,1,12,,11622,31,,,1,12,,11623,31,,,1,12,,11624,31,,,1,52,,11625,31,,,1,12,,11626,31,,,1,12,,11627,31,,,1,12,,11628,31,,,1,12,,11629,31,,,1,52,,11630,31,,,1,13,,11631,31,,,1,11,,11632,31,,,1,11,,11633,31,,,1,10,,11634,31,,,1,51,,11635,31,,,1,11,,11636,31,,,1,10,,11637,31,,,1,10,,11638,31,,,1,10,,11639,31,,,1,11,,11640,31,,,1,50,,11641,31,,,1,11,,11642,31,,,1,11,,11643,31,,,1,11,,11644,31,,,1,12,,11645,31,,,1,51,,11646,31,,,1,11,,11647,31,,,1,11,,11648,31,,,1,11,,11649,31,,,1,9,,11650,31,,,1,11,,11651,31,,,1,50,,11652,31,,,1,11,,11653,31,,,1,9,,11654,31,,,1,10,,11655,31,,,1,10,,11656,31,,,1,10,,11657,31,,,1,51,,11658,31,,,1,10,,11659,31,,,1,10,,11660,31,,,1,9,,11661,31,,,1,9,,11662,31,,,1,9,,11663,31,,,1,51,,11664,31,,,1,14,,11665,31,,,1,14,,11666,31,,,1,14,,11667,31,,,1,54,,11668,31,,,1,13,,11669,31,,,1,14,,11670,31,,,1,14,,11671,31,,,1,59,,11672,31,,,1,17,,11673,31,,,1,17,,11674,31,,,1,17,,11675,31,,,1,55,,11676,31,,,1,16,,11677,31,,,1,18,,11678,31,,,1,18,,11679,31,,,1,57,,11680,31,,,1,18,,11681,31,,,1,17,,11682,31,,,1,57,,11683,31,,,1,17,,11684,31,,,1,17,,11685,31,,,1
30201,'CPWeekday',1458,,13839,32,,,1,45,,13840,32,,,1
31201,'CPWeekday',1519,,13846,23,,,1
