4500,'CPHoliday1',814,,23245,15,,,1,35,,23246,15,,,1,75,,23247,15,,,1,35,,23248,15,,,1,76,,23249,15,,,1,75,,23250,15,,,1,40,,23251,15,,,1,80,,23252,15,,,1,81,,23253,15,,,1,40,,23254,15,,,1,81,,23255,15,,,1,80,,23256,15,,,1,40,,23257,15,,,1,80,,23258,15,,,1,80,,23259,15,,,1,38,,23260,15,,,1,80,,23261,15,,,1,80,,23262,15,,,1,40,,23263,15,,,1,80,,23264,15,,,1,79,,23265,15,,,1,35,,23266,15,,,1,75,,23267,15,,,1
4500,'CPSaturday',640,,23268,15,,,1,75,,23269,15,,,1,35,,23270,15,,,1,75,,23271,15,,,1,80,,23272,15,,,1,40,,23273,15,,,1,80,,23274,15,,,1,80,,23275,15,,,1,40,,23276,15,,,1,83,,23277,15,,,1,83,,23278,15,,,1,42,,23279,15,,,1,82,,23280,15,,,1,83,,23281,15,,,1,82,,23282,15,,,1,42,,23283,15,,,1,82,,23284,15,,,1,82,,23285,15,,,1,41,,23286,15,,,1,80,,23287,15,,,1,78,,23288,15,,,1,37,,23289,15,,,1,78,,23290,15,,,1,35,,23291,15,,,1,84,,23292,15,,,1
4500,'CPSunday',814,,23293,15,,,1,35,,23294,15,,,1,75,,23295,15,,,1,35,,23296,15,,,1,76,,23297,15,,,1,75,,23298,15,,,1,40,,23299,15,,,1,80,,23300,15,,,1,81,,23301,15,,,1,40,,23302,15,,,1,81,,23303,15,,,1,80,,23304,15,,,1,40,,23305,15,,,1,80,,23306,15,,,1,80,,23307,15,,,1,38,,23308,15,,,1,80,,23309,15,,,1,80,,23310,15,,,1,40,,23311,15,,,1,80,,23312,15,,,1,79,,23313,15,,,1,35,,23314,15,,,1,75,,23315,15,,,1
4500,'CPWeekday',500,,23317,15,,,1,40,,23318,15,,,1,70,,23320,15,,,1,39,,23322,15,,,1,84,,23324,15,,,1,80,,23326,15,,,1,34,,23328,15,,,1,82,,23330,15,,,1,18,,23331,15,,,1,64,,23332,15,,,1,32,,23333,15,,,1,72,,23334,15,,,1,32,,23335,15,,,1,72,,23336,15,,,1,32,,23337,15,,,1,70,,23338,15,,,1,30,,23339,15,,,1,89,,23341,15,,,1,75,,23343,15,,,1,40,,23345,15,,,1,78,,23347,15,,,1,25,,23316,15,,,1,51,,23349,15,,,1,36,,23351,15,,,1,74,,23353,15,,,1,82,,23355,15,,,1,22,,23356,15,,,1,21,,23357,15,,,1,62,,23358,15,,,1,22,,23359,15,,,1,23,,23360,15,,,1,68,,23361,15,,,1,28,,23362,15,,,1,66,,23363,15,,,1,28,,23364,15,,,1,68,,23365,15,,,1,30,,23366,15,,,1,70,,23367,15,,,1
4501,'CPHoliday1',816,,23368,28,,,1,35,,23369,28,,,1,75,,23370,28,,,1,76,,23371,28,,,1,35,,23372,28,,,1,77,,23373,28,,,1,40,,23374,28,,,1,80,,23375,28,,,1,80,,23376,28,,,1,41,,23377,28,,,1,80,,23378,28,,,1,80,,23379,28,,,1,40,,23380,28,,,1,80,,23381,28,,,1,80,,23382,28,,,1,38,,23383,28,,,1,79,,23384,28,,,1,80,,23385,28,,,1,40,,23386,28,,,1,79,,23387,28,,,1,80,,23388,28,,,1,39,,23389,28,,,1
4501,'CPSaturday',607,,23390,28,,,1,35,,23391,28,,,1,77,,23392,28,,,1,35,,23393,28,,,1,79,,23394,28,,,1,74,,23395,28,,,1,41,,23396,28,,,1,81,,23397,28,,,1,80,,23398,28,,,1,42,,23399,28,,,1,83,,23400,28,,,1,82,,23401,28,,,1,43,,23402,28,,,1,81,,23403,28,,,1,82,,23404,28,,,1,81,,23405,28,,,1,42,,23406,28,,,1,79,,23407,28,,,1,82,,23408,28,,,1,42,,23409,28,,,1,79,,23410,28,,,1,79,,23411,28,,,1,40,,23412,28,,,1,75,,23413,28,,,1,34,,23414,28,,,1
4501,'CPSunday',816,,23415,28,,,1,35,,23416,28,,,1,75,,23417,28,,,1,76,,23418,28,,,1,35,,23419,28,,,1,77,,23420,28,,,1,40,,23421,28,,,1,80,,23422,28,,,1,80,,23423,28,,,1,41,,23424,28,,,1,80,,23425,28,,,1,80,,23426,28,,,1,40,,23427,28,,,1,80,,23428,28,,,1,80,,23429,28,,,1,38,,23430,28,,,1,79,,23431,28,,,1,80,,23432,28,,,1,40,,23433,28,,,1,79,,23434,28,,,1,80,,23435,28,,,1,39,,23436,28,,,1
4501,'CPWeekday',501,,23437,28,,,1,33,,23438,28,,,1,73,,23439,28,,,1,42,,23441,28,,,1,81,,23443,28,,,1,77,,23445,28,,,1,42,,23447,28,,,1,76,,23449,28,,,1,83,,23451,28,,,1,98,,23453,28,,,1,31,,23454,28,,,1,73,,23455,28,,,1,33,,23456,28,,,1,72,,23457,28,,,1,31,,23458,28,,,1,60,,23459,28,,,1,23,,23460,28,,,1,20,,23461,28,,,1,61,,23462,28,,,1,34,,23464,28,,,1,80,,23466,28,,,1,76,,23468,28,,,1,35,,23470,28,,,1,76,,23472,28,,,1,34,,23474,28,,,1,76,,23476,28,,,1,31,,23478,28,,,1,56,,23479,28,,,1,19,,23480,28,,,1,19,,23481,28,,,1,62,,23482,28,,,1,28,,23483,28,,,1,69,,23484,28,,,1,30,,23485,28,,,1,70,,23486,28,,,1,30,,23487,28,,,1
7100,'CPWeekday',1621,,25721,2,,,1,20,,25717,2,,,1,60,,25720,2,,,1,20,,25718,2,,,1,30,,25719,2,,,1
7101,'CPWeekday',759,,25722,18,,,1,66,,25724,18,,,1,24,,25723,18,,,1
