701,'CPSunday',2336,,16461,33,,,1
701,'CPWeekday',238,,16463,33,,,1,81,,16465,33,,,1,81,,16462,33,,,1,45,,16464,33,,,1
701,'MASaturday',433,,16576,33,,,1,21,,16575,33,,,1,62,,16574,33,,,1,22,,16573,33,,,1,62,,16572,33,,,1,24,,16571,33,,,1,25,,16570,33,,,1,65,,16568,33,,,1,25,,16569,33,,,1,63,,16567,33,,,1,23,,16566,33,,,1,22,,16565,33,,,1,64,,16560,33,,,1,26,,16561,33,,,1,68,,16556,33,,,1,27,,16562,33,,,1,26,,16555,33,,,1,66,,16554,33,,,1,26,,16553,33,,,1,67,,16552,33,,,1,26,,16551,33,,,1,60,,16550,33,,,1,20,,16557,33,,,1,20,,16546,33,,,1,60,,16544,33,,,1,20,,16542,33,,,1,20,,16543,33,,,1,60,,16541,33,,,1,22,,16540,33,,,1,22,,16539,33,,,1,63,,16558,33,,,1,23,,16547,33,,,1,23,,16535,33,,,1,62,,16534,33,,,1,20,,16533,33,,,1,20,,16536,33,,,1,59,,16532,33,,,1,19,,16531,33,,,1,20,,16559,33,,,1,59,,16545,33,,,1,22,,16530,33,,,1,21,,16529,33,,,1,61,,16526,33,,,1,21,,16537,33,,,1,60,,16527,33,,,1,19,,16524,33,,,1,19,,16564,33,,,1,19,,16549,33,,,1,59,,16523,33,,,1,19,,16522,33,,,1,19,,16521,33,,,1,59,,16538,33,,,1,19,,16528,33,,,1,19,,16520,33,,,1,58,,16563,33,,,1,19,,16548,33,,,1,19,,16525,33,,,1,57,,16519,33,,,1,18,,16577,33,,,1
701,'MASunday',437,,16615,33,,,1,80,,16614,33,,,1,22,,16616,33,,,1,63,,16605,33,,,1,22,,16624,33,,,1,23,,16606,33,,,1,64,,16604,33,,,1,23,,16603,33,,,1,24,,16619,33,,,1,63,,16602,33,,,1,23,,16628,33,,,1,63,,16607,33,,,1,23,,16595,33,,,1,24,,16594,33,,,1,63,,16618,33,,,1,23,,16598,33,,,1,63,,16627,33,,,1,24,,16608,33,,,1,24,,16589,33,,,1,66,,16587,33,,,1,25,,16620,33,,,1,62,,16586,33,,,1,19,,16597,33,,,1,19,,16626,33,,,1,61,,16609,33,,,1,20,,16590,33,,,1,23,,16585,33,,,1,63,,16617,33,,,1,23,,16581,33,,,1,23,,16599,33,,,1,60,,16625,33,,,1,20,,16610,33,,,1,20,,16588,33,,,1,62,,16582,33,,,1,23,,16621,33,,,1,63,,16580,33,,,1,23,,16596,33,,,1,23,,16630,33,,,1,62,,16613,33,,,1,21,,16591,33,,,1,20,,16583,33,,,1,61,,16622,33,,,1,21,,16579,33,,,1,21,,16600,33,,,1,61,,16629,33,,,1,22,,16612,33,,,1,21,,16592,33,,,1,59,,16584,33,,,1,20,,16623,33,,,1,19,,16578,33,,,1,59,,16601,33,,,1,40,,16611,33,,,1,59,,16593,33,,,1
701,'MAWeekday',509,,16631,33,,,1,21,,16632,33,,,1,19,,16633,33,,,1,60,,16634,33,,,1,20,,16635,33,,,1,23,,16636,33,,,1,63,,16637,33,,,1,24,,16638,33,,,1,66,,16639,33,,,1,27,,16640,33,,,1,26,,16641,33,,,1,59,,16642,33,,,1,20,,16643,33,,,1,22,,16644,33,,,1,63,,16645,33,,,1,23,,16646,33,,,1,66,,16647,33,,,1,30,,16648,33,,,1,70,,16649,33,,,1,25,,16650,33,,,1,67,,16651,33,,,1,25,,16652,33,,,1,25,,16653,33,,,1,65,,16654,33,,,1,23,,16655,33,,,1,64,,16656,33,,,1,25,,16657,33,,,1,24,,16658,33,,,1,67,,16659,33,,,1,25,,16660,33,,,1,66,,16661,33,,,1,26,,16662,33,,,1,64,,16663,33,,,1,24,,16664,33,,,1,25,,16665,33,,,1,64,,16666,33,,,1,23,,16667,33,,,1,64,,16668,33,,,1,21,,16669,33,,,1,26,,16670,33,,,1,65,,16671,33,,,1,24,,16672,33,,,1,64,,16673,33,,,1,33,,16674,33,,,1,74,,16675,33,,,1,32,,16676,33,,,1,76,,16677,33,,,1,32,,16678,33,,,1,73,,16679,33,,,1,31,,16680,33,,,1
3901,'CPSaturday',853,,22329,7,,,1,68,,22328,7,,,1,220,,22330,7,,,1,68,,22327,7,,,1,229,,22331,7,,,1,70,,22326,7,,,1,229,,22332,7,,,1,70,,22325,7,,,1,228,,22333,7,,,1,66,,22324,7,,,1
3901,'CPSunday',710,,22353,7,,,1,40,,22348,7,,,1,80,,22342,7,,,1,80,,22339,7,,,1,42,,22354,7,,,1,82,,22351,7,,,1,84,,22343,7,,,1,85,,22338,7,,,1,45,,22355,7,,,1,85,,22349,7,,,1,85,,22344,7,,,1,85,,22337,7,,,1,45,,22356,7,,,1,85,,22350,7,,,1,85,,22345,7,,,1,85,,22336,7,,,1,45,,22357,7,,,1,84,,22346,7,,,1,82,,22341,7,,,1,42,,22335,7,,,1,79,,22352,7,,,1,80,,22347,7,,,1,36,,22340,7,,,1,70,,22334,7,,,1
3901,'MASaturday',706,,22378,7,,,1,26,,22374,7,,,1,26,,22373,7,,,1,67,,22367,7,,,1,124,,22375,7,,,1,68,,22370,7,,,1,28,,22366,7,,,1,68,,22364,7,,,1,124,,22376,7,,,1,70,,22371,7,,,1,30,,22362,7,,,1,71,,22358,7,,,1,129,,22377,7,,,1,70,,22368,7,,,1,30,,22363,7,,,1,70,,22359,7,,,1,130,,22379,7,,,1,70,,22369,7,,,1,30,,22361,7,,,1,70,,22360,7,,,1,119,,22380,7,,,1,24,,22372,7,,,1,60,,22365,7,,,1
3901,'MAWeekday',439,,22381,7,,,1,15,,22382,7,,,1,56,,22383,7,,,1,15,,22384,7,,,1,16,,22385,7,,,1,18,,22386,7,,,1,59,,22387,7,,,1,22,,22388,7,,,1,64,,22389,7,,,1,24,,22390,7,,,1,23,,22391,7,,,1,60,,22392,7,,,1,19,,22393,7,,,1,19,,22394,7,,,1,62,,22395,7,,,1,24,,22396,7,,,1,75,,22397,7,,,1,36,,22398,7,,,1,76,,22399,7,,,1,36,,22400,7,,,1,76,,22401,7,,,1,75,,22402,7,,,1,36,,22403,7,,,1,61,,22404,7,,,1,22,,22405,7,,,1,20,,22406,7,,,1,61,,22407,7,,,1,21,,22408,7,,,1,21,,22409,7,,,1,62,,22410,7,,,1,22,,22411,7,,,1,22,,22412,7,,,1,59,,22413,7,,,1,17,,22414,7,,,1,18,,22415,7,,,1,59,,22416,7,,,1,20,,22417,7,,,1,19,,22418,7,,,1,61,,22419,7,,,1,22,,22420,7,,,1,23,,22421,7,,,1,73,,22422,7,,,1,79,,22423,7,,,1,39,,22424,7,,,1,78,,22425,7,,,1,77,,22426,7,,,1,38,,22427,7,,,1,78,,22428,7,,,1,38,,22429,7,,,1
4300,'CPWeekday',455,,22973,8,,,1,80,,22980,8,,,1,80,,22976,8,,,1,40,,22978,8,,,1,80,,22974,8,,,1,80,,22981,8,,,1,40,,22977,8,,,1,80,,22979,8,,,1,80,,22975,8,,,1
