'25DE22-CPBlock-Holiday2-15',10100,74800,,'',1,6000,,'',1,1700,,'',1,1800,,'',1,5800,,'',1,1900,,'',1,2000,,'',1,6000,,'',1,2000,,'',1,2000,,'',1,6000,,'',1,2000,,'',1,2100,,'',1,6100,,'',1,2100,,'',1,2100,,'',1,6200,,'',1,2200,,'',1,2200,,'',1,6200,,'',1,2200,,'',1,2200,,'',1,6200,,'',1,2200,,'',1,6200,,'',1,2200,,'',1,2200,,'',1,6200,,'',1,2100,,'',1,2000,,'',1,6000,,'',1,2100,,'',1,2300,,'',1,6300,,'',1,2300,,'',1,6500,,'',1,2500,,'',1
'25DE22-CPBlock-Holiday2-15',10101,83500,4,'',1,1700,4,'',1,5700,4,'',1,1900,4,'',1,2000,4,'',1,6100,4,'',1,2000,4,'',1,2100,4,'',1,6000,4,'',1,2000,4,'',1,2000,4,'',1,6200,4,'',1,2300,4,'',1,2100,4,'',1,6100,4,'',1,2100,4,'',1,6300,4,'',1,2300,4,'',1,2200,4,'',1,6200,4,'',1,2200,4,'',1,2100,4,'',1,6100,4,'',1,2200,4,'',1,2100,4,'',1,6100,4,'',1,2100,4,'',1,2100,4,'',1,6300,4,'',1,2200,4,'',1,6200,4,'',1,2500,4,'',1,2300,4,'',1,6300,4,'',1,2000,4,'',1,2100,4,'',1,6100,4,'',1
'25DE22-CPBlock-Saturday-12',10100,74800,,'',1,6000,,'',1,1700,,'',1,1800,,'',1,5800,,'',1,1900,,'',1,2000,,'',1,6000,,'',1,2000,,'',1,2000,,'',1,6000,,'',1,2000,,'',1,2100,,'',1,6100,,'',1,2100,,'',1,2100,,'',1,6200,,'',1,2200,,'',1,2200,,'',1,6200,,'',1,2200,,'',1,2200,,'',1,6200,,'',1,2200,,'',1,6200,,'',1,2200,,'',1,2200,,'',1,6200,,'',1,2100,,'',1,2000,,'',1,6000,,'',1,2100,,'',1,2300,,'',1,6300,,'',1,2300,,'',1,6500,,'',1,2500,,'',1
'25DE22-CPBlock-Saturday-12',10101,83500,4,'',1,1700,4,'',1,5700,4,'',1,1900,4,'',1,2000,4,'',1,6100,4,'',1,2000,4,'',1,2100,4,'',1,6000,4,'',1,2000,4,'',1,2000,4,'',1,6200,4,'',1,2300,4,'',1,2100,4,'',1,6100,4,'',1,2100,4,'',1,6300,4,'',1,2300,4,'',1,2200,4,'',1,6200,4,'',1,2200,4,'',1,2100,4,'',1,6100,4,'',1,2200,4,'',1,2100,4,'',1,6100,4,'',1,2100,4,'',1,2100,4,'',1,6300,4,'',1,2200,4,'',1,6200,4,'',1,2500,4,'',1,2300,4,'',1,6300,4,'',1,2000,4,'',1,2100,4,'',1,6100,4,'',1
'25DE22-CPBlock-Weekday-11',10100,43900,,'',1,6500,,'',1,2800,,'',1,8200,,'',1,2300,,'',1,7000,,'',1,4400,,'',1,6300,,'',1,2600,,'',1,6800,,'',1,2100,,'',1,2100,,'',1,6000,,'',1,2000,,'',1,2200,,'',1,6300,,'',1,2300,,'',1,6300,,'',1,2000,,'',1,2000,,'',1,7200,,'',1,2800,,'',1,7100,,'',1,2900,,'',1,7000,,'',1,3100,,'',1,7200,,'',1,3500,,'',1,7100,,'',1,3100,,'',1,7000,,'',1,2900,,'',1,7000,,'',1,3000,,'',1,7000,,'',1,3000,,'',1,6800,,'',1,2800,,'',1,6800,,'',1,2900,,'',1
'25DE22-CPBlock-Weekday-11',10101,60300,4,'',1,2300,4,'',1,3300,4,'',1,7100,4,'',1,2500,4,'',1,6800,4,'',1,2900,4,'',1,6900,4,'',1,1600,4,'',1,1900,4,'',1,6300,4,'',1,2200,4,'',1,6400,4,'',1,2300,4,'',1,2100,4,'',1,6100,4,'',1,2100,4,'',1,2500,4,'',1,6300,4,'',1,2500,4,'',1,8500,4,'',1,7500,4,'',1,3100,4,'',1,7100,4,'',1,3500,4,'',1,7100,4,'',1,3100,4,'',1,7000,4,'',1,2900,4,'',1,6800,4,'',1,3000,4,'',1,6900,4,'',1,3700,4,'',1,6700,4,'',1,2500,4,'',1,6800,4,'',1,2700,4,'',1,2600,4,'',1,6700,4,'',1
'25OC27-CPBlock-Saturday-12',10100,74800,,'',1,6000,,'',1,1700,,'',1,1800,,'',1,5800,,'',1,1900,,'',1,2000,,'',1,6000,,'',1,2000,,'',1,2000,,'',1,6000,,'',1,2000,,'',1,2100,,'',1,6100,,'',1,2100,,'',1,2100,,'',1,6200,,'',1,2200,,'',1,2200,,'',1,6200,,'',1,2200,,'',1,2200,,'',1,6200,,'',1,2200,,'',1,6200,,'',1,2200,,'',1,2200,,'',1,6200,,'',1,2100,,'',1,2000,,'',1,6000,,'',1,2100,,'',1,2300,,'',1,6300,,'',1,2300,,'',1,6500,,'',1,2500,,'',1
'25OC27-CPBlock-Saturday-12',10101,83500,4,'',1,1700,4,'',1,5700,4,'',1,1900,4,'',1,2000,4,'',1,6100,4,'',1,2000,4,'',1,2100,4,'',1,6000,4,'',1,2000,4,'',1,2000,4,'',1,6200,4,'',1,2300,4,'',1,2100,4,'',1,6100,4,'',1,2100,4,'',1,6300,4,'',1,2300,4,'',1,2200,4,'',1,6200,4,'',1,2200,4,'',1,2100,4,'',1,6100,4,'',1,2200,4,'',1,2100,4,'',1,6100,4,'',1,2100,4,'',1,2100,4,'',1,6300,4,'',1,2200,4,'',1,6200,4,'',1,2500,4,'',1,2300,4,'',1,6300,4,'',1,2000,4,'',1,2100,4,'',1,6100,4,'',1
'25OC27-CPBlock-Weekday-11',10100,42800,,'',1,2900,,'',1,6900,,'',1,2900,,'',1,7000,,'',1,3200,,'',1,5700,,'',1,2500,,'',1,6700,,'',1,2900,,'',1,7200,,'',1,1600,,'',1,1700,,'',1,6300,,'',1,2200,,'',1,2200,,'',1,6200,,'',1,2200,,'',1,2200,,'',1,6200,,'',1,2100,,'',1,1800,,'',1,6900,,'',1,2500,,'',1,8300,,'',1,7700,,'',1,2800,,'',1,6900,,'',1,2700,,'',1,6900,,'',1,2500,,'',1,3100,,'',1,6600,,'',1,1800,,'',1,6600,,'',1,2400,,'',1,2800,,'',1,6800,,'',1,3100,,'',1,7100,,'',1,7100,,'',1,2800,,'',1
'25OC27-CPBlock-Weekday-11',10101,60600,4,'',1,4300,4,'',1,7300,4,'',1,3300,4,'',1,7300,4,'',1,3000,4,'',1,7000,4,'',1,2600,4,'',1,5600,4,'',1,2400,4,'',1,2400,4,'',1,6300,4,'',1,2100,4,'',1,6100,4,'',1,2100,4,'',1,2300,4,'',1,6200,4,'',1,2500,4,'',1,8700,4,'',1,3700,4,'',1,7300,4,'',1,2600,4,'',1,6700,4,'',1,8300,4,'',1,3700,4,'',1,6300,4,'',1,2300,4,'',1,2700,4,'',1,6400,4,'',1,2800,4,'',1,7000,4,'',1,8100,4,'',1,2100,4,'',1,2300,4,'',1,6900,4,'',1,2900,4,'',1,7200,4,'',1,3200,4,'',1
