1300,'CPHoliday1',625,,17910,6,,,1,34,,17911,6,,,1,74,,17912,6,,,1,76,,17913,6,,,1,36,,17914,6,,,1,79,,17915,6,,,1,78,,17916,6,,,1,38,,17917,6,,,1,81,,17918,6,,,1,80,,17919,6,,,1,40,,17920,6,,,1,80,,17921,6,,,1,82,,17922,6,,,1,42,,17923,6,,,1,82,,17924,6,,,1,82,,17925,6,,,1,41,,17926,6,,,1,82,,17927,6,,,1,82,,17928,6,,,1,39,,17929,6,,,1,80,,17930,6,,,1,80,,17931,6,,,1,40,,17932,6,,,1,80,,17933,6,,,1,84,,17934,6,,,1,95,,17935,6,,,1,90,,17936,6,,,1,48,,17937,6,,,1,88,,17938,6,,,1
1300,'CPSaturday',439,,17939,6,,,1,74,,17940,6,,,1,34,,17941,6,,,1,75,,17942,6,,,1,34,,17943,6,,,1,76,,17944,6,,,1,77,,17945,6,,,1,38,,17946,6,,,1,78,,17947,6,,,1,29,,17948,6,,,1,68,,17949,6,,,1,30,,17950,6,,,1,72,,17951,6,,,1,34,,17952,6,,,1,74,,17953,6,,,1,75,,17954,6,,,1,34,,17955,6,,,1,74,,17956,6,,,1,34,,17957,6,,,1,74,,17958,6,,,1,34,,17959,6,,,1,71,,17960,6,,,1,72,,17961,6,,,1,32,,17962,6,,,1,71,,17963,6,,,1,32,,17964,6,,,1,72,,17965,6,,,1,32,,17966,6,,,1,70,,17967,6,,,1,29,,17968,6,,,1,72,,17969,6,,,1,32,,17970,6,,,1,91,,17971,6,,,1,90,,17972,6,,,1,88,,17973,6,,,1,48,,17974,6,,,1,86,,17975,6,,,1
1300,'CPSunday',625,,17976,6,,,1,34,,17977,6,,,1,74,,17978,6,,,1,76,,17979,6,,,1,36,,17980,6,,,1,79,,17981,6,,,1,78,,17982,6,,,1,38,,17983,6,,,1,81,,17984,6,,,1,80,,17985,6,,,1,40,,17986,6,,,1,80,,17987,6,,,1,82,,17988,6,,,1,42,,17989,6,,,1,82,,17990,6,,,1,82,,17991,6,,,1,41,,17992,6,,,1,82,,17993,6,,,1,82,,17994,6,,,1,39,,17995,6,,,1,80,,17996,6,,,1,80,,17997,6,,,1,40,,17998,6,,,1,80,,17999,6,,,1,84,,18000,6,,,1,95,,18001,6,,,1,90,,18002,6,,,1,48,,18003,6,,,1,88,,18004,6,,,1
1300,'CPWeekday',435,,18005,6,,,1,24,,18006,6,,,1,65,,18007,6,,,1,24,,18008,6,,,1,65,,18009,6,,,1,24,,18010,6,,,1,64,,18011,6,,,1,27,,18012,6,,,1,28,,18013,6,,,1,69,,18014,6,,,1,28,,18015,6,,,1,67,,18016,6,,,1,26,,18017,6,,,1,65,,18018,6,,,1,24,,18019,6,,,1,24,,18020,6,,,1,64,,18021,6,,,1,25,,18022,6,,,1,66,,18023,6,,,1,25,,18024,6,,,1,66,,18025,6,,,1,25,,18026,6,,,1,25,,18027,6,,,1,66,,18028,6,,,1,27,,18029,6,,,1,66,,18030,6,,,1,26,,18031,6,,,1,64,,18032,6,,,1,24,,18033,6,,,1,24,,18034,6,,,1,63,,18035,6,,,1,24,,18036,6,,,1,64,,18037,6,,,1,23,,18038,6,,,1,24,,18039,6,,,1,61,,18040,6,,,1,20,,18041,6,,,1,20,,18042,6,,,1,69,,18043,6,,,1,30,,18044,6,,,1,70,,18045,6,,,1,28,,18046,6,,,1,92,,18047,6,,,1,91,,18048,6,,,1,92,,18049,6,,,1,90,,18050,6,,,1,90,,18051,6,,,1,48,,18052,6,,,1
2900,'CPHoliday1',715,,20663,22,,,1,88,,20664,22,,,1,51,,20665,22,,,1,91,,20666,22,,,1,90,,20667,22,,,1,91,,20668,22,,,1,90,,20669,22,,,1,90,,20670,22,,,1,50,,20671,22,,,1,90,,20672,22,,,1,91,,20673,22,,,1,90,,20674,22,,,1,90,,20675,22,,,1,90,,20676,22,,,1,48,,20677,22,,,1,89,,20678,22,,,1,90,,20679,22,,,1,90,,20680,22,,,1,90,,20681,22,,,1,90,,20682,22,,,1,50,,20683,22,,,1,89,,20684,22,,,1,85,,20685,22,,,1
2900,'CPSaturday',435,,20686,22,,,1,70,,20687,22,,,1,30,,20688,22,,,1,73,,20689,22,,,1,32,,20690,22,,,1,72,,20691,22,,,1,35,,20692,22,,,1,74,,20693,22,,,1,34,,20694,22,,,1,76,,20695,22,,,1,74,,20696,22,,,1,34,,20697,22,,,1,74,,20698,22,,,1,34,,20699,22,,,1,74,,20700,22,,,1,34,,20701,22,,,1,74,,20702,22,,,1,76,,20703,22,,,1,36,,20704,22,,,1,76,,20705,22,,,1,36,,20706,22,,,1,76,,20707,22,,,1,76,,20708,22,,,1,36,,20709,22,,,1,76,,20710,22,,,1,36,,20711,22,,,1,76,,20712,22,,,1,76,,20713,22,,,1,32,,20714,22,,,1,73,,20715,22,,,1,48,,20716,22,,,1,87,,20717,22,,,1,88,,20718,22,,,1,91,,20719,22,,,1,91,,20720,22,,,1,91,,20721,22,,,1
2900,'CPSunday',715,,20722,22,,,1,88,,20723,22,,,1,51,,20724,22,,,1,91,,20725,22,,,1,90,,20726,22,,,1,91,,20727,22,,,1,90,,20728,22,,,1,90,,20729,22,,,1,50,,20730,22,,,1,90,,20731,22,,,1,91,,20732,22,,,1,90,,20733,22,,,1,90,,20734,22,,,1,90,,20735,22,,,1,48,,20736,22,,,1,89,,20737,22,,,1,90,,20738,22,,,1,90,,20739,22,,,1,90,,20740,22,,,1,90,,20741,22,,,1,50,,20742,22,,,1,89,,20743,22,,,1,85,,20744,22,,,1
2900,'CPWeekday',455,,20745,22,,,1,75,,20746,22,,,1,75,,20747,22,,,1,36,,20748,22,,,1,79,,20749,22,,,1,36,,20750,22,,,1,78,,20751,22,,,1,78,,20752,22,,,1,38,,20753,22,,,1,77,,20754,22,,,1,78,,20755,22,,,1,38,,20756,22,,,1,78,,20757,22,,,1,79,,20758,22,,,1,38,,20759,22,,,1,78,,20760,22,,,1,33,,20779,22,,,1,5,,20761,22,,,1,79,,20762,22,,,1,80,,20763,22,,,1,40,,20764,22,,,1,79,,20765,22,,,1,79,,20766,22,,,1,40,,20767,22,,,1,80,,20768,22,,,1,73,,20769,22,,,1,33,,20770,22,,,1,88,,20771,22,,,1,90,,20772,22,,,1,90,,20773,22,,,1,49,,20774,22,,,1,89,,20775,22,,,1,89,,20776,22,,,1
11000,'CPHoliday1',721,,27429,4,,,1,32,,27418,4,,,1,72,,27427,4,,,1,32,,27435,4,,,1,73,,27425,4,,,1,72,,27417,4,,,1,32,,27437,4,,,1,72,,27422,4,,,1,32,,27413,4,,,1,66,,27408,4,,,1,26,,27432,4,,,1,26,,27426,4,,,1,65,,27407,4,,,1,26,,27405,4,,,1,66,,27438,4,,,1,26,,27421,4,,,1,66,,27414,4,,,1,26,,27412,4,,,1,26,,27434,4,,,1,66,,27424,4,,,1,26,,27410,4,,,1,66,,27416,4,,,1,26,,27430,4,,,1,66,,27428,4,,,1,24,,27406,4,,,1,24,,27409,4,,,1,64,,27433,4,,,1,30,,27420,4,,,1,70,,27415,4,,,1,31,,27436,4,,,1,72,,27419,4,,,1,32,,27411,4,,,1,70,,27431,4,,,1,30,,27423,4,,,1
11000,'CPSaturday',721,,27471,4,,,1,32,,27461,4,,,1,72,,27462,4,,,1,32,,27472,4,,,1,73,,27460,4,,,1,72,,27459,4,,,1,32,,27463,4,,,1,72,,27453,4,,,1,32,,27452,4,,,1,66,,27450,4,,,1,26,,27468,4,,,1,26,,27449,4,,,1,65,,27451,4,,,1,26,,27448,4,,,1,66,,27466,4,,,1,26,,27447,4,,,1,66,,27454,4,,,1,26,,27446,4,,,1,26,,27465,4,,,1,66,,27442,4,,,1,26,,27457,4,,,1,66,,27440,4,,,1,26,,27467,4,,,1,66,,27443,4,,,1,24,,27456,4,,,1,24,,27439,4,,,1,64,,27464,4,,,1,30,,27444,4,,,1,70,,27455,4,,,1,31,,27469,4,,,1,72,,27445,4,,,1,32,,27458,4,,,1,70,,27470,4,,,1,30,,27441,4,,,1
11000,'CPSunday',721,,27497,4,,,1,32,,27486,4,,,1,72,,27495,4,,,1,32,,27503,4,,,1,73,,27493,4,,,1,72,,27485,4,,,1,32,,27505,4,,,1,72,,27490,4,,,1,32,,27481,4,,,1,66,,27476,4,,,1,26,,27500,4,,,1,26,,27494,4,,,1,65,,27475,4,,,1,26,,27473,4,,,1,66,,27506,4,,,1,26,,27489,4,,,1,66,,27482,4,,,1,26,,27480,4,,,1,26,,27502,4,,,1,66,,27492,4,,,1,26,,27478,4,,,1,66,,27484,4,,,1,26,,27498,4,,,1,66,,27496,4,,,1,24,,27474,4,,,1,24,,27477,4,,,1,64,,27501,4,,,1,30,,27488,4,,,1,70,,27483,4,,,1,31,,27504,4,,,1,72,,27487,4,,,1,32,,27479,4,,,1,70,,27499,4,,,1,30,,27491,4,,,1
11000,'CPWeekday',458,,27565,4,,,1,57,,27557,4,,,1,17,,27561,4,,,1,19,,27558,4,,,1,58,,27559,4,,,1,22,,27560,4,,,1,17,,27554,4,,,1,59,,27556,4,,,1,28,,27552,4,,,1,19,,27553,4,,,1,63,,27555,4,,,1,22,,27547,4,,,1,61,,27551,4,,,1,19,,27549,4,,,1,22,,27550,4,,,1,63,,27548,4,,,1,19,,27546,4,,,1,21,,27545,4,,,1,61,,27543,4,,,1,21,,27544,4,,,1,21,,27542,4,,,1,61,,27541,4,,,1,21,,27539,4,,,1,22,,27540,4,,,1,61,,27538,4,,,1,22,,27535,4,,,1,21,,27536,4,,,1,62,,27534,4,,,1,20,,27537,4,,,1,21,,27533,4,,,1,61,,27531,4,,,1,22,,27532,4,,,1,62,,27530,4,,,1,22,,27529,4,,,1,23,,27528,4,,,1,63,,27527,4,,,1,24,,27526,4,,,1,23,,27524,4,,,1,63,,27522,4,,,1,23,,27521,4,,,1,60,,27523,4,,,1,21,,27516,4,,,1,21,,27517,4,,,1,58,,27508,4,,,1,18,,27511,4,,,1,18,,27525,4,,,1,17,,27510,4,,,1,70,,27519,4,,,1,29,,27507,4,,,1,69,,27512,4,,,1,27,,27518,4,,,1
