4600,'CPHoliday1',757,,37451,1,,,1,80,,37452,1,,,1,80,,37453,1,,,1,40,,37454,1,,,1,80,,37455,1,,,1,80,,37456,1,,,1,40,,37457,1,,,1,80,,37458,1,,,1,82,,37459,1,,,1,82,,37460,1,,,1,42,,37461,1,,,1,82,,37462,1,,,1,82,,37463,1,,,1,42,,37464,1,,,1,82,,37465,1,,,1,82,,37466,1,,,1,42,,37467,1,,,1,84,,37468,1,,,1,84,,37469,1,,,1,84,,37470,1,,,1
4600,'CPSaturday',709,,37471,1,,,1,40,,37472,1,,,1,80,,37473,1,,,1,80,,37474,1,,,1,40,,37475,1,,,1,80,,37476,1,,,1,82,,37477,1,,,1,42,,37478,1,,,1,82,,37479,1,,,1,82,,37480,1,,,1,84,,37481,1,,,1,44,,37482,1,,,1,84,,37483,1,,,1,84,,37484,1,,,1,44,,37485,1,,,1,84,,37486,1,,,1,84,,37487,1,,,1,84,,37488,1,,,1,44,,37489,1,,,1,82,,37490,1,,,1,80,,37491,1,,,1,40,,37492,1,,,1,80,,37493,1,,,1
4600,'CPSunday',757,,37494,1,,,1,80,,37495,1,,,1,80,,37496,1,,,1,40,,37497,1,,,1,80,,37498,1,,,1,80,,37499,1,,,1,40,,37500,1,,,1,80,,37501,1,,,1,82,,37502,1,,,1,82,,37503,1,,,1,42,,37504,1,,,1,82,,37505,1,,,1,82,,37506,1,,,1,42,,37507,1,,,1,82,,37508,1,,,1,82,,37509,1,,,1,42,,37510,1,,,1,84,,37511,1,,,1,84,,37512,1,,,1,84,,37513,1,,,1
4600,'CPWeekday',447,,37540,1,,,1,90,,37539,1,,,1,80,,37535,1,,,1,42,,37541,1,,,1,84,,37536,1,,,1,86,,37538,1,,,1,86,,37542,1,,,1,86,,37537,1,,,1,44,,37519,1,,,1,84,,37530,1,,,1,84,,37527,1,,,1,44,,37531,1,,,1,84,,37526,1,,,1,86,,37528,1,,,1,88,,37529,1,,,1,88,,37532,1,,,1,48,,37523,1,,,1,86,,37521,1,,,1,86,,37533,1,,,1,86,,37520,1,,,1,44,,37534,1,,,1,84,,37522,1,,,1,84,,37524,1,,,1,82,,37525,1,,,1,42,,37514,1,,,1,82,,37517,1,,,1,80,,37516,1,,,1,38,,37515,1,,,1,78,,37518,1,,,1
4601,'CPHoliday1',747,,37543,36,4,,1,80,,37544,36,4,,1,84,,37545,36,4,,1,40,,37546,36,4,,1,82,,37547,36,4,,1,80,,37548,36,4,,1,40,,37549,36,4,,1,81,,37550,36,4,,1,80,,37551,36,4,,1,42,,37552,36,4,,1,82,,37553,36,4,,1,82,,37554,36,4,,1,82,,37555,36,4,,1,43,,37556,36,4,,1,82,,37557,36,4,,1,82,,37558,36,4,,1,42,,37559,36,4,,1,82,,37560,36,4,,1,82,,37561,36,4,,1,41,,37562,36,4,,1,86,,37563,36,4,,1
4601,'CPSaturday',659,,37564,36,4,,1,82,,37565,36,4,,1,81,,37566,36,4,,1,81,,37567,36,4,,1,40,,37568,36,4,,1,82,,37569,36,4,,1,81,,37570,36,4,,1,42,,37571,36,4,,1,83,,37572,36,4,,1,82,,37573,36,4,,1,42,,37574,36,4,,1,86,,37575,36,4,,1,84,,37576,36,4,,1,84,,37577,36,4,,1,44,,37578,36,4,,1,84,,37579,36,4,,1,84,,37580,36,4,,1,81,,37581,36,4,,1,44,,37582,36,4,,1,84,,37583,36,4,,1,82,,37584,36,4,,1,39,,37585,36,4,,1,80,,37586,36,4,,1
4601,'CPSunday',747,,37587,36,4,,1,80,,37588,36,4,,1,84,,37589,36,4,,1,40,,37590,36,4,,1,82,,37591,36,4,,1,80,,37592,36,4,,1,40,,37593,36,4,,1,81,,37594,36,4,,1,80,,37595,36,4,,1,42,,37596,36,4,,1,82,,37597,36,4,,1,82,,37598,36,4,,1,82,,37599,36,4,,1,43,,37600,36,4,,1,82,,37601,36,4,,1,82,,37602,36,4,,1,42,,37603,36,4,,1,82,,37604,36,4,,1,82,,37605,36,4,,1,41,,37606,36,4,,1,86,,37607,36,4,,1
4601,'CPWeekday',442,,37633,36,4,,1,85,,37634,36,4,,1,83,,37628,36,4,,1,41,,37635,36,4,,1,88,,37636,36,4,,1,84,,37629,36,4,,1,85,,37630,36,4,,1,45,,37632,36,4,,1,86,,37631,36,4,,1,86,,37611,36,4,,1,84,,37612,36,4,,1,45,,37608,36,4,,1,84,,37610,36,4,,1,84,,37613,36,4,,1,87,,37614,36,4,,1,47,,37618,36,4,,1,88,,37609,36,4,,1,88,,37615,36,4,,1,87,,37626,36,4,,1,88,,37625,36,4,,1,43,,37623,36,4,,1,83,,37619,36,4,,1,84,,37624,36,4,,1,42,,37616,36,4,,1,82,,37617,36,4,,1,82,,37621,36,4,,1,80,,37627,36,4,,1,36,,37620,36,4,,1,80,,37622,36,4,,1
4800,'CPHoliday1',600,,37637,12,,,1,30,,37638,12,,,1,70,,37639,12,,,1,36,,37640,12,,,1,75,,37641,12,,,1,35,,37642,12,,,1,75,,37643,12,,,1,35,,37644,12,,,1,75,,37645,12,,,1,79,,37646,12,,,1,38,,37647,12,,,1,78,,37648,12,,,1,78,,37649,12,,,1,38,,37650,12,,,1,78,,37651,12,,,1,38,,37652,12,,,1,78,,37653,12,,,1,77,,37654,12,,,1,38,,37655,12,,,1,78,,37656,12,,,1,78,,37657,12,,,1,38,,37658,12,,,1,78,,37659,12,,,1,78,,37660,12,,,1,35,,37661,12,,,1,74,,37662,12,,,1,31,,37663,12,,,1,71,,37664,12,,,1,32,,37665,12,,,1
4800,'CPSaturday',503,,37666,12,,,1,31,,37667,12,,,1,70,,37668,12,,,1,32,,37669,12,,,1,75,,37670,12,,,1,35,,37671,12,,,1,76,,37672,12,,,1,36,,37673,12,,,1,76,,37674,12,,,1,77,,37675,12,,,1,38,,37676,12,,,1,78,,37677,12,,,1,78,,37678,12,,,1,38,,37679,12,,,1,78,,37680,12,,,1,38,,37681,12,,,1,78,,37682,12,,,1,80,,37683,12,,,1,40,,37684,12,,,1,80,,37685,12,,,1,80,,37686,12,,,1,40,,37687,12,,,1,79,,37688,12,,,1,80,,37689,12,,,1,38,,37690,12,,,1,78,,37691,12,,,1,76,,37692,12,,,1,35,,37693,12,,,1,76,,37694,12,,,1,34,,37695,12,,,1,74,,37696,12,,,1,74,,37697,12,,,1,33,,37698,12,,,1,74,,37699,12,,,1,34,,37700,12,,,1,74,,37701,12,,,1,32,,37702,12,,,1
4800,'CPSunday',600,,37703,12,,,1,30,,37704,12,,,1,70,,37705,12,,,1,36,,37706,12,,,1,75,,37707,12,,,1,35,,37708,12,,,1,75,,37709,12,,,1,35,,37710,12,,,1,75,,37711,12,,,1,79,,37712,12,,,1,38,,37713,12,,,1,78,,37714,12,,,1,78,,37715,12,,,1,38,,37716,12,,,1,78,,37717,12,,,1,38,,37718,12,,,1,78,,37719,12,,,1,77,,37720,12,,,1,38,,37721,12,,,1,78,,37722,12,,,1,78,,37723,12,,,1,38,,37724,12,,,1,78,,37725,12,,,1,78,,37726,12,,,1,35,,37727,12,,,1,74,,37728,12,,,1,31,,37729,12,,,1,71,,37730,12,,,1,32,,37731,12,,,1
4800,'CPWeekday',429,,37732,12,,,1,85,,37733,12,,,1,40,,37734,12,,,1,58,,37735,12,,,1,18,,37736,12,,,1,21,,37737,12,,,1,60,,37738,12,,,1,23,,37739,12,,,1,22,,37740,12,,,1,62,,37741,12,,,1,22,,37742,12,,,1,62,,37743,12,,,1,24,,37744,12,,,1,26,,37745,12,,,1,69,,37746,12,,,1,28,,37747,12,,,1,70,,37748,12,,,1,30,,37749,12,,,1,70,,37750,12,,,1,28,,37751,12,,,1,68,,37752,12,,,1,28,,37753,12,,,1,62,,37754,12,,,1,22,,37755,12,,,1,24,,37756,12,,,1,65,,37757,12,,,1,24,,37758,12,,,1,64,,37759,12,,,1,24,,37760,12,,,1,24,,37761,12,,,1,64,,37762,12,,,1,24,,37763,12,,,1,64,,37764,12,,,1,28,,37765,12,,,1,79,,37766,12,,,1,40,,37767,12,,,1,78,,37768,12,,,1,77,,37769,12,,,1,34,,37770,12,,,1,75,,37771,12,,,1,35,,37772,12,,,1,84,,37773,12,,,1,85,,37774,12,,,1,40,,37775,12,,,1
