700,'CPHoliday1',2209,,16239,23,,,1
700,'CPSunday',2209,,16240,23,,,1
700,'CPWeekday',243,,16241,23,,,1,81,,16242,23,,,1,82,,16243,23,,,1,42,,16244,23,,,1
700,'MAHoliday1',440,,16281,23,,,1,61,,16294,23,,,1,23,,16277,23,,,1,21,,16272,23,,,1,61,,16271,23,,,1,22,,16287,23,,,1,24,,16270,23,,,1,63,,16296,23,,,1,23,,16278,23,,,1,63,,16269,23,,,1,23,,16266,23,,,1,23,,16288,23,,,1,63,,16267,23,,,1,24,,16295,23,,,1,24,,16279,23,,,1,65,,16261,23,,,1,25,,16260,23,,,1,64,,16289,23,,,1,25,,16268,23,,,1,64,,16293,23,,,1,24,,16280,23,,,1,24,,16259,23,,,1,65,,16254,23,,,1,25,,16286,23,,,1,62,,16253,23,,,1,21,,16265,23,,,1,21,,16292,23,,,1,62,,16273,23,,,1,21,,16256,23,,,1,20,,16250,23,,,1,62,,16283,23,,,1,22,,16248,23,,,1,22,,16262,23,,,1,62,,16290,23,,,1,22,,16275,23,,,1,20,,16257,23,,,1,60,,16249,23,,,1,21,,16282,23,,,1,21,,16245,23,,,1,62,,16264,23,,,1,22,,16291,23,,,1,61,,16274,23,,,1,23,,16258,23,,,1,22,,16251,23,,,1,60,,16284,23,,,1,21,,16246,23,,,1,20,,16263,23,,,1,79,,16276,23,,,1,19,,16255,23,,,1,60,,16252,23,,,1,19,,16285,23,,,1,19,,16247,23,,,1,60,,16297,23,,,1
700,'MASaturday',407,,16355,23,,,1,24,,16354,23,,,1,24,,16353,23,,,1,66,,16352,23,,,1,22,,16351,23,,,1,62,,16350,23,,,1,22,,16349,23,,,1,23,,16348,23,,,1,63,,16347,23,,,1,25,,16346,23,,,1,67,,16345,23,,,1,27,,16344,23,,,1,26,,16338,23,,,1,65,,16337,23,,,1,25,,16335,23,,,1,65,,16332,23,,,1,24,,16333,23,,,1,65,,16334,23,,,1,27,,16339,23,,,1,27,,16331,23,,,1,69,,16330,23,,,1,28,,16324,23,,,1,67,,16329,23,,,1,27,,16323,23,,,1,61,,16322,23,,,1,21,,16341,23,,,1,21,,16328,23,,,1,63,,16321,23,,,1,22,,16318,23,,,1,19,,16316,23,,,1,60,,16319,23,,,1,20,,16314,23,,,1,21,,16313,23,,,1,62,,16340,23,,,1,22,,16325,23,,,1,62,,16312,23,,,1,22,,16310,23,,,1,22,,16311,23,,,1,59,,16317,23,,,1,19,,16308,23,,,1,19,,16306,23,,,1,59,,16342,23,,,1,18,,16326,23,,,1,19,,16309,23,,,1,20,,16303,23,,,1,58,,16302,23,,,1,19,,16320,23,,,1,20,,16307,23,,,1,60,,16301,23,,,1,20,,16343,23,,,1,19,,16327,23,,,1,60,,16304,23,,,1,17,,16299,23,,,1,18,,16300,23,,,1,59,,16315,23,,,1,18,,16305,23,,,1,19,,16298,23,,,1,57,,16336,23,,,1,18,,16356,23,,,1
700,'MASunday',440,,16393,23,,,1,61,,16406,23,,,1,23,,16389,23,,,1,21,,16384,23,,,1,61,,16383,23,,,1,22,,16399,23,,,1,24,,16382,23,,,1,63,,16408,23,,,1,23,,16390,23,,,1,63,,16381,23,,,1,23,,16378,23,,,1,23,,16400,23,,,1,63,,16379,23,,,1,24,,16407,23,,,1,24,,16391,23,,,1,65,,16373,23,,,1,25,,16372,23,,,1,64,,16401,23,,,1,25,,16380,23,,,1,64,,16405,23,,,1,24,,16392,23,,,1,24,,16371,23,,,1,65,,16366,23,,,1,25,,16398,23,,,1,62,,16365,23,,,1,21,,16377,23,,,1,21,,16404,23,,,1,62,,16385,23,,,1,21,,16368,23,,,1,20,,16362,23,,,1,62,,16395,23,,,1,22,,16360,23,,,1,22,,16374,23,,,1,62,,16402,23,,,1,22,,16387,23,,,1,20,,16369,23,,,1,60,,16361,23,,,1,21,,16394,23,,,1,21,,16357,23,,,1,62,,16376,23,,,1,22,,16403,23,,,1,61,,16386,23,,,1,23,,16370,23,,,1,22,,16363,23,,,1,60,,16396,23,,,1,21,,16358,23,,,1,20,,16375,23,,,1,79,,16388,23,,,1,19,,16367,23,,,1,60,,16364,23,,,1,19,,16397,23,,,1,19,,16359,23,,,1,60,,16409,23,,,1
700,'MAWeekday',512,,16410,23,,,1,24,,16411,23,,,1,64,,16412,23,,,1,25,,16413,23,,,1,22,,16414,23,,,1,60,,16415,23,,,1,20,,16416,23,,,1,24,,16417,23,,,1,64,,16418,23,,,1,26,,16419,23,,,1,66,,16420,23,,,1,28,,16421,23,,,1,69,,16422,23,,,1,30,,16423,23,,,1,25,,16424,23,,,1,65,,16425,23,,,1,25,,16426,23,,,1,65,,16427,23,,,1,25,,16428,23,,,1,20,,16429,23,,,1,61,,16430,23,,,1,22,,16431,23,,,1,64,,16432,23,,,1,25,,16433,23,,,1,25,,16434,23,,,1,65,,16435,23,,,1,25,,16436,23,,,1,65,,16437,23,,,1,26,,16438,23,,,1,65,,16439,23,,,1,25,,16440,23,,,1,25,,16441,23,,,1,66,,16442,23,,,1,26,,16443,23,,,1,66,,16444,23,,,1,24,,16445,23,,,1,24,,16446,23,,,1,64,,16447,23,,,1,22,,16448,23,,,1,62,,16449,23,,,1,24,,16450,23,,,1,73,,16451,23,,,1,27,,16452,23,,,1,26,,16453,23,,,1,68,,16454,23,,,1,34,,16455,23,,,1,75,,16456,23,,,1,72,,16457,23,,,1,29,,16458,23,,,1,69,,16459,23,,,1
3900,'CPHoliday1',648,,22190,71,,,1,78,,22184,71,,,1,83,,22179,71,,,1,38,,22175,71,,,1,81,,22191,71,,,1,84,,22182,71,,,1,42,,22180,71,,,1,83,,22174,71,,,1,83,,22189,71,,,1,85,,22183,71,,,1,47,,22176,71,,,1,85,,22173,71,,,1,86,,22192,71,,,1,85,,22186,71,,,1,45,,22177,71,,,1,83,,22172,71,,,1,85,,22193,71,,,1,84,,22185,71,,,1,40,,22178,71,,,1,84,,22171,71,,,1,82,,22188,71,,,1,40,,22187,71,,,1,81,,22181,71,,,1,75,,22170,71,,,1
3900,'CPSaturday',832,,22199,71,,,1,25,,22198,71,,,1,258,,22200,71,,,1,29,,22197,71,,,1,271,,22201,71,,,1,30,,22196,71,,,1,272,,22202,71,,,1,30,,22195,71,,,1,261,,22203,71,,,1,28,,22194,71,,,1,206,,22204,71,,,1
3900,'CPSunday',648,,22225,71,,,1,78,,22219,71,,,1,83,,22214,71,,,1,38,,22210,71,,,1,81,,22226,71,,,1,84,,22217,71,,,1,42,,22215,71,,,1,83,,22209,71,,,1,83,,22224,71,,,1,85,,22218,71,,,1,47,,22211,71,,,1,85,,22208,71,,,1,86,,22227,71,,,1,85,,22221,71,,,1,45,,22212,71,,,1,83,,22207,71,,,1,85,,22228,71,,,1,84,,22220,71,,,1,40,,22213,71,,,1,84,,22206,71,,,1,82,,22223,71,,,1,40,,22222,71,,,1,81,,22216,71,,,1,75,,22205,71,,,1
3900,'MASaturday',647,,22252,71,,,1,66,,22251,71,,,1,28,,22245,71,,,1,66,,22244,71,,,1,116,,22246,71,,,1,28,,22239,71,,,1,66,,22237,71,,,1,30,,22238,71,,,1,166,,22250,71,,,1,31,,22240,71,,,1,70,,22234,71,,,1,30,,22232,71,,,1,171,,22249,71,,,1,30,,22243,71,,,1,71,,22235,71,,,1,30,,22230,71,,,1,170,,22247,71,,,1,27,,22242,71,,,1,69,,22233,71,,,1,30,,22229,71,,,1,162,,22248,71,,,1,25,,22241,71,,,1,26,,22236,71,,,1,64,,22231,71,,,1
3900,'MAWeekday',520,,22253,39,,,1,91,,22254,72,,,1,26,,22255,72,,,1,64,,22256,72,,,1,22,,22257,72,,,1,19,,22258,72,,,1,61,,22259,72,,,1,19,,22260,72,,,1,20,,22261,72,,,1,63,,22262,72,,,1,24,,22263,72,,,1,20,,22264,71,,,1,71,,22265,71,,,1,35,,22266,71,,,1,77,,22267,71,,,1,77,,22268,71,,,1,38,,22269,71,,,1,77,,22270,71,,,1,76,,22271,71,,,1,34,,22272,71,,,1,25,,22273,71,,,1,69,,22274,72,,,1,20,,22275,72,,,1,61,,22276,72,,,1,21,,22277,72,,,1,22,,22278,72,,,1,58,,22279,72,,,1,19,,22280,72,,,1,17,,22281,72,,,1,59,,22282,72,,,1,21,,22283,72,,,1,22,,22284,72,,,1,60,,22285,72,,,1,21,,22286,72,,,1,16,,22287,71,,,1,62,,22288,71,,,1,22,,22289,71,,,1,18,,22290,71,,,1,75,,22291,71,,,1,37,,22292,71,,,1,81,,22293,71,,,1,80,,22294,71,,,1,37,,22295,71,,,1,75,,22296,71,,,1,73,,22297,71,,,1,33,,22298,71,,,1,74,,22299,71,,,1
4301,'CPWeekday',1516,,22984,64,,,1,42,,22982,64,,,1,83,,22987,64,,,1,81,,22989,64,,,1,81,,22985,64,,,1,40,,22983,64,,,1,80,,22988,64,,,1,80,,22990,64,,,1,39,,22986,64,,,1
