600,'CPHoliday1',816,,2129,44,,,1,42,,2130,44,,,1,81,,2131,44,,,1,84,,2132,44,,,1,82,,2133,44,,,1,45,,2134,44,,,1,87,,2135,44,,,1,86,,2136,44,,,1,89,,2137,44,,,1,88,,2138,44,,,1,47,,2139,44,,,1,89,,2140,44,,,1,88,,2141,44,,,1,87,,2142,44,,,1,43,,2143,44,,,1,82,,2144,44,,,1,81,,2145,44,,,1,41,,2146,44,,,1,79,,2147,44,,,1
600,'CPSaturday',544,,2148,44,,,1,79,,2149,44,,,1,78,,2150,44,,,1,39,,2151,44,,,1,82,,2152,44,,,1,81,,2153,44,,,1,42,,2154,44,,,1,82,,2155,44,,,1,88,,2156,44,,,1,44,,2157,44,,,1,85,,2158,44,,,1,87,,2159,44,,,1,86,,2160,44,,,1,84,,2161,44,,,1,44,,2162,44,,,1,85,,2163,44,,,1,85,,2164,44,,,1,44,,2165,44,,,1,83,,2166,44,,,1,84,,2167,44,,,1,84,,2168,44,,,1,42,,2169,44,,,1,83,,2170,44,,,1,83,,2171,44,,,1,40,,2172,44,,,1,80,,2173,44,,,1,80,,2174,44,,,1
600,'CPSunday',816,,2175,44,,,1,42,,2176,44,,,1,81,,2177,44,,,1,84,,2178,44,,,1,82,,2179,44,,,1,45,,2180,44,,,1,87,,2181,44,,,1,86,,2182,44,,,1,89,,2183,44,,,1,88,,2184,44,,,1,47,,2185,44,,,1,89,,2186,44,,,1,88,,2187,44,,,1,87,,2188,44,,,1,43,,2189,44,,,1,82,,2190,44,,,1,81,,2191,44,,,1,41,,2192,44,,,1,79,,2193,44,,,1
600,'CPWeekday',530,,2241,44,,,1,27,,2232,44,,,1,72,,2230,44,,,1,28,,2235,44,,,1,64,,2229,44,,,1,36,,2228,44,,,1,71,,2233,44,,,1,73,,2227,44,,,1,29,,2226,44,,,1,29,,2234,44,,,1,70,,2215,44,,,1,30,,2213,44,,,1,70,,2237,44,,,1,30,,2217,44,,,1,71,,2212,44,,,1,70,,2236,44,,,1,31,,2216,44,,,1,70,,2211,44,,,1,31,,2231,44,,,1,26,,2210,44,,,1,65,,2218,44,,,1,7,,2194,44,,,1,5,,2195,44,,,1,12,,2204,44,,,1,64,,2238,44,,,1,25,,2203,44,,,1,66,,2214,44,,,1,26,,2205,44,,,1,26,,2239,44,,,1,65,,2202,44,,,1,25,,2219,44,,,1,62,,2207,44,,,1,22,,2240,44,,,1,21,,2201,44,,,1,65,,2221,44,,,1,27,,2208,44,,,1,67,,2200,44,,,1,28,,2223,44,,,1,67,,2206,44,,,1,28,,2199,44,,,1,28,,2220,44,,,1,66,,2209,44,,,1,26,,2198,44,,,1,75,,2224,44,,,1,75,,2197,44,,,1,32,,2222,44,,,1,75,,2196,44,,,1,36,,2225,44,,,1
800,'CPSaturday',709,,2802,43,,,1,42,,2792,43,,,1,85,,2803,43,,,1,85,,2798,43,,,1,86,,2804,43,,,1,48,,2793,43,,,1,90,,2805,43,,,1,90,,2794,43,,,1,91,,2806,43,,,1,94,,2799,43,,,1,93,,2807,43,,,1,93,,2800,43,,,1,53,,2811,43,,,1,92,,2791,43,,,1,93,,2809,43,,,1,91,,2801,43,,,1,88,,2812,43,,,1,86,,2795,43,,,1,46,,2813,43,,,1,86,,2796,43,,,1,84,,2808,43,,,1,81,,2797,43,,,1,43,,2810,43,,,1
800,'CPWeekday',528,,2847,43,,,1,72,,2849,43,,,1,31,,2846,43,,,1,73,,2848,43,,,1,35,,2843,43,,,1,78,,2844,43,,,1,39,,2845,43,,,1,76,,2840,43,,,1,75,,2841,43,,,1,36,,2842,43,,,1,76,,2839,43,,,1,35,,2838,43,,,1,75,,2837,43,,,1,76,,2836,43,,,1,37,,2835,43,,,1,80,,2834,43,,,1,85,,2833,43,,,1,17,,2815,30,,,1,12,,2817,29,,,1,7,,2814,43,,,1,4,,2818,43,,,1,3,,2832,43,,,1,51,,2816,43,,,1,25,,2831,43,,,1,80,,2830,43,,,1,40,,2824,43,,,1,78,,2829,43,,,1,32,,2823,43,,,1,74,,2819,43,,,1,73,,2828,43,,,1,40,,2821,43,,,1,82,,2826,43,,,1,82,,2822,43,,,1,42,,2827,43,,,1,80,,2820,43,,,1,82,,2825,43,,,1
2600,'CPHoliday1',639,,5993,10,,,1,65,,5994,10,,,1,26,,5996,19,,,1,25,,5997,19,,,1,66,,5998,19,,,1,26,,5999,19,,,1,67,,6000,19,,,1,28,,6001,19,,,1,69,,6002,19,,,1,28,,6003,19,,,1,68,,6004,19,,,1,29,,6005,19,,,1,67,,6006,19,,,1,21,,6007,19,,,1,20,,6008,19,,,1,63,,6009,19,,,1,24,,6010,19,,,1,24,,6011,19,,,1,65,,6012,19,,,1,22,,6013,19,,,1,62,,6014,19,,,1,22,,6015,19,,,1,22,,6016,19,,,1,64,,6017,19,,,1,25,,6018,19,,,1,63,,6019,19,,,1,23,,6020,19,,,1,24,,6021,19,,,1,62,,6022,19,,,1,22,,6023,19,,,1,22,,6024,19,,,1,61,,6025,19,,,1,21,,6026,19,,,1,66,,6027,19,,,1,28,,6028,19,,,1,26,,6029,19,,,1,68,,6030,19,,,1,27,,6031,19,,,1,65,,6032,19,,,1,26,,6033,19,,,1,66,,6034,19,,,1,26,,6035,19,,,1,26,,6036,19,,,1,64,,6037,19,,,1,23,,6038,19,,,1,64,,6039,19,,,1
2600,'CPSaturday',451,,6040,19,,,1,60,,6041,19,,,1,21,,6042,19,,,1,20,,6043,19,,,1,64,,6044,19,,,1,22,,6045,19,,,1,62,,6046,19,,,1,23,,6047,19,,,1,22,,6048,19,,,1,63,,6049,19,,,1,22,,6050,19,,,1,22,,6051,19,,,1,65,,6052,19,,,1,24,,6053,19,,,1,65,,6054,19,,,1,25,,6055,19,,,1,18,,6056,19,,,1,59,,6057,19,,,1,19,,6058,19,,,1,20,,6059,19,,,1,61,,6060,19,,,1,19,,6061,19,,,1,18,,6062,19,,,1,58,,6063,19,,,1,16,,6064,19,,,1,16,,6065,19,,,1,16,,6066,19,,,1,56,,6067,19,,,1,14,,6068,19,,,1,14,,6069,19,,,1,14,,6070,19,,,1,54,,6071,19,,,1,14,,6072,19,,,1,14,,6073,19,,,1,14,,6074,19,,,1,14,,6075,19,,,1,54,,6076,19,,,1,14,,6077,19,,,1,14,,6078,19,,,1,15,,6079,19,,,1,55,,6080,19,,,1,14,,6081,19,,,1,15,,6082,19,,,1,15,,6083,19,,,1,54,,6084,19,,,1,14,,6085,19,,,1,14,,6086,19,,,1,14,,6087,19,,,1,52,,6088,19,,,1,11,,6089,19,,,1,12,,6090,19,,,1,16,,6091,19,,,1,63,,6092,19,,,1,24,,6093,19,,,1,24,,6094,19,,,1,63,,6095,19,,,1,20,,6096,19,,,1,18,,6097,19,,,1,57,,6098,19,,,1,17,,6099,19,,,1,18,,6100,19,,,1,62,,6101,19,,,1,24,,6102,19,,,1,24,,6103,19,,,1,66,,6104,19,,,1,28,,6105,19,,,1,65,,6106,19,,,1,22,,6107,19,,,1,20,,6108,19,,,1,59,,6109,19,,,1,20,,6110,19,0,32 33 34 35 36 37,1
2600,'CPSunday',639,,6111,10,,,1,65,,6112,10,,,1,26,,6114,19,,,1,25,,6115,19,,,1,66,,6116,19,,,1,26,,6117,19,,,1,67,,6118,19,,,1,28,,6119,19,,,1,69,,6120,19,,,1,28,,6121,19,,,1,68,,6122,19,,,1,29,,6123,19,,,1,67,,6124,19,,,1,21,,6125,19,,,1,20,,6126,19,,,1,63,,6127,19,,,1,24,,6128,19,,,1,24,,6129,19,,,1,65,,6130,19,,,1,22,,6131,19,,,1,62,,6132,19,,,1,22,,6133,19,,,1,22,,6134,19,,,1,64,,6135,19,,,1,25,,6136,19,,,1,63,,6137,19,,,1,23,,6138,19,,,1,24,,6139,19,,,1,62,,6140,19,,,1,22,,6141,19,,,1,22,,6142,19,,,1,61,,6143,19,,,1,21,,6144,19,,,1,66,,6145,19,,,1,28,,6146,19,,,1,26,,6147,19,,,1,68,,6148,19,,,1,27,,6149,19,,,1,65,,6150,19,,,1,26,,6151,19,,,1,66,,6152,19,,,1,26,,6153,19,,,1,26,,6154,19,,,1,64,,6155,19,,,1,23,,6156,19,,,1,64,,6157,19,,,1
30201,'CPWeekday',1457,,13839,30,,,1,45,,13840,30,,,1
31201,'CPWeekday',1517,,13846,21,,,1
