3800,'CPHoliday1',814,,8064,40,,,1,91,,8075,40,,,1,53,,8065,40,,,1,90,,8066,40,,,1,96,,8071,40,,,1,96,,8068,40,,,1,96,,8067,40,,,1,95,,8074,40,,,1,97,,8069,40,,,1,95,,8073,40,,,1,95,,8070,40,,,1,94,,8072,40,,,1,94,,8076,40,,,1,94,,8078,40,,,1,50,,8077,40,,,1
3800,'CPSaturday',700,,8093,40,,,1,36,,8094,40,,,1,70,,8095,40,,,1,31,,8096,40,,,1,70,,8097,40,,,1,31,,8098,40,,,1,73,,8099,40,,,1,33,,8100,40,,,1,72,,8101,40,,,1,34,,8102,40,,,1,74,,8103,40,,,1,34,,8104,40,,,1,75,,8105,40,,,1,74,,8106,40,,,1,37,,8107,40,,,1,75,,8108,40,,,1,35,,8109,40,,,1,76,,8110,40,,,1,74,,8079,40,,,1,33,,8080,40,,,1,74,,8081,40,,,1,33,,8082,40,,,1,72,,8083,40,,,1,31,,8084,40,,,1,72,,8085,40,,,1,32,,8086,40,,,1,72,,8087,40,,,1,30,,8088,40,,,1,70,,8089,40,,,1,30,,8090,40,,,1,67,,8091,40,,,1,24,,8092,40,,,1
3800,'CPSunday',814,,8111,40,,,1,91,,8122,40,,,1,53,,8112,40,,,1,90,,8113,40,,,1,96,,8118,40,,,1,96,,8115,40,,,1,96,,8114,40,,,1,95,,8121,40,,,1,97,,8116,40,,,1,95,,8120,40,,,1,95,,8117,40,,,1,94,,8119,40,,,1,94,,8123,40,,,1,94,,8125,40,,,1,50,,8124,40,,,1
3800,'CPWeekday',456,,8162,40,,,1,68,,8151,40,,,1,23,,8150,40,,,1,66,,8148,40,,,1,26,,8147,40,,,1,67,,8149,40,,,1,33,,8159,40,,,1,67,,8126,23,,,1,5,,8153,40,,,1,36,,8142,40,,,1,75,,8140,40,,,1,78,,8139,40,,,1,39,,8163,40,,,1,80,,8154,40,,,1,38,,8141,40,,,1,77,,8136,40,,,1,76,,8135,40,,,1,35,,8160,40,,,1,77,,8155,40,,,1,16,,8134,40,,,1,75,,8145,40,,,1,32,,8137,40,,,1,70,,8132,40,,,1,29,,8133,40,,,1,69,,8164,40,,,1,28,,8156,40,,,1,70,,8131,40,,,1,28,,8146,40,,,1,71,,8138,40,,,1,32,,8128,40,,,1,75,,8161,40,,,1,33,,8152,40,,,1,67,,8127,40,,,1,26,,8143,40,,,1,88,,8129,40,,,1,86,,8157,40,,,1,83,,8144,40,,,1,41,,8130,40,,,1
6800,'CPHoliday1',1118,,11687,26,4,,1,105,,11686,26,4,,1,108,,11689,26,4,,1,112,,11688,26,4,,1,112,,11694,26,4,,1,151,,11692,26,4,,1,109,,11691,26,4,,1,107,,11690,26,4,,1,104,,11693,26,4,,1
6800,'CPSaturday',739,,11709,26,4,,1,104,,11708,26,4,,1,106,,11706,26,4,,1,109,,11707,26,4,,1,152,,11705,26,4,,1,110,,11703,26,4,,1,111,,11704,26,4,,1,111,,11702,26,4,,1,114,,11701,26,4,,1,154,,11700,26,4,,1,114,,11699,26,4,,1,111,,11698,26,4,,1,107,,11697,26,4,,1,104,,11696,26,4,,1,101,,11695,26,4,,1
6800,'CPSunday',1118,,11711,26,4,,1,105,,11710,26,4,,1,108,,11713,26,4,,1,112,,11712,26,4,,1,112,,11718,26,4,,1,151,,11716,26,4,,1,109,,11715,26,4,,1,107,,11714,26,4,,1,104,,11717,26,4,,1
6800,'CPWeekday',536,,11719,26,4,,1,111,,11720,26,4,,1,154,,11721,26,4,,1,118,,11722,26,4,,1,117,,11723,26,4,,1,117,,11724,26,4,,1,157,,11725,26,4,,1,117,,11726,26,4,,1,120,,11727,26,4,,1,160,,11728,26,4,,1,120,,11729,26,4,,1,116,,11730,26,4,,1,112,,11731,26,4,,1,149,,11732,26,4,,1,107,,11733,26,4,,1,105,,11734,26,4,,1,100,,11735,26,4,,1
6801,'CPHoliday1',1016,,11743,1,,,1,104,,11738,1,,,1,105,,11742,1,,,1,108,,11744,1,,,1,112,,11740,1,,,1,112,,11736,1,,,1,151,,11737,1,,,1,109,,11741,1,,,1,107,,11739,1,,,1
6801,'CPSaturday',740,,11759,1,,,1,105,,11758,1,,,1,106,,11757,1,,,1,149,,11755,1,,,1,112,,11756,1,,,1,110,,11754,1,,,1,111,,11753,1,,,1,111,,11752,1,,,1,114,,11751,1,,,1,154,,11750,1,,,1,114,,11749,1,,,1,111,,11748,1,,,1,107,,11747,1,,,1,104,,11746,1,,,1,101,,11745,1,,,1
6801,'CPSunday',1016,,11767,1,,,1,104,,11762,1,,,1,105,,11766,1,,,1,108,,11768,1,,,1,112,,11764,1,,,1,112,,11760,1,,,1,151,,11761,1,,,1,109,,11765,1,,,1,107,,11763,1,,,1
6801,'CPWeekday',538,,11769,1,,,1,112,,11770,1,,,1,154,,11771,1,,,1,118,,11772,1,,,1,117,,11773,1,,,1,117,,11774,1,,,1,157,,11775,1,,,1,116,,11776,1,,,1,121,,11777,1,,,1,160,,11778,1,,,1,120,,11779,1,,,1,116,,11780,1,,,1,111,,11781,1,,,1,149,,11782,1,,,1,107,,11783,1,,,1,105,,11784,1,,,1,100,,11785,1,,,1
