701,'CPSunday',2330,,16461,26,,,1
701,'CPWeekday',232,,16463,26,,,1,81,,16465,26,,,1,41,,16462,26,,,1,84,,16464,26,,,1
701,'MASaturday',426,,16576,26,,,1,21,,16575,26,,,1,62,,16574,26,,,1,22,,16573,26,,,1,22,,16572,26,,,1,64,,16571,26,,,1,25,,16570,26,,,1,64,,16568,26,,,1,25,,16569,26,,,1,23,,16567,26,,,1,63,,16566,26,,,1,22,,16565,26,,,1,64,,16560,26,,,1,26,,16561,26,,,1,28,,16556,26,,,1,67,,16562,26,,,1,26,,16555,26,,,1,66,,16554,26,,,1,26,,16553,26,,,1,67,,16552,26,,,1,26,,16551,26,,,1,20,,16550,26,,,1,60,,16557,26,,,1,20,,16546,26,,,1,20,,16544,26,,,1,60,,16542,26,,,1,20,,16543,26,,,1,20,,16541,26,,,1,62,,16540,26,,,1,22,,16539,26,,,1,63,,16558,26,,,1,23,,16547,26,,,1,23,,16535,26,,,1,62,,16534,26,,,1,20,,16533,26,,,1,20,,16536,26,,,1,59,,16532,26,,,1,19,,16531,26,,,1,20,,16559,26,,,1,59,,16545,26,,,1,22,,16530,26,,,1,21,,16529,26,,,1,62,,16526,26,,,1,21,,16537,26,,,1,20,,16527,26,,,1,59,,16524,26,,,1,19,,16564,26,,,1,19,,16549,26,,,1,59,,16523,26,,,1,19,,16522,26,,,1,19,,16521,26,,,1,59,,16538,26,,,1,19,,16528,26,,,1,19,,16520,26,,,1,58,,16563,26,,,1,19,,16548,26,,,1,19,,16525,26,,,1,17,,16519,26,,,1,58,,16577,26,,,1
701,'MASunday',431,,16615,26,,,1,80,,16614,26,,,1,22,,16616,26,,,1,22,,16605,26,,,1,62,,16624,26,,,1,23,,16606,26,,,1,64,,16604,26,,,1,23,,16603,26,,,1,24,,16619,26,,,1,63,,16602,26,,,1,23,,16628,26,,,1,63,,16607,26,,,1,23,,16595,26,,,1,24,,16594,26,,,1,63,,16618,26,,,1,23,,16598,26,,,1,23,,16627,26,,,1,64,,16608,26,,,1,24,,16589,26,,,1,66,,16587,26,,,1,25,,16620,26,,,1,22,,16586,26,,,1,59,,16597,26,,,1,19,,16626,26,,,1,21,,16609,26,,,1,60,,16590,26,,,1,23,,16585,26,,,1,63,,16617,26,,,1,23,,16581,26,,,1,23,,16599,26,,,1,60,,16625,26,,,1,20,,16610,26,,,1,20,,16588,26,,,1,62,,16582,26,,,1,23,,16621,26,,,1,23,,16580,26,,,1,63,,16596,26,,,1,23,,16630,26,,,1,62,,16613,26,,,1,21,,16591,26,,,1,20,,16583,26,,,1,61,,16622,26,,,1,21,,16579,26,,,1,21,,16600,26,,,1,61,,16629,26,,,1,22,,16612,26,,,1,21,,16592,26,,,1,59,,16584,26,,,1,20,,16623,26,,,1,19,,16578,26,,,1,60,,16601,26,,,1,40,,16611,26,,,1,59,,16593,26,,,1
701,'MAWeekday',502,,16631,26,,,1,21,,16632,26,,,1,19,,16633,26,,,1,59,,16634,26,,,1,20,,16635,26,,,1,23,,16636,26,,,1,63,,16637,26,,,1,24,,16638,26,,,1,26,,16639,26,,,1,67,,16640,26,,,1,26,,16641,26,,,1,59,,16642,26,,,1,20,,16643,26,,,1,22,,16644,26,,,1,63,,16645,26,,,1,23,,16646,26,,,1,66,,16647,26,,,1,30,,16648,26,,,1,70,,16649,26,,,1,25,,16650,26,,,1,26,,16651,26,,,1,65,,16652,26,,,1,25,,16653,26,,,1,65,,16654,26,,,1,23,,16655,26,,,1,24,,16656,26,,,1,65,,16657,26,,,1,24,,16658,26,,,1,67,,16659,26,,,1,25,,16660,26,,,1,66,,16661,26,,,1,26,,16662,26,,,1,25,,16663,26,,,1,64,,16664,26,,,1,25,,16665,26,,,1,64,,16666,26,,,1,23,,16667,26,,,1,24,,16668,26,,,1,61,,16669,26,,,1,26,,16670,26,,,1,65,,16671,26,,,1,24,,16672,26,,,1,25,,16673,26,,,1,73,,16674,26,,,1,74,,16675,26,,,1,32,,16676,26,,,1,76,,16677,26,,,1,32,,16678,26,,,1,74,,16679,26,,,1,31,,16680,26,,,1
3901,'CPSaturday',846,,22329,1,,,1,68,,22328,1,,,1,220,,22330,1,,,1,68,,22327,1,,,1,228,,22331,1,,,1,70,,22326,1,,,1,230,,22332,1,,,1,70,,22325,1,,,1,228,,22333,1,,,1,26,,22324,1,,,1
3901,'CPSunday',703,,22353,1,,,1,40,,22348,1,,,1,80,,22342,1,,,1,80,,22339,1,,,1,42,,22354,1,,,1,82,,22351,1,,,1,84,,22343,1,,,1,45,,22338,1,,,1,85,,22355,1,,,1,85,,22349,1,,,1,85,,22344,1,,,1,45,,22337,1,,,1,85,,22356,1,,,1,85,,22350,1,,,1,85,,22345,1,,,1,45,,22336,1,,,1,85,,22357,1,,,1,84,,22346,1,,,1,82,,22341,1,,,1,42,,22335,1,,,1,80,,22352,1,,,1,80,,22347,1,,,1,36,,22340,1,,,1,70,,22334,1,,,1
3901,'MASaturday',701,,22378,1,,,1,25,,22374,1,,,1,26,,22373,1,,,1,66,,22367,1,,,1,124,,22375,1,,,1,68,,22370,1,,,1,28,,22366,1,,,1,68,,22364,1,,,1,124,,22376,1,,,1,70,,22371,1,,,1,30,,22362,1,,,1,70,,22358,1,,,1,130,,22377,1,,,1,70,,22368,1,,,1,30,,22363,1,,,1,70,,22359,1,,,1,130,,22379,1,,,1,70,,22369,1,,,1,30,,22361,1,,,1,70,,22360,1,,,1,120,,22380,1,,,1,25,,22372,1,,,1,60,,22365,1,,,1
3901,'MAWeekday',433,,22381,1,,,1,15,,22382,1,,,1,55,,22383,1,,,1,15,,22384,1,,,1,16,,22385,1,,,1,18,,22386,1,,,1,59,,22387,1,,,1,21,,22388,1,,,1,23,,22389,1,,,1,64,,22390,1,,,1,23,,22391,1,,,1,60,,22392,1,,,1,19,,22393,1,,,1,19,,22394,1,,,1,62,,22395,1,,,1,24,,22396,1,,,1,77,,22397,1,,,1,36,,22398,1,,,1,76,,22399,1,,,1,36,,22400,1,,,1,76,,22401,1,,,1,75,,22402,1,,,1,35,,22403,1,,,1,21,,22404,1,,,1,62,,22405,1,,,1,20,,22406,1,,,1,60,,22407,1,,,1,21,,22408,1,,,1,21,,22409,1,,,1,61,,22410,1,,,1,22,,22411,1,,,1,22,,22412,1,,,1,60,,22413,1,,,1,17,,22414,1,,,1,18,,22415,1,,,1,59,,22416,1,,,1,20,,22417,1,,,1,20,,22418,1,,,1,62,,22419,1,,,1,22,,22420,1,,,1,23,,22421,1,,,1,73,,22422,1,,,1,79,,22423,1,,,1,39,,22424,1,,,1,78,,22425,1,,,1,38,,22426,1,,,1,78,,22427,1,,,1,78,,22428,1,,,1,38,,22429,1,,,1
10701,'MASaturday',836,,26801,14,,,1,70,,26807,14,,,1,29,,26822,14,,,1,70,,26795,14,,,1,19,,26796,14,,,1,18,,26797,14,,,1,58,,26815,14,,,1,18,,26804,14,,,1,19,,26820,14,,,1,18,,26827,14,,,1,58,,26800,14,,,1,18,,26799,14,,,1,18,,26798,14,,,1,59,,26808,14,,,1,19,,26802,14,,,1,20,,26823,14,,,1,61,,26828,14,,,1,20,,26803,14,,,1,20,,26806,14,,,1,60,,26805,14,,,1,20,,26812,14,,,1,21,,26816,14,,,1,60,,26821,14,,,1,20,,26830,14,,,1,20,,26814,14,,,1,60,,26809,14,,,1,21,,26811,14,,,1,20,,26810,14,,,1,59,,26813,14,,,1,20,,26824,14,,,1,18,,26829,14,,,1,59,,26817,14,,,1,19,,26818,14,,,1,20,,26819,14,,,1,74,,26825,14,,,1,35,,26831,14,,,1,66,,26826,14,,,1
10701,'MASunday',836,,26835,14,,,1,70,,26844,14,,,1,29,,26861,14,,,1,70,,26833,14,,,1,19,,26832,14,,,1,18,,26834,14,,,1,58,,26845,14,,,1,18,,26836,14,,,1,19,,26856,14,,,1,18,,26864,14,,,1,58,,26838,14,,,1,18,,26837,14,,,1,18,,26839,14,,,1,59,,26846,14,,,1,19,,26840,14,,,1,20,,26857,14,,,1,61,,26865,14,,,1,20,,26842,14,,,1,20,,26843,14,,,1,60,,26841,14,,,1,20,,26848,14,,,1,21,,26849,14,,,1,60,,26858,14,,,1,20,,26866,14,,,1,20,,26847,14,,,1,60,,26852,14,,,1,21,,26855,14,,,1,20,,26851,14,,,1,59,,26850,14,,,1,20,,26859,14,,,1,18,,26867,14,,,1,59,,26854,14,,,1,19,,26853,14,,,1,20,,26860,14,,,1,74,,26862,14,,,1,35,,26868,14,,,1,66,,26863,14,,,1
10701,'MAWeekday',526,,26936,14,,,1,30,,26918,14,,,1,56,,26917,14,,,1,15,,26916,14,,,1,16,,26929,14,,,1,16,,26915,14,,,1,57,,26922,14,,,1,16,,26910,14,,,1,16,,26935,14,,,1,53,,26908,14,,,1,12,,26902,14,,,1,12,,26919,14,,,1,14,,26905,14,,,1,15,,26900,14,,,1,54,,26931,14,,,1,14,,26901,14,,,1,14,,26924,14,,,1,15,,26914,14,,,1,55,,26941,14,,,1,15,,26889,14,,,1,15,,26898,14,,,1,15,,26903,14,,,1,55,,26890,14,,,1,15,,26932,14,,,1,15,,26884,14,,,1,15,,26921,14,,,1,55,,26911,14,,,1,15,,26942,14,,,1,15,,26892,14,,,1,15,,26883,14,,,1,55,,26906,14,,,1,15,,26893,14,,,1,15,,26930,14,,,1,16,,26885,14,,,1,57,,26926,14,,,1,15,,26913,14,,,1,15,,26940,14,,,1,17,,26897,14,,,1,57,,26877,14,,,1,15,,26880,14,,,1,15,,26904,14,,,1,12,,26895,14,,,1,52,,26928,14,,,1,12,,26888,14,,,1,12,,26875,14,,,1,11,,26923,14,,,1,12,,26912,14,,,1,52,,26937,14,,,1,12,,26869,14,,,1,10,,26894,14,,,1,12,,26876,14,,,1,12,,26879,14,,,1,52,,26870,14,,,1,10,,26907,14,,,1,10,,26891,14,,,1,10,,26933,14,,,1,10,,26887,14,,,1,12,,26873,14,,,1,52,,26925,14,,,1,11,,26909,14,,,1,11,,26934,14,,,1,10,,26871,14,,,1,19,,26878,14,,,1,59,,26882,14,,,1,20,,26899,14,,,1,20,,26886,14,,,1,60,,26920,14,,,1,20,,26938,14,,,1,21,,26872,14,,,1,60,,26874,14,,,1,19,,26881,14,,,1,65,,26896,14,,,1,25,,26927,14,,,1,23,,26939,14,,,1
10900,'CPSaturday',722,,27058,3,,,1,20,,27052,3,,,1,60,,27044,3,,,1,20,,27038,3,,,1,21,,27031,3,,,1,60,,27030,3,,,1,20,,27057,3,,,1,20,,27050,3,,,1,60,,27043,3,,,1,20,,27029,3,,,1,18,,27036,3,,,1,18,,27032,3,,,1,58,,27022,3,,,1,18,,27023,3,,,1,18,,27059,3,,,1,58,,27051,3,,,1,18,,27046,3,,,1,18,,27021,3,,,1,58,,27037,3,,,1,18,,27033,3,,,1,18,,27024,3,,,1,18,,27020,3,,,1,58,,27060,3,,,1,19,,27053,3,,,1,18,,27045,3,,,1,60,,27019,3,,,1,20,,27041,3,,,1,20,,27034,3,,,1,60,,27027,3,,,1,20,,27016,3,,,1,20,,27062,3,,,1,60,,27056,3,,,1,20,,27048,3,,,1,20,,27015,3,,,1,58,,27039,3,,,1,18,,27035,3,,,1,18,,27025,3,,,1,58,,27014,3,,,1,18,,27061,3,,,1,16,,27054,3,,,1,16,,27049,3,,,1,60,,27018,3,,,1,25,,27042,3,,,1,65,,27028,3,,,1,24,,27013,3,,,1,22,,27055,3,,,1,62,,27047,3,,,1,22,,27017,3,,,1,22,,27040,3,,,1,62,,27026,3,,,1,22,,27012,3,,,1
10900,'CPSunday',811,,27100,3,,,1,25,,27094,3,,,1,65,,27087,3,,,1,26,,27082,3,,,1,25,,27080,3,,,1,60,,27079,3,,,1,20,,27101,3,,,1,20,,27093,3,,,1,60,,27090,3,,,1,20,,27073,3,,,1,20,,27083,3,,,1,61,,27074,3,,,1,20,,27072,3,,,1,20,,27099,3,,,1,61,,27095,3,,,1,20,,27088,3,,,1,20,,27070,3,,,1,60,,27084,3,,,1,20,,27075,3,,,1,20,,27069,3,,,1,60,,27102,3,,,1,20,,27096,3,,,1,20,,27089,3,,,1,60,,27066,3,,,1,20,,27081,3,,,1,20,,27076,3,,,1,60,,27067,3,,,1,20,,27103,3,,,1,20,,27097,3,,,1,60,,27086,3,,,1,20,,27063,3,,,1,20,,27085,3,,,1,59,,27077,3,,,1,20,,27068,3,,,1,20,,27104,3,,,1,60,,27098,3,,,1,20,,27092,3,,,1,20,,27064,3,,,1,64,,27078,3,,,1,25,,27071,3,,,1,70,,27105,3,,,1,30,,27091,3,,,1,70,,27065,3,,,1
10900,'CPWeekday',522,,27106,3,,,1,25,,27107,3,,,1,65,,27108,3,,,1,15,,27109,3,,,1,15,,27110,3,,,1,15,,27111,3,,,1,56,,27112,3,,,1,15,,27113,3,,,1,15,,27114,3,,,1,15,,27115,3,,,1,56,,27116,3,,,1,15,,27117,3,,,1,15,,27118,3,,,1,15,,27119,3,,,1,54,,27120,3,,,1,15,,27121,3,,,1,15,,27122,3,,,1,15,,27123,3,,,1,54,,27124,3,,,1,15,,27125,3,,,1,15,,27126,3,,,1,15,,27127,3,,,1,55,,27128,3,,,1,15,,27129,3,,,1,15,,27130,3,,,1,15,,27131,3,,,1,56,,27132,3,,,1,15,,27133,3,,,1,15,,27134,3,,,1,15,,27135,3,,,1,56,,27136,3,,,1,15,,27137,3,,,1,16,,27138,3,,,1,55,,27139,3,,,1,15,,27140,3,,,1,15,,27141,3,,,1,15,,27142,3,,,1,55,,27143,3,,,1,16,,27144,3,,,1,10,,27145,3,,,1,10,,27146,3,,,1,10,,27147,3,,,1,10,,27148,3,,,1,50,,27149,3,,,1,10,,27150,3,,,1,9,,27151,3,,,1,9,,27152,3,,,1,9,,27153,3,,,1,9,,27154,3,,,1,49,,27155,3,,,1,9,,27156,3,,,1,10,,27157,3,,,1,9,,27158,3,,,1,8,,27159,3,,,1,8,,27160,3,,,1,9,,27161,3,,,1,49,,27162,3,,,1,8,,27163,3,,,1,9,,27164,3,,,1,9,,27165,3,,,1,9,,27166,3,,,1,9,,27167,3,,,1,9,,27168,3,,,1,49,,27169,3,,,1,9,,27170,3,,,1,15,,27171,3,,,1,15,,27172,3,,,1,15,,27173,3,,,1,55,,27174,3,,,1,15,,27175,3,,,1,15,,27176,3,,,1,15,,27177,3,,,1,53,,27178,3,,,1,15,,27179,3,,,1,15,,27180,3,,,1,15,,27181,3,,,1,55,,27182,3,,,1,18,,27183,3,,,1,20,,27184,3,,,1,60,,27185,3,,,1,20,,27186,3,,,1,22,,27187,3,,,1
13501,'CPWeekday',619,,27800,3,,,1,15,,27801,3,,,1,15,,27802,3,,,1,55,,27803,3,,,1,15,,27804,3,,,1,15,,27805,3,,,1,15,,27806,3,,,1,55,,27807,3,,,1,15,,27808,3,,,1,15,,27809,3,,,1,15,,27810,3,,,1,55,,27811,3,,,1,15,,27812,3,,,1,540,,27813,3,,,1,55,,27814,3,,,1,15,,27815,3,,,1,15,,27816,3,,,1,15,,27817,3,,,1,55,,27818,3,,,1,15,,27819,3,,,1,15,,27820,3,,,1,15,,27821,3,,,1,55,,27822,3,,,1,15,,27823,3,,,1,15,,27824,3,,,1,15,,27825,3,,,1,55,,27826,3,,,1
