1000,'CPHoliday1',824,,3207,45,,,1,31,,3206,45,,,1,72,,3205,45,,,1,73,,3204,45,,,1,33,,3203,45,,,1,73,,3202,45,,,1,36,,3201,45,,,1,75,,3200,45,,,1,35,,3199,45,,,1,75,,3198,45,,,1,76,,3197,45,,,1,35,,3196,45,,,1,77,,3195,45,,,1,35,,3194,45,,,1,75,,3193,45,,,1,75,,3192,45,,,1,36,,3188,45,,,1,74,,3190,45,,,1,36,,3187,45,,,1,75,,3186,45,,,1,33,,3185,45,,,1,74,,3191,45,,,1,74,,3184,45,,,1,34,,3182,45,,,1,73,,3181,45,,,1,31,,3189,45,,,1,72,,3183,45,,,1,30,,3180,45,,,1
1000,'CPSaturday',635,,3248,45,,,1,65,,3245,45,,,1,25,,3243,45,,,1,25,,3247,45,,,1,65,,3246,45,,,1,26,,3244,45,,,1,67,,3241,45,,,1,27,,3242,45,,,1,67,,3239,45,,,1,27,,3240,45,,,1,28,,3238,45,,,1,68,,3237,45,,,1,27,,3236,45,,,1,68,,3235,45,,,1,29,,3234,45,,,1,68,,3233,45,,,1,28,,3232,45,,,1,69,,3231,45,,,1,29,,3230,45,,,1,69,,3229,45,,,1,30,,3228,45,,,1,69,,3227,45,,,1,29,,3222,45,,,1,69,,3221,45,,,1,29,,3217,45,,,1,69,,3225,45,,,1,28,,3216,45,,,1,68,,3215,45,,,1,28,,3218,45,,,1,28,,3212,45,,,1,65,,3226,45,,,1,26,,3213,45,,,1,66,,3209,45,,,1,26,,3219,45,,,1,67,,3211,45,,,1,26,,3224,45,,,1,65,,3214,45,,,1,25,,3208,45,,,1,23,,3220,45,,,1,64,,3210,45,,,1,23,,3223,45,,,1
1000,'CPSunday',824,,3276,45,,,1,31,,3275,45,,,1,72,,3274,45,,,1,73,,3273,45,,,1,33,,3272,45,,,1,73,,3271,45,,,1,36,,3270,45,,,1,75,,3269,45,,,1,35,,3268,45,,,1,75,,3267,45,,,1,76,,3266,45,,,1,35,,3265,45,,,1,77,,3264,45,,,1,35,,3263,45,,,1,75,,3262,45,,,1,75,,3261,45,,,1,36,,3257,45,,,1,74,,3259,45,,,1,36,,3256,45,,,1,75,,3255,45,,,1,33,,3254,45,,,1,74,,3260,45,,,1,74,,3253,45,,,1,34,,3251,45,,,1,73,,3250,45,,,1,31,,3258,45,,,1,72,,3252,45,,,1,30,,3249,45,,,1
1000,'CPWeekday',533,,3324,45,,,1,21,,3323,45,,,1,62,,3325,45,,,1,26,,3326,45,,,1,63,,3322,45,,,1,24,,3321,45,,,1,26,,3320,45,,,1,66,,3318,45,,,1,26,,3319,45,,,1,66,,3317,45,,,1,26,,3316,45,,,1,66,,3314,45,,,1,25,,3315,45,,,1,24,,3313,45,,,1,65,,3312,45,,,1,25,,3311,45,,,1,65,,3310,45,,,1,25,,3309,45,,,1,25,,3308,45,,,1,65,,3307,45,,,1,25,,3306,45,,,1,66,,3305,45,,,1,27,,3303,45,,,1,58,,3277,45,,,1,7,,3304,45,,,1,27,,3297,45,,,1,25,,3294,45,,,1,61,,3293,45,,,1,21,,3301,45,,,1,62,,3292,45,,,1,23,,3290,45,,,1,24,,3288,45,,,1,64,,3289,45,,,1,25,,3287,45,,,1,20,,3285,45,,,1,59,,3300,45,,,1,21,,3296,45,,,1,20,,3284,45,,,1,61,,3283,45,,,1,22,,3286,45,,,1,63,,3282,45,,,1,34,,3298,45,,,1,70,,3295,45,,,1,32,,3279,45,,,1,73,,3280,45,,,1,31,,3299,45,,,1,70,,3291,45,,,1,29,,3278,45,,,1,69,,3281,45,,,1,25,,3302,45,,,1
3901,'CPHoliday1',740,,8414,39,,,1,80,,8409,39,,,1,80,,8403,39,,,1,42,,8400,39,,,1,82,,8415,39,,,1,83,,8412,39,,,1,44,,8404,39,,,1,86,,8399,39,,,1,85,,8416,39,,,1,85,,8410,39,,,1,44,,8405,39,,,1,86,,8398,39,,,1,85,,8417,39,,,1,86,,8411,39,,,1,45,,8406,39,,,1,84,,8397,39,,,1,84,,8418,39,,,1,82,,8407,39,,,1,41,,8402,39,,,1,82,,8396,39,,,1,78,,8413,39,,,1,40,,8408,39,,,1,76,,8401,39,,,1,30,,8395,39,,,1
3901,'CPSaturday',925,,8424,39,,,1,28,,8423,39,,,1,261,,8425,39,,,1,30,,8422,39,,,1,273,,8426,39,,,1,28,,8421,39,,,1,266,,8427,39,,,1,30,,8420,39,,,1,263,,8428,39,,,1,26,,8419,39,,,1
3901,'CPSunday',740,,8448,39,,,1,80,,8443,39,,,1,80,,8437,39,,,1,42,,8434,39,,,1,82,,8449,39,,,1,83,,8446,39,,,1,44,,8438,39,,,1,86,,8433,39,,,1,85,,8450,39,,,1,85,,8444,39,,,1,44,,8439,39,,,1,86,,8432,39,,,1,85,,8451,39,,,1,86,,8445,39,,,1,45,,8440,39,,,1,84,,8431,39,,,1,84,,8452,39,,,1,82,,8441,39,,,1,41,,8436,39,,,1,82,,8430,39,,,1,78,,8447,39,,,1,40,,8442,39,,,1,76,,8435,39,,,1,30,,8429,39,,,1
3901,'MASaturday',734,,8473,39,,,1,66,,8469,39,,,1,27,,8468,39,,,1,27,,8462,39,,,1,167,,8470,39,,,1,28,,8465,39,,,1,68,,8461,39,,,1,28,,8459,39,,,1,167,,8471,39,,,1,32,,8466,39,,,1,72,,8457,39,,,1,31,,8453,39,,,1,167,,8472,39,,,1,30,,8463,39,,,1,69,,8458,39,,,1,28,,8454,39,,,1,169,,8474,39,,,1,29,,8464,39,,,1,69,,8456,39,,,1,28,,8455,39,,,1,118,,8475,39,,,1,62,,8467,39,,,1,20,,8460,39,,,1
3901,'MAWeekday',505,,8476,40,,,1,17,,8477,40,,,1,16,,8478,40,,,1,17,,8479,40,,,1,57,,8480,40,,,1,19,,8481,40,,,1,21,,8482,40,,,1,65,,8483,40,,,1,24,,8484,40,,,1,66,,8485,40,,,1,22,,8486,40,,,1,21,,8487,40,,,1,58,,8488,40,,,1,19,,8489,40,,,1,19,,8490,40,,,1,62,,8491,39,,,1,34,,8492,39,,,1,76,,8493,39,,,1,35,,8494,39,,,1,75,,8495,39,,,1,75,,8496,39,,,1,35,,8497,39,,,1,79,,8498,39,,,1,25,,8499,40,,,1,65,,8500,40,,,1,20,,8501,40,,,1,22,,8502,40,,,1,64,,8503,40,,,1,21,,8504,40,,,1,24,,8505,40,,,1,62,,8506,40,,,1,22,,8507,40,,,1,17,,8508,40,,,1,55,,8509,40,,,1,16,,8510,40,,,1,18,,8511,40,,,1,59,,8512,40,,,1,18,,8513,40,,,1,21,,8514,40,,,1,60,,8515,39,,,1,21,,8516,39,,,1,32,,8517,39,,,1,79,,8518,39,,,1,77,,8519,39,,,1,38,,8520,39,,,1,77,,8521,39,,,1,76,,8522,39,,,1,36,,8523,39,,,1,78,,8524,39,,,1
4300,'CPWeekday',524,,9068,43,,,1,80,,9075,43,,,1,41,,9071,43,,,1,80,,9073,43,,,1,80,,9069,43,,,1,40,,9076,43,,,1,80,,9072,43,,,1,76,,9074,43,,,1,40,,9070,43,,,1
