900,'CPHoliday1',653,,2933,1,,,1,88,,2932,1,,,1,86,,2931,1,,,1,91,,2930,1,,,1,89,,2927,1,,,1,34,,2923,1,,,1,72,,2922,1,,,1,35,,2928,1,,,1,80,,2918,1,,,1,72,,2921,1,,,1,37,,2926,1,,,1,78,,2919,1,,,1,38,,2914,1,,,1,78,,2924,1,,,1,78,,2912,1,,,1,37,,2916,1,,,1,77,,2929,1,,,1,77,,2911,1,,,1,37,,2915,1,,,1,76,,2925,1,,,1,36,,2910,1,,,1,89,,2920,1,,,1,90,,2909,1,,,1,89,,2917,1,,,1,89,,2908,1,,,1,48,,2913,1,,,1
900,'CPSaturday',643,,2966,1,,,1,72,,2964,1,,,1,34,,2965,1,,,1,72,,2963,1,,,1,34,,2952,1,,,1,73,,2953,1,,,1,75,,2955,1,,,1,35,,2943,1,,,1,75,,2942,1,,,1,35,,2957,1,,,1,77,,2949,1,,,1,77,,2941,1,,,1,38,,2960,1,,,1,79,,2946,1,,,1,39,,2940,1,,,1,79,,2959,1,,,1,79,,2948,1,,,1,39,,2939,1,,,1,76,,2956,1,,,1,79,,2945,1,,,1,36,,2938,1,,,1,76,,2954,1,,,1,37,,2950,1,,,1,74,,2936,1,,,1,74,,2958,1,,,1,34,,2944,1,,,1,74,,2937,1,,,1,34,,2961,1,,,1,74,,2947,1,,,1,32,,2935,1,,,1,71,,2962,1,,,1,31,,2951,1,,,1
900,'CPSunday',653,,2995,1,,,1,88,,2994,1,,,1,86,,2993,1,,,1,91,,2992,1,,,1,89,,2989,1,,,1,34,,2985,1,,,1,72,,2984,1,,,1,35,,2990,1,,,1,80,,2980,1,,,1,72,,2983,1,,,1,37,,2988,1,,,1,78,,2981,1,,,1,38,,2976,1,,,1,78,,2986,1,,,1,78,,2974,1,,,1,37,,2978,1,,,1,77,,2991,1,,,1,77,,2973,1,,,1,37,,2977,1,,,1,76,,2987,1,,,1,36,,2972,1,,,1,89,,2982,1,,,1,90,,2971,1,,,1,89,,2979,1,,,1,89,,2970,1,,,1,48,,2975,1,,,1
900,'CPWeekday',413,,3039,1,,,1,21,,3043,1,,,1,20,,3041,1,,,1,60,,3044,1,,,1,20,,3045,1,,,1,20,,3040,1,,,1,63,,3042,1,,,1,23,,3033,1,,,1,63,,3035,1,,,1,21,,3038,1,,,1,23,,3032,1,,,1,65,,3034,1,,,1,25,,3036,1,,,1,65,,3037,1,,,1,22,,3030,1,,,1,21,,3027,1,,,1,67,,3028,1,,,1,28,,3029,1,,,1,70,,3031,1,,,1,30,,3023,1,,,1,70,,3024,1,,,1,30,,3025,1,,,1,70,,3026,1,,,1,30,,3021,1,,,1,70,,3022,1,,,1,30,,3020,1,,,1,66,,3019,1,,,1,23,,3018,1,,,1,22,,3017,1,,,1,70,,3016,1,,,1,29,,3015,1,,,1,70,,3014,1,,,1,19,,3013,1,,,1,63,,3012,1,,,1,30,,3011,1,,,1,69,,3006,1,,,1,27,,3005,1,,,1,26,,3004,1,,,1,66,,3007,1,,,1,29,,3003,1,,,1,67,,3001,1,,,1,27,,2998,1,,,1,67,,3008,1,,,1,27,,3002,1,,,1,67,,3000,1,,,1,27,,2997,1,,,1,71,,3009,1,,,1,46,,2999,1,,,1,86,,3010,1,,,1
901,'CPHoliday1',648,,3070,43,4,,1,87,,3069,43,4,,1,88,,3068,43,4,,1,91,,3067,43,4,,1,89,,3061,43,4,,1,50,,3060,43,4,,1,88,,3066,43,4,,1,79,,3057,43,4,,1,36,,3055,43,4,,1,76,,3065,43,4,,1,77,,3058,43,4,,1,37,,3059,43,4,,1,79,,3062,43,4,,1,78,,3050,43,4,,1,37,,3051,43,4,,1,77,,3064,43,4,,1,37,,3049,43,4,,1,76,,3053,43,4,,1,77,,3063,43,4,,1,37,,3048,43,4,,1,85,,3052,43,4,,1,92,,3047,43,4,,1,90,,3054,43,4,,1,48,,3046,43,4,,1,89,,3056,43,4,,1
901,'CPSaturday',638,,3104,43,4,,1,72,,3105,43,4,,1,33,,3103,43,4,,1,73,,3101,43,4,,1,33,,3102,43,4,,1,74,,3090,43,4,,1,34,,3098,43,4,,1,76,,3089,43,4,,1,73,,3081,43,4,,1,35,,3092,43,4,,1,77,,3085,43,4,,1,39,,3078,43,4,,1,78,,3093,43,4,,1,78,,3084,43,4,,1,37,,3077,43,4,,1,80,,3094,43,4,,1,79,,3086,43,4,,1,39,,3076,43,4,,1,78,,3095,43,4,,1,78,,3087,43,4,,1,35,,3075,43,4,,1,77,,3096,43,4,,1,35,,3079,43,4,,1,75,,3074,43,4,,1,75,,3097,43,4,,1,34,,3082,43,4,,1,73,,3073,43,4,,1,34,,3099,43,4,,1,73,,3080,43,4,,1,33,,3072,43,4,,1,72,,3091,43,4,,1,31,,3083,43,4,,1,69,,3071,43,4,,1,26,,3100,43,4,,1,67,,3088,43,4,,1
901,'CPSunday',648,,3130,43,4,,1,87,,3129,43,4,,1,88,,3128,43,4,,1,91,,3127,43,4,,1,89,,3121,43,4,,1,50,,3120,43,4,,1,88,,3126,43,4,,1,79,,3117,43,4,,1,36,,3115,43,4,,1,76,,3125,43,4,,1,77,,3118,43,4,,1,37,,3119,43,4,,1,79,,3122,43,4,,1,78,,3110,43,4,,1,37,,3111,43,4,,1,77,,3124,43,4,,1,37,,3109,43,4,,1,76,,3113,43,4,,1,77,,3123,43,4,,1,37,,3108,43,4,,1,85,,3112,43,4,,1,92,,3107,43,4,,1,90,,3114,43,4,,1,48,,3106,43,4,,1,89,,3116,43,4,,1
901,'CPWeekday',542,,3175,44,4,,1,69,,3176,44,4,,1,23,,3177,44,4,,1,23,,3178,44,4,,1,62,,3179,44,4,,1,22,,3169,44,4,,1,62,,3171,44,4,,1,25,,3173,44,4,,1,27,,3172,44,4,,1,62,,3174,44,4,,1,25,,3170,44,4,,1,65,,3164,44,4,,1,26,,3167,44,4,,1,24,,3166,44,4,,1,60,,3168,44,4,,1,19,,3163,44,4,,1,69,,3165,44,4,,1,30,,3161,44,4,,1,70,,3162,44,4,,1,31,,3159,44,4,,1,70,,3160,44,4,,1,29,,3158,44,4,,1,20,,3157,44,4,,1,60,,3156,44,4,,1,27,,3155,44,4,,1,69,,3154,44,4,,1,30,,3153,44,4,,1,71,,3152,44,4,,1,22,,3151,44,4,,1,23,,3150,44,4,,1,67,,3149,44,4,,1,27,,3148,44,4,,1,68,,3147,44,4,,1,24,,3141,44,4,,1,63,,3142,44,4,,1,27,,3138,44,4,,1,68,,3137,44,4,,1,28,,3136,44,4,,1,29,,3143,44,4,,1,68,,3139,44,4,,1,27,,3133,44,4,,1,65,,3132,44,4,,1,27,,3144,44,4,,1,63,,3140,44,4,,1,26,,3134,44,4,,1,24,,3131,44,4,,1,66,,3145,44,4,,1,84,,3135,44,4,,1,44,,3146,44,4,,1
3500,'CPHoliday1',622,,7397,1,,,1,19,,7391,1,,,1,59,,7386,1,,,1,20,,7387,1,,,1,20,,7388,1,,,1,60,,7389,1,,,1,20,,7390,1,,,1,21,,7393,1,,,1,62,,7385,1,,,1,23,,7381,1,,,1,23,,7382,1,,,1,62,,7384,1,,,1,22,,7383,1,,,1,23,,7379,1,,,1,63,,7395,1,,,1,23,,7380,1,,,1,63,,7376,1,,,1,24,,7377,1,,,1,24,,7378,1,,,1,64,,7373,1,,,1,22,,7374,1,,,1,64,,7392,1,,,1,24,,7375,1,,,1,24,,7372,1,,,1,64,,7369,1,,,1,24,,7371,1,,,1,63,,7370,1,,,1,24,,7368,1,,,1,24,,7394,1,,,1,64,,7367,1,,,1,24,,7366,1,,,1,64,,7365,1,,,1,23,,7364,1,,,1,23,,7362,1,,,1,63,,7360,1,,,1,23,,7396,1,,,1,24,,7363,1,,,1,63,,7358,1,,,1,23,,7356,1,,,1,61,,7355,1,,,1,22,,7353,1,,,1,21,,7354,1,,,1,57,,7398,1,,,1,23,,7361,1,,,1,21,,7359,1,,,1,61,,7357,1,,,1,19,,7352,1,,,1
3500,'CPSaturday',507,,7454,1,,,1,20,,7453,1,,,1,20,,7452,1,,,1,60,,7449,1,,,1,20,,7447,1,,,1,20,,7451,1,,,1,60,,7450,1,,,1,23,,7448,1,,,1,23,,7442,1,,,1,63,,7443,1,,,1,23,,7444,1,,,1,63,,7446,1,,,1,24,,7445,1,,,1,24,,7440,1,,,1,66,,7437,1,,,1,24,,7438,1,,,1,64,,7439,1,,,1,24,,7441,1,,,1,24,,7436,1,,,1,64,,7433,1,,,1,26,,7434,1,,,1,64,,7435,1,,,1,18,,7431,1,,,1,18,,7432,1,,,1,58,,7430,1,,,1,18,,7429,1,,,1,16,,7427,1,,,1,16,,7428,1,,,1,57,,7426,1,,,1,17,,7424,1,,,1,16,,7423,1,,,1,16,,7422,1,,,1,56,,7425,1,,,1,16,,7420,1,,,1,16,,7421,1,,,1,56,,7416,1,,,1,16,,7413,1,,,1,16,,7414,1,,,1,16,,7404,1,,,1,56,,7410,1,,,1,16,,7403,1,,,1,18,,7405,1,,,1,62,,7406,1,,,1,25,,7409,1,,,1,25,,7419,1,,,1,65,,7402,1,,,1,22,,7415,1,,,1,22,,7411,1,,,1,62,,7400,1,,,1,24,,7407,1,,,1,64,,7401,1,,,1,22,,7417,1,,,1,22,,7399,1,,,1,81,,7412,1,,,1,81,,7408,1,,,1,38,,7418,1,,,1
3500,'CPSunday',622,,7500,1,,,1,19,,7494,1,,,1,59,,7489,1,,,1,20,,7490,1,,,1,20,,7491,1,,,1,60,,7492,1,,,1,20,,7493,1,,,1,21,,7496,1,,,1,62,,7488,1,,,1,23,,7484,1,,,1,23,,7485,1,,,1,62,,7487,1,,,1,22,,7486,1,,,1,23,,7482,1,,,1,63,,7498,1,,,1,23,,7483,1,,,1,63,,7479,1,,,1,24,,7480,1,,,1,24,,7481,1,,,1,64,,7476,1,,,1,22,,7477,1,,,1,64,,7495,1,,,1,24,,7478,1,,,1,24,,7475,1,,,1,64,,7472,1,,,1,24,,7474,1,,,1,63,,7473,1,,,1,24,,7471,1,,,1,24,,7497,1,,,1,64,,7470,1,,,1,24,,7469,1,,,1,64,,7468,1,,,1,23,,7467,1,,,1,23,,7465,1,,,1,63,,7463,1,,,1,23,,7499,1,,,1,24,,7466,1,,,1,63,,7461,1,,,1,23,,7459,1,,,1,61,,7458,1,,,1,22,,7456,1,,,1,21,,7457,1,,,1,57,,7501,1,,,1,23,,7464,1,,,1,21,,7462,1,,,1,61,,7460,1,,,1,19,,7455,1,,,1
3500,'CPWeekday',355,,7582,1,,,1,60,,7583,1,,,1,20,,7581,1,,,1,20,,7578,1,,,1,60,,7577,1,,,1,14,,7579,1,,,1,14,,7571,1,,,1,12,,7570,1,,,1,52,,7569,1,,,1,12,,7573,1,,,1,12,,7563,1,,,1,12,,7567,1,,,1,12,,7568,1,,,1,52,,7555,1,,,1,12,,7552,1,,,1,12,,7556,1,,,1,12,,7543,1,,,1,12,,7545,1,,,1,52,,7580,1,,,1,12,,7550,1,,,1,12,,7554,1,,,1,14,,7542,1,,,1,55,,7562,1,,,1,15,,7572,1,,,1,15,,7537,1,,,1,15,,7544,1,,,1,55,,7538,1,,,1,15,,7536,1,,,1,15,,7534,1,,,1,15,,7535,1,,,1,55,,7532,1,,,1,15,,7553,1,,,1,15,,7529,1,,,1,15,,7564,1,,,1,55,,7574,1,,,1,15,,7530,1,,,1,15,,7547,1,,,1,15,,7541,1,,,1,55,,7522,1,,,1,15,,7523,1,,,1,15,,7525,1,,,1,15,,7519,1,,,1,55,,7557,1,,,1,15,,7518,1,,,1,15,,7566,1,,,1,15,,7517,1,,,1,55,,7576,1,,,1,13,,7531,1,,,1,12,,7546,1,,,1,12,,7512,1,,,1,12,,7540,1,,,1,52,,7521,1,,,1,12,,7516,1,,,1,12,,7511,1,,,1,12,,7526,1,,,1,12,,7509,1,,,1,52,,7510,1,,,1,12,,7558,1,,,1,12,,7520,1,,,1,12,,7507,1,,,1,12,,7565,1,,,1,52,,7506,1,,,1,12,,7575,1,,,1,12,,7533,1,,,1,14,,7551,1,,,1,16,,7539,1,,,1,56,,7513,1,,,1,16,,7505,1,,,1,16,,7528,1,,,1,16,,7508,1,,,1,56,,7561,1,,,1,18,,7504,1,,,1,20,,7503,1,,,1,70,,7548,1,,,1,30,,7514,1,,,1,70,,7524,1,,,1,30,,7559,1,,,1,68,,7502,1,,,1,28,,7549,1,,,1,68,,7515,1,,,1,28,,7527,1,,,1,65,,7560,1,,,1
3501,'CPHoliday1',823,,7627,59,4,,1,25,,7623,59,4,,1,64,,7621,59,4,,1,23,,7622,59,4,,1,23,,7618,59,4,,1,61,,7617,59,4,,1,24,,7619,59,4,,1,63,,7630,59,4,,1,24,,7620,59,4,,1,23,,7612,59,4,,1,64,,7613,59,4,,1,25,,7615,59,4,,1,64,,7614,59,4,,1,22,,7616,59,4,,1,23,,7625,59,4,,1,64,,7611,59,4,,1,25,,7606,59,4,,1,64,,7607,59,4,,1,22,,7608,59,4,,1,22,,7609,59,4,,1,65,,7610,59,4,,1,23,,7628,59,4,,1,64,,7605,59,4,,1,24,,7604,59,4,,1,24,,7602,59,4,,1,63,,7603,59,4,,1,24,,7601,59,4,,1,24,,7600,59,4,,1,63,,7626,59,4,,1,25,,7599,59,4,,1,61,,7596,59,4,,1,23,,7595,59,4,,1,23,,7594,59,4,,1,62,,7591,59,4,,1,19,,7590,59,4,,1,20,,7629,59,4,,1,61,,7598,59,4,,1,22,,7592,59,4,,1,21,,7589,59,4,,1,57,,7587,59,4,,1,17,,7586,59,4,,1,19,,7585,59,4,,1,57,,7624,59,4,,1,17,,7597,59,4,,1,18,,7593,59,4,,1,59,,7588,59,4,,1
3501,'CPSaturday',715,,7682,59,4,,1,24,,7683,59,4,,1,66,,7684,59,4,,1,24,,7685,59,4,,1,22,,7679,59,4,,1,63,,7681,59,4,,1,25,,7680,59,4,,1,65,,7678,59,4,,1,23,,7677,59,4,,1,24,,7673,59,4,,1,64,,7672,59,4,,1,25,,7675,59,4,,1,64,,7676,59,4,,1,26,,7674,59,4,,1,26,,7671,59,4,,1,68,,7668,59,4,,1,25,,7670,59,4,,1,67,,7669,59,4,,1,24,,7666,59,4,,1,17,,7667,59,4,,1,54,,7665,59,4,,1,15,,7664,59,4,,1,15,,7663,59,4,,1,16,,7662,59,4,,1,56,,7660,59,4,,1,17,,7659,59,4,,1,17,,7658,59,4,,1,57,,7657,59,4,,1,16,,7655,59,4,,1,16,,7654,59,4,,1,17,,7653,59,4,,1,57,,7649,59,4,,1,16,,7646,59,4,,1,15,,7645,59,4,,1,15,,7661,59,4,,1,54,,7639,59,4,,1,14,,7656,59,4,,1,16,,7650,59,4,,1,16,,7636,59,4,,1,56,,7647,59,4,,1,14,,7638,59,4,,1,23,,7637,59,4,,1,62,,7640,59,4,,1,22,,7641,59,4,,1,21,,7634,59,4,,1,64,,7652,59,4,,1,20,,7633,59,4,,1,20,,7648,59,4,,1,61,,7643,59,4,,1,21,,7632,59,4,,1,62,,7642,59,4,,1,20,,7635,59,4,,1,16,,7651,59,4,,1,18,,7631,59,4,,1,75,,7644,59,4,,1
3501,'CPSunday',823,,7728,59,4,,1,25,,7724,59,4,,1,64,,7722,59,4,,1,23,,7723,59,4,,1,23,,7719,59,4,,1,61,,7718,59,4,,1,24,,7720,59,4,,1,63,,7731,59,4,,1,24,,7721,59,4,,1,23,,7713,59,4,,1,64,,7714,59,4,,1,25,,7716,59,4,,1,64,,7715,59,4,,1,22,,7717,59,4,,1,23,,7726,59,4,,1,64,,7712,59,4,,1,25,,7707,59,4,,1,64,,7708,59,4,,1,22,,7709,59,4,,1,22,,7710,59,4,,1,65,,7711,59,4,,1,23,,7729,59,4,,1,64,,7706,59,4,,1,24,,7705,59,4,,1,24,,7703,59,4,,1,63,,7704,59,4,,1,24,,7702,59,4,,1,24,,7701,59,4,,1,63,,7727,59,4,,1,25,,7700,59,4,,1,61,,7697,59,4,,1,23,,7696,59,4,,1,23,,7695,59,4,,1,62,,7692,59,4,,1,19,,7691,59,4,,1,20,,7730,59,4,,1,61,,7699,59,4,,1,22,,7693,59,4,,1,21,,7690,59,4,,1,57,,7688,59,4,,1,17,,7687,59,4,,1,19,,7686,59,4,,1,57,,7725,59,4,,1,17,,7698,59,4,,1,18,,7694,59,4,,1,59,,7689,59,4,,1
3501,'CPWeekday',507,,7818,59,4,,1,21,,7817,59,4,,1,20,,7813,59,4,,1,59,,7814,59,4,,1,15,,7812,59,4,,1,15,,7806,59,4,,1,12,,7809,59,4,,1,53,,7805,59,4,,1,16,,7803,59,4,,1,12,,7804,59,4,,1,12,,7796,59,4,,1,14,,7815,59,4,,1,53,,7797,59,4,,1,13,,7794,59,4,,1,13,,7793,59,4,,1,11,,7799,59,4,,1,12,,7808,59,4,,1,52,,7785,59,4,,1,12,,7779,59,4,,1,11,,7778,59,4,,1,11,,7777,59,4,,1,12,,7775,59,4,,1,51,,7776,59,4,,1,11,,7770,59,4,,1,12,,7773,59,4,,1,11,,7816,59,4,,1,12,,7768,59,4,,1,52,,7787,59,4,,1,15,,7767,59,4,,1,14,,7798,59,4,,1,15,,7807,59,4,,1,55,,7763,59,4,,1,16,,7780,59,4,,1,15,,7769,59,4,,1,15,,7762,59,4,,1,55,,7761,59,4,,1,16,,7755,59,4,,1,15,,7754,59,4,,1,15,,7788,59,4,,1,56,,7752,59,4,,1,15,,7802,59,4,,1,16,,7810,59,4,,1,16,,7764,59,4,,1,57,,7781,59,4,,1,15,,7771,59,4,,1,15,,7751,59,4,,1,16,,7744,59,4,,1,57,,7759,59,4,,1,15,,7745,59,4,,1,12,,7742,59,4,,1,12,,7789,59,4,,1,53,,7750,59,4,,1,12,,7743,59,4,,1,12,,7800,59,4,,1,12,,7740,59,4,,1,13,,7811,59,4,,1,51,,7765,59,4,,1,11,,7786,59,4,,1,12,,7738,59,4,,1,12,,7774,59,4,,1,11,,7753,59,4,,1,52,,7746,59,4,,1,12,,7739,59,4,,1,11,,7756,59,4,,1,8,,7737,59,4,,1,11,,7741,59,4,,1,13,,7792,59,4,,1,53,,7736,59,4,,1,14,,7801,59,4,,1,13,,7735,59,4,,1,16,,7766,59,4,,1,55,,7782,59,4,,1,15,,7772,59,4,,1,14,,7749,59,4,,1,15,,7734,59,4,,1,60,,7760,59,4,,1,28,,7790,59,4,,1,67,,7732,59,4,,1,28,,7783,59,4,,1,67,,7748,59,4,,1,31,,7757,59,4,,1,68,,7791,59,4,,1,28,,7733,59,4,,1,27,,7784,59,4,,1,67,,7747,59,4,,1,24,,7758,59,4,,1,64,,7795,59,4,,1
