701,'CPWeekday',235,,30425,30,,,1,77,,30426,30,,,1,46,,30427,30,,,1,81,,30428,30,,,1,67,,30438,30,,,1,24,,30435,30,,,1,174,,30429,30,,,1,42,,30437,30,,,1,63,,30436,30,,,1,132,,30430,30,,,1,278,,30431,30,,,1,284,,30432,30,,,1,299,,30433,30,,,1,241,,30434,30,,,1
701,'MAHoliday1',434,,30439,30,,,1,80,,30440,30,,,1,23,,30441,30,,,1,22,,30442,30,,,1,61,,30443,30,,,1,23,,30444,30,,,1,62,,30445,30,,,1,23,,30446,30,,,1,22,,30447,30,,,1,62,,30448,30,,,1,23,,30449,30,,,1,21,,30450,30,,,1,62,,30451,30,,,1,23,,30452,30,,,1,62,,30453,30,,,1,22,,30454,30,,,1,21,,30455,30,,,1,63,,30456,30,,,1,21,,30457,30,,,1,24,,30458,30,,,1,65,,30459,30,,,1,24,,30460,30,,,1,64,,30461,30,,,1,24,,30462,30,,,1,24,,30463,30,,,1,65,,30464,30,,,1,24,,30465,30,,,1,64,,30466,30,,,1,24,,30467,30,,,1,23,,30468,30,,,1,64,,30469,30,,,1,24,,30470,30,,,1,64,,30471,30,,,1,24,,30472,30,,,1,24,,30473,30,,,1,62,,30474,30,,,1,24,,30475,30,,,1,64,,30476,30,,,1,23,,30477,30,,,1,24,,30478,30,,,1,61,,30479,30,,,1,22,,30480,30,,,1,22,,30481,30,,,1,63,,30482,30,,,1,23,,30483,30,,,1,62,,30484,30,,,1,22,,30485,30,,,1,22,,30486,30,,,1,61,,30487,30,,,1,22,,30488,30,,,1,20,,30489,30,,,1,59,,30490,30,,,1
701,'MASaturday',427,,30491,30,,,1,20,,30492,30,,,1,60,,30493,30,,,1,22,,30494,30,,,1,21,,30495,30,,,1,62,,30496,30,,,1,23,,30497,30,,,1,24,,30498,30,,,1,63,,30499,30,,,1,22,,30500,30,,,1,61,,30501,30,,,1,21,,30502,30,,,1,23,,30503,30,,,1,66,,30504,30,,,1,24,,30505,30,,,1,65,,30506,30,,,1,27,,30507,30,,,1,25,,30508,30,,,1,63,,30509,30,,,1,25,,30510,30,,,1,65,,30511,30,,,1,24,,30512,30,,,1,25,,30513,30,,,1,66,,30514,30,,,1,25,,30515,30,,,1,65,,30516,30,,,1,24,,30517,30,,,1,66,,30518,30,,,1,25,,30519,30,,,1,25,,30520,30,,,1,65,,30521,30,,,1,25,,30522,30,,,1,65,,30523,30,,,1,24,,30524,30,,,1,23,,30525,30,,,1,64,,30526,30,,,1,25,,30527,30,,,1,65,,30528,30,,,1,24,,30529,30,,,1,22,,30530,30,,,1,62,,30531,30,,,1,22,,30532,30,,,1,60,,30533,30,,,1,21,,30534,30,,,1,23,,30535,30,,,1,63,,30536,30,,,1,23,,30537,30,,,1,22,,30538,30,,,1,61,,30539,30,,,1,20,,30540,30,,,1,20,,30541,30,,,1,60,,30542,30,,,1,21,,30543,30,,,1,21,,30544,30,,,1,60,,30545,30,,,1
701,'MASunday',434,,30546,30,,,1,80,,30547,30,,,1,23,,30548,30,,,1,22,,30549,30,,,1,61,,30550,30,,,1,23,,30551,30,,,1,62,,30552,30,,,1,23,,30553,30,,,1,22,,30554,30,,,1,62,,30555,30,,,1,23,,30556,30,,,1,21,,30557,30,,,1,62,,30558,30,,,1,23,,30559,30,,,1,62,,30560,30,,,1,22,,30561,30,,,1,21,,30562,30,,,1,63,,30563,30,,,1,21,,30564,30,,,1,24,,30565,30,,,1,65,,30566,30,,,1,24,,30567,30,,,1,64,,30568,30,,,1,24,,30569,30,,,1,24,,30570,30,,,1,65,,30571,30,,,1,24,,30572,30,,,1,64,,30573,30,,,1,24,,30574,30,,,1,23,,30575,30,,,1,64,,30576,30,,,1,24,,30577,30,,,1,64,,30578,30,,,1,24,,30579,30,,,1,24,,30580,30,,,1,62,,30581,30,,,1,24,,30582,30,,,1,64,,30583,30,,,1,23,,30584,30,,,1,24,,30585,30,,,1,61,,30586,30,,,1,22,,30587,30,,,1,22,,30588,30,,,1,63,,30589,30,,,1,23,,30590,30,,,1,62,,30591,30,,,1,22,,30592,30,,,1,22,,30593,30,,,1,61,,30594,30,,,1,22,,30595,30,,,1,20,,30596,30,,,1,59,,30597,30,,,1
701,'MAWeekday',552,,30598,30,,,1,63,,30599,30,,,1,27,,30635,30,,,1,83,,30600,30,,,1,106,,30601,30,,,1,24,,30602,30,,,1,63,,30634,30,,,1,92,,30603,30,,,1,28,,30636,30,,,1,65,,30604,30,,,1,26,,30605,30,,,1,25,,30606,30,,,1,91,,30607,30,,,1,64,,30608,30,,,1,19,,30637,30,,,1,20,,30609,30,,,1,64,,30610,30,,,1,25,,30611,30,,,1,91,,30612,30,,,1,28,,30613,30,,,1,67,,30614,30,,,1,25,,30615,30,,,1,65,,30616,30,,,1,26,,30617,30,,,1,88,,30618,30,,,1,23,,30619,30,,,1,64,,30620,30,,,1,23,,30621,30,,,1,63,,30622,30,,,1,20,,30623,30,,,1,86,,30624,30,,,1,22,,30625,30,,,1,22,,30626,30,,,1,75,,30627,30,,,1,33,,30628,30,,,1,73,,30629,30,,,1,76,,30630,30,,,1,37,,30631,30,,,1,73,,30632,30,,,1,37,,30633,30,,,1
3901,'CPHoliday1',707,,36282,4,,,1,40,,36277,4,,,1,80,,36271,4,,,1,80,,36268,4,,,1,42,,36283,4,,,1,82,,36280,4,,,1,84,,36272,4,,,1,85,,36267,4,,,1,45,,36284,4,,,1,85,,36278,4,,,1,85,,36273,4,,,1,85,,36266,4,,,1,45,,36285,4,,,1,86,,36279,4,,,1,85,,36274,4,,,1,85,,36265,4,,,1,45,,36286,4,,,1,83,,36275,4,,,1,82,,36270,4,,,1,42,,36264,4,,,1,80,,36281,4,,,1,80,,36276,4,,,1,36,,36269,4,,,1,70,,36263,4,,,1
3901,'CPSaturday',918,,36291,4,,,1,288,,36290,4,,,1,229,,36292,4,,,1,70,,36289,4,,,1,230,,36293,4,,,1,70,,36288,4,,,1,227,,36294,4,,,1,26,,36287,4,,,1
3901,'CPSunday',707,,36314,4,,,1,40,,36309,4,,,1,80,,36303,4,,,1,80,,36300,4,,,1,42,,36315,4,,,1,82,,36312,4,,,1,84,,36304,4,,,1,85,,36299,4,,,1,45,,36316,4,,,1,85,,36310,4,,,1,85,,36305,4,,,1,85,,36298,4,,,1,45,,36317,4,,,1,86,,36311,4,,,1,85,,36306,4,,,1,85,,36297,4,,,1,45,,36318,4,,,1,83,,36307,4,,,1,82,,36302,4,,,1,42,,36296,4,,,1,80,,36313,4,,,1,80,,36308,4,,,1,36,,36301,4,,,1,70,,36295,4,,,1
3901,'MASaturday',705,,36339,4,,,1,25,,36335,4,,,1,26,,36334,4,,,1,66,,36328,4,,,1,28,,36343,4,,,1,96,,36336,4,,,1,68,,36331,4,,,1,28,,36327,4,,,1,68,,36325,4,,,1,28,,36342,4,,,1,96,,36337,4,,,1,70,,36332,4,,,1,31,,36323,4,,,1,70,,36319,4,,,1,130,,36338,4,,,1,70,,36329,4,,,1,30,,36324,4,,,1,70,,36320,4,,,1,130,,36340,4,,,1,70,,36330,4,,,1,29,,36322,4,,,1,70,,36321,4,,,1,120,,36341,4,,,1,25,,36333,4,,,1,60,,36326,4,,,1
3901,'MAWeekday',437,,36344,4,,,1,15,,36345,4,,,1,55,,36346,4,,,1,15,,36347,4,,,1,16,,36348,4,,,1,18,,36349,4,,,1,60,,36350,4,,,1,21,,36351,4,,,1,64,,36352,4,,,1,24,,36353,4,,,1,23,,36354,4,,,1,60,,36355,4,,,1,19,,36356,4,,,1,19,,36357,4,,,1,62,,36358,4,,,1,24,,36359,4,,,1,76,,36360,4,,,1,36,,36361,4,,,1,75,,36362,4,,,1,36,,36363,4,,,1,76,,36364,4,,,1,75,,36365,4,,,1,36,,36366,4,,,1,61,,36367,4,,,1,22,,36368,4,,,1,20,,36369,4,,,1,61,,36370,4,,,1,21,,36371,4,,,1,21,,36372,4,,,1,61,,36373,4,,,1,22,,36374,4,,,1,22,,36375,4,,,1,60,,36376,4,,,1,17,,36377,4,,,1,18,,36378,4,,,1,59,,36379,4,,,1,20,,36380,4,,,1,19,,36381,4,,,1,62,,36382,4,,,1,22,,36383,4,,,1,23,,36384,4,,,1,72,,36385,4,,,1,79,,36386,4,,,1,39,,36387,4,,,1,78,,36388,4,,,1,38,,36389,4,,,1,78,,36390,4,,,1,78,,36391,4,,,1,38,,36392,4,,,1
4300,'CPWeekday',452,,36936,5,,,1,80,,36943,5,,,1,80,,36939,5,,,1,40,,36941,5,,,1,80,,36937,5,,,1,80,,36944,5,,,1,40,,36940,5,,,1,80,,36942,5,,,1,80,,36938,5,,,1
