4500,'CPHoliday1',817,,23245,19,,,1,35,,23246,19,,,1,75,,23247,19,,,1,75,,23248,19,,,1,36,,23249,19,,,1,75,,23250,19,,,1,40,,23251,19,,,1,80,,23252,19,,,1,81,,23253,19,,,1,40,,23254,19,,,1,81,,23255,19,,,1,80,,23256,19,,,1,40,,23257,19,,,1,80,,23258,19,,,1,80,,23259,19,,,1,38,,23260,19,,,1,80,,23261,19,,,1,80,,23262,19,,,1,40,,23263,19,,,1,80,,23264,19,,,1,79,,23265,19,,,1,35,,23266,19,,,1,75,,23267,19,,,1
4500,'CPSaturday',643,,23268,19,,,1,75,,23269,19,,,1,35,,23270,19,,,1,75,,23271,19,,,1,80,,23272,19,,,1,40,,23273,19,,,1,80,,23274,19,,,1,80,,23275,19,,,1,40,,23276,19,,,1,83,,23277,19,,,1,83,,23278,19,,,1,42,,23279,19,,,1,82,,23280,19,,,1,83,,23281,19,,,1,82,,23282,19,,,1,42,,23283,19,,,1,82,,23284,19,,,1,82,,23285,19,,,1,41,,23286,19,,,1,80,,23287,19,,,1,78,,23288,19,,,1,37,,23289,19,,,1,78,,23290,19,,,1,35,,23291,19,,,1,84,,23292,19,,,1
4500,'CPSunday',817,,23293,19,,,1,35,,23294,19,,,1,75,,23295,19,,,1,75,,23296,19,,,1,36,,23297,19,,,1,75,,23298,19,,,1,40,,23299,19,,,1,80,,23300,19,,,1,81,,23301,19,,,1,40,,23302,19,,,1,81,,23303,19,,,1,80,,23304,19,,,1,40,,23305,19,,,1,80,,23306,19,,,1,80,,23307,19,,,1,38,,23308,19,,,1,80,,23309,19,,,1,80,,23310,19,,,1,40,,23311,19,,,1,80,,23312,19,,,1,79,,23313,19,,,1,35,,23314,19,,,1,75,,23315,19,,,1
4500,'CPWeekday',503,,23317,19,,,1,40,,23318,19,,,1,70,,23320,19,,,1,39,,23322,19,,,1,84,,23324,19,,,1,80,,23326,19,,,1,34,,23328,19,,,1,82,,23330,19,,,1,18,,23331,19,,,1,64,,23332,19,,,1,32,,23333,19,,,1,72,,23334,19,,,1,32,,23335,19,,,1,72,,23336,19,,,1,32,,23337,19,,,1,70,,23338,19,,,1,30,,23339,19,,,1,89,,23341,19,,,1,75,,23343,19,,,1,41,,23345,19,,,1,78,,23347,19,,,1,65,,23316,19,,,1,11,,23349,19,,,1,35,,23351,19,,,1,74,,23353,19,,,1,82,,23355,19,,,1,22,,23356,19,,,1,21,,23357,19,,,1,62,,23358,19,,,1,22,,23359,19,,,1,23,,23360,19,,,1,68,,23361,19,,,1,28,,23362,19,,,1,66,,23363,19,,,1,28,,23364,19,,,1,68,,23365,19,,,1,30,,23366,19,,,1,69,,23367,19,,,1
4501,'CPHoliday1',817,,23368,32,,,1,35,,23369,32,,,1,76,,23370,32,,,1,76,,23371,32,,,1,35,,23372,32,,,1,77,,23373,32,,,1,40,,23374,32,,,1,80,,23375,32,,,1,80,,23376,32,,,1,41,,23377,32,,,1,80,,23378,32,,,1,80,,23379,32,,,1,40,,23380,32,,,1,80,,23381,32,,,1,80,,23382,32,,,1,38,,23383,32,,,1,79,,23384,32,,,1,80,,23385,32,,,1,40,,23386,32,,,1,79,,23387,32,,,1,79,,23388,32,,,1,39,,23389,32,,,1
4501,'CPSaturday',608,,23390,32,,,1,36,,23391,32,,,1,77,,23392,32,,,1,35,,23393,32,,,1,79,,23394,32,,,1,74,,23395,32,,,1,41,,23396,32,,,1,81,,23397,32,,,1,80,,23398,32,,,1,42,,23399,32,,,1,83,,23400,32,,,1,82,,23401,32,,,1,83,,23402,32,,,1,41,,23403,32,,,1,82,,23404,32,,,1,81,,23405,32,,,1,42,,23406,32,,,1,79,,23407,32,,,1,82,,23408,32,,,1,42,,23409,32,,,1,79,,23410,32,,,1,79,,23411,32,,,1,40,,23412,32,,,1,75,,23413,32,,,1,34,,23414,32,,,1
4501,'CPSunday',817,,23415,32,,,1,35,,23416,32,,,1,76,,23417,32,,,1,76,,23418,32,,,1,35,,23419,32,,,1,77,,23420,32,,,1,40,,23421,32,,,1,80,,23422,32,,,1,80,,23423,32,,,1,41,,23424,32,,,1,80,,23425,32,,,1,80,,23426,32,,,1,40,,23427,32,,,1,80,,23428,32,,,1,80,,23429,32,,,1,38,,23430,32,,,1,79,,23431,32,,,1,80,,23432,32,,,1,40,,23433,32,,,1,79,,23434,32,,,1,79,,23435,32,,,1,39,,23436,32,,,1
4501,'CPWeekday',503,,23437,32,,,1,33,,23438,32,,,1,73,,23439,32,,,1,42,,23441,32,,,1,82,,23443,32,,,1,77,,23445,32,,,1,42,,23447,32,,,1,75,,23449,32,,,1,83,,23451,32,,,1,98,,23453,32,,,1,31,,23454,32,,,1,73,,23455,32,,,1,33,,23456,32,,,1,72,,23457,32,,,1,31,,23458,32,,,1,61,,23459,32,,,1,23,,23460,32,,,1,20,,23461,32,,,1,61,,23462,32,,,1,34,,23464,32,,,1,80,,23466,32,,,1,76,,23468,32,,,1,35,,23470,32,,,1,76,,23472,32,,,1,34,,23474,32,,,1,75,,23476,32,,,1,31,,23478,32,,,1,56,,23479,32,,,1,19,,23480,32,,,1,19,,23481,32,,,1,62,,23482,32,,,1,28,,23483,32,,,1,69,,23484,32,,,1,30,,23485,32,,,1,70,,23486,32,,,1,30,,23487,32,,,1
7100,'CPWeekday',1625,,25721,6,,,1,20,,25717,6,,,1,60,,25720,6,,,1,20,,25718,6,,,1,30,,25719,6,,,1
7101,'CPWeekday',801,,25722,22,,,1,26,,25724,22,,,1,24,,25723,22,,,1
