4500,'CPHoliday1',815,,9377,16,,,1,35,,9378,16,,,1,76,,9379,16,,,1,75,,9375,16,,,1,38,,9376,16,,,1,78,,9366,16,,,1,38,,9367,16,,,1,81,,9371,16,,,1,80,,9368,16,,,1,40,,9370,16,,,1,80,,9369,16,,,1,80,,9365,16,,,1,40,,9364,16,,,1,80,,9374,16,,,1,80,,9361,16,,,1,40,,9362,16,,,1,79,,9372,16,,,1,80,,9359,16,,,1,38,,9363,16,,,1,78,,9373,16,,,1,78,,9358,16,,,1,37,,9360,16,,,1
4500,'CPSaturday',643,,9403,16,,,1,75,,9402,16,,,1,35,,9401,16,,,1,75,,9400,16,,,1,78,,9399,16,,,1,38,,9398,16,,,1,80,,9397,16,,,1,81,,9392,16,,,1,40,,9390,16,,,1,80,,9394,16,,,1,81,,9389,16,,,1,42,,9388,16,,,1,82,,9393,16,,,1,83,,9387,16,,,1,42,,9385,16,,,1,82,,9395,16,,,1,82,,9384,16,,,1,40,,9381,16,,,1,78,,9396,16,,,1,79,,9386,16,,,1,40,,9380,16,,,1,80,,9391,16,,,1,80,,9383,16,,,1,35,,9382,16,,,1
4500,'CPSunday',815,,9423,16,,,1,35,,9424,16,,,1,76,,9425,16,,,1,75,,9421,16,,,1,38,,9422,16,,,1,78,,9412,16,,,1,38,,9413,16,,,1,81,,9417,16,,,1,80,,9414,16,,,1,40,,9416,16,,,1,80,,9415,16,,,1,80,,9411,16,,,1,40,,9410,16,,,1,80,,9420,16,,,1,80,,9407,16,,,1,40,,9408,16,,,1,79,,9418,16,,,1,80,,9405,16,,,1,38,,9409,16,,,1,78,,9419,16,,,1,78,,9404,16,,,1,37,,9406,16,,,1
4500,'CPWeekday',502,,9427,16,,,1,40,,9428,16,,,1,78,,9430,16,,,1,32,,9432,16,,,1,81,,9434,16,,,1,78,,9436,16,,,1,40,,9438,16,,,1,80,,9440,16,,,1,19,,9441,16,,,1,60,,9442,16,,,1,30,,9443,16,,,1,75,,9444,16,,,1,32,,9445,16,,,1,72,,9446,16,,,1,32,,9447,16,,,1,74,,9448,16,,,1,32,,9449,16,,,1,97,,9451,16,,,1,79,,9453,16,,,1,72,,9455,16,,,1,40,,9457,16,,,1,55,,9426,16,,,1,25,,9459,16,,,1,75,,9461,16,,,1,35,,9463,16,,,1,80,,9465,16,,,1,25,,9466,16,,,1,66,,9467,16,,,1,19,,9468,16,,,1,19,,9469,16,,,1,60,,9470,16,,,1,20,,9471,16,,,1,20,,9472,16,,,1,75,,9473,16,,,1,36,,9474,16,,,1,76,,9475,16,,,1,76,,9476,16,,,1
4501,'CPHoliday1',815,,9497,29,,,1,35,,9494,29,,,1,78,,9496,29,,,1,78,,9495,29,,,1,38,,9493,29,,,1,78,,9488,29,,,1,79,,9489,29,,,1,40,,9486,29,,,1,78,,9485,29,,,1,40,,9490,29,,,1,80,,9487,29,,,1,80,,9483,29,,,1,40,,9491,29,,,1,79,,9482,29,,,1,80,,9480,29,,,1,39,,9492,29,,,1,80,,9478,29,,,1,80,,9481,29,,,1,40,,9484,29,,,1,77,,9477,29,,,1,78,,9479,29,,,1
4501,'CPSaturday',610,,9521,29,,,1,36,,9520,29,,,1,74,,9519,29,,,1,36,,9518,29,,,1,77,,9517,29,,,1,75,,9516,29,,,1,39,,9515,29,,,1,78,,9514,29,,,1,83,,9511,29,,,1,42,,9510,29,,,1,80,,9507,29,,,1,80,,9506,29,,,1,43,,9508,29,,,1,82,,9505,29,,,1,81,,9504,29,,,1,41,,9512,29,,,1,82,,9501,29,,,1,81,,9500,29,,,1,81,,9509,29,,,1,42,,9503,29,,,1,81,,9498,29,,,1,78,,9513,29,,,1,37,,9502,29,,,1,77,,9499,29,,,1
4501,'CPSunday',815,,9542,29,,,1,35,,9539,29,,,1,78,,9541,29,,,1,78,,9540,29,,,1,38,,9538,29,,,1,78,,9533,29,,,1,79,,9534,29,,,1,40,,9531,29,,,1,78,,9530,29,,,1,40,,9535,29,,,1,80,,9532,29,,,1,80,,9528,29,,,1,40,,9536,29,,,1,79,,9527,29,,,1,80,,9525,29,,,1,39,,9537,29,,,1,80,,9523,29,,,1,80,,9526,29,,,1,40,,9529,29,,,1,77,,9522,29,,,1,78,,9524,29,,,1
4501,'CPWeekday',504,,9543,29,,,1,32,,9544,29,,,1,73,,9545,29,,,1,42,,9547,29,,,1,81,,9549,29,,,1,80,,9551,29,,,1,40,,9553,29,,,1,78,,9555,29,,,1,80,,9557,29,,,1,99,,9559,29,,,1,31,,9560,29,,,1,72,,9561,29,,,1,32,,9562,29,,,1,72,,9563,29,,,1,32,,9564,29,,,1,64,,9565,29,,,1,22,,9566,29,,,1,20,,9567,29,,,1,88,,9569,29,,,1,81,,9571,29,,,1,36,,9573,29,,,1,76,,9575,29,,,1,75,,9577,29,,,1,35,,9579,29,,,1,74,,9581,29,,,1,30,,9583,29,,,1,58,,9584,29,,,1,18,,9585,29,,,1,21,,9586,29,,,1,62,,9587,29,,,1,38,,9588,29,,,1,77,,9589,29,,,1,36,,9590,29,,,1,76,,9591,29,,,1
7100,'CPWeekday',1641,,11812,3,,,1,60,,11815,3,,,1,20,,11813,3,,,1,30,,11814,3,,,1
7101,'CPWeekday',759,,11816,19,,,1,66,,11818,19,,,1,24,,11817,19,,,1
