1400,'CPWeekday',438,,32141,1,,,1,74,,32142,1,,,1,35,,32143,1,,,1,75,,32144,1,,,1,35,,32145,1,,,1,76,,32146,1,,,1,76,,32147,1,,,1,20,,32148,1,,,1,96,,32149,1,,,1,95,,32150,1,,,1,95,,32151,1,,,1,95,,32152,1,,,1,95,,32153,1,,,1,95,,32154,1,,,1,38,,32155,1,,,1,80,,32156,1,,,1,40,,32157,1,,,1,80,,32158,1,,,1,81,,32159,1,,,1,82,,32160,1,,,1,54,,32161,1,,,1,97,,32162,1,,,1,97,,32163,1,,,1,97,,32164,1,,,1,97,,32165,1,,,1,97,,32166,1,,,1
1401,'CPWeekday',504,,32167,58,4,,1,38,,32168,58,4,,1,75,,32169,58,4,,1,36,,32170,58,4,,1,76,,32171,58,4,,1,80,,32172,58,4,,1,20,,32173,34,4,,1,78,,32174,34,4,,1,15,,32175,34,4,,1,93,,32176,34,4,,1,95,,32177,34,4,,1,95,,32178,34,4,,1,96,,32179,34,4,,1,56,,32180,34,4,,1,149,,32181,58,4,,1,47,,32182,58,4,,1,81,,32183,58,4,,1,78,,32184,58,4,,1,41,,32185,58,4,,1,78,,32186,58,4,,1,21,,32187,34,4,,1,95,,32188,34,4,,1,96,,32189,34,4,,1,98,,32190,34,4,,1,96,,32191,34,4,,1,97,,32192,34,4,,1
2900,'CPHoliday1',700,,34610,1,,,1,46,,34611,1,,,1,86,,34612,1,,,1,86,,34613,1,,,1,86,,34614,1,,,1,46,,34615,1,,,1,86,,34616,1,,,1,88,,34617,1,,,1,88,,34618,1,,,1,90,,34619,1,,,1,50,,34620,1,,,1,90,,34621,1,,,1,90,,34622,1,,,1,90,,34623,1,,,1,88,,34624,1,,,1,48,,34625,1,,,1,86,,34626,1,,,1,86,,34627,1,,,1,85,,34628,1,,,1,85,,34629,1,,,1,40,,34630,1,,,1,80,,34631,1,,,1,38,,34632,1,,,1,78,,34633,1,,,1,78,,34634,1,,,1
2900,'CPSaturday',420,,34635,1,,,1,30,,34636,1,,,1,70,,34637,1,,,1,30,,34638,1,,,1,70,,34639,1,,,1,30,,34640,1,,,1,70,,34641,1,,,1,30,,34642,1,,,1,70,,34643,1,,,1,30,,34644,1,,,1,70,,34645,1,,,1,30,,34646,1,,,1,72,,34647,1,,,1,32,,34648,1,,,1,74,,34649,1,,,1,74,,34650,1,,,1,34,,34651,1,,,1,74,,34652,1,,,1,34,,34653,1,,,1,74,,34654,1,,,1,34,,34655,1,,,1,74,,34656,1,,,1,74,,34657,1,,,1,34,,34658,1,,,1,74,,34659,1,,,1,34,,34660,1,,,1,74,,34661,1,,,1,34,,34662,1,,,1,74,,34663,1,,,1,34,,34664,1,,,1,72,,34665,1,,,1,72,,34666,1,,,1,40,,34667,1,,,1,85,,34668,1,,,1,85,,34669,1,,,1,44,,34670,1,,,1,84,,34671,1,,,1,80,,34672,1,,,1,35,,34673,1,,,1
2900,'CPSunday',700,,34674,1,,,1,46,,34675,1,,,1,86,,34676,1,,,1,86,,34677,1,,,1,86,,34678,1,,,1,46,,34679,1,,,1,86,,34680,1,,,1,88,,34681,1,,,1,88,,34682,1,,,1,90,,34683,1,,,1,50,,34684,1,,,1,90,,34685,1,,,1,90,,34686,1,,,1,90,,34687,1,,,1,88,,34688,1,,,1,48,,34689,1,,,1,86,,34690,1,,,1,86,,34691,1,,,1,85,,34692,1,,,1,85,,34693,1,,,1,40,,34694,1,,,1,80,,34695,1,,,1,38,,34696,1,,,1,78,,34697,1,,,1,78,,34698,1,,,1
2900,'CPWeekday',435,,34699,1,,,1,70,,34700,1,,,1,32,,34701,1,,,1,74,,34702,1,,,1,35,,34703,1,,,1,75,,34704,1,,,1,34,,34705,1,,,1,75,,34706,1,,,1,75,,34707,1,,,1,35,,34708,1,,,1,75,,34709,1,,,1,35,,34710,1,,,1,75,,34711,1,,,1,75,,34712,1,,,1,36,,34713,1,,,1,76,,34714,1,,,1,36,,34715,1,,,1,76,,34716,1,,,1,77,,34717,1,,,1,37,,34718,1,,,1,79,,34719,1,,,1,38,,34720,1,,,1,78,,34721,1,,,1,78,,34722,1,,,1,39,,34723,1,,,1,79,,34724,1,,,1,75,,34725,1,,,1,34,,34726,1,,,1,82,,34727,1,,,1,88,,34728,1,,,1,48,,34729,1,,,1,88,,34730,1,,,1,88,,34731,1,,,1,85,,34732,1,,,1
2901,'CPHoliday1',739,,34735,54,4,,1,87,,34736,54,4,,1,84,,34737,54,4,,1,46,,34738,54,4,,1,86,,34739,54,4,,1,86,,34740,54,4,,1,87,,34741,54,4,,1,88,,34742,54,4,,1,50,,34743,54,4,,1,92,,34744,54,4,,1,89,,34745,54,4,,1,91,,34746,54,4,,1,89,,34747,54,4,,1,88,,34748,54,4,,1,48,,34749,54,4,,1,85,,34750,54,4,,1,84,,34751,54,4,,1,85,,34752,54,4,,1,46,,34753,54,4,,1,86,,34754,54,4,,1,81,,34755,54,4,,1,40,,34756,54,4,,1,78,,34757,54,4,,1,78,,34758,54,4,,1,35,,34759,54,4,,1
2901,'CPSaturday',538,,34760,54,4,,1,70,,34761,54,4,,1,31,,34762,54,4,,1,70,,34763,54,4,,1,30,,34764,54,4,,1,71,,34765,54,4,,1,31,,34766,54,4,,1,69,,34767,54,4,,1,33,,34768,54,4,,1,73,,34769,54,4,,1,32,,34770,54,4,,1,73,,34771,54,4,,1,32,,34772,54,4,,1,74,,34773,54,4,,1,74,,34774,54,4,,1,33,,34775,54,4,,1,73,,34776,54,4,,1,35,,34777,54,4,,1,75,,34778,54,4,,1,34,,34779,54,4,,1,74,,34780,54,4,,1,75,,34781,54,4,,1,35,,34782,54,4,,1,72,,34783,54,4,,1,34,,34784,54,4,,1,73,,34785,54,4,,1,33,,34786,54,4,,1,73,,34787,54,4,,1,34,,34788,54,4,,1,75,,34789,54,4,,1,88,,34790,54,4,,1,88,,34791,54,4,,1,44,,34792,54,4,,1,81,,34793,54,4,,1,81,,34794,54,4,,1,35,,34795,54,4,,1,78,,34796,54,4,,1
2901,'CPSunday',739,,34797,54,4,,1,87,,34798,54,4,,1,84,,34799,54,4,,1,46,,34800,54,4,,1,86,,34801,54,4,,1,86,,34802,54,4,,1,87,,34803,54,4,,1,88,,34804,54,4,,1,50,,34805,54,4,,1,92,,34806,54,4,,1,89,,34807,54,4,,1,91,,34808,54,4,,1,89,,34809,54,4,,1,88,,34810,54,4,,1,48,,34811,54,4,,1,85,,34812,54,4,,1,84,,34813,54,4,,1,85,,34814,54,4,,1,46,,34815,54,4,,1,86,,34816,54,4,,1,81,,34817,54,4,,1,40,,34818,54,4,,1,78,,34819,54,4,,1,78,,34820,54,4,,1,35,,34821,54,4,,1
2901,'CPWeekday',459,,34822,54,4,,1,71,,34823,54,4,,1,71,,34824,54,4,,1,34,,34825,54,4,,1,77,,34826,54,4,,1,35,,34827,54,4,,1,77,,34828,54,4,,1,34,,34829,54,4,,1,75,,34830,54,4,,1,73,,34831,54,4,,1,34,,34832,54,4,,1,75,,34833,54,4,,1,38,,34834,54,4,,1,76,,34835,54,4,,1,75,,34836,54,4,,1,34,,34837,54,4,,1,76,,34838,54,4,,1,38,,34839,54,4,,1,79,,34840,54,4,,1,78,,34841,54,4,,1,38,,34842,54,4,,1,78,,34843,54,4,,1,77,,34844,54,4,,1,36,,34845,54,4,,1,78,,34846,54,4,,1,36,,34847,54,4,,1,78,,34848,54,4,,1,82,,34849,54,4,,1,47,,34850,54,4,,1,87,,34851,54,4,,1,87,,34852,54,4,,1,87,,34853,54,4,,1,87,,34854,54,4,,1,47,,34855,54,4,,1
4500,'CPHoliday1',805,,37208,1,,,1,35,,37209,1,,,1,75,,37210,1,,,1,35,,37211,1,,,1,75,,37212,1,,,1,75,,37213,1,,,1,40,,37214,1,,,1,80,,37215,1,,,1,80,,37216,1,,,1,40,,37217,1,,,1,80,,37218,1,,,1,80,,37219,1,,,1,40,,37220,1,,,1,80,,37221,1,,,1,80,,37222,1,,,1,40,,37223,1,,,1,80,,37224,1,,,1,80,,37225,1,,,1,40,,37226,1,,,1,80,,37227,1,,,1,80,,37228,1,,,1,35,,37229,1,,,1,75,,37230,1,,,1
4500,'CPSaturday',630,,37231,1,,,1,75,,37232,1,,,1,35,,37233,1,,,1,75,,37234,1,,,1,40,,37235,1,,,1,80,,37236,1,,,1,80,,37237,1,,,1,40,,37238,1,,,1,80,,37239,1,,,1,82,,37240,1,,,1,42,,37241,1,,,1,82,,37242,1,,,1,82,,37243,1,,,1,82,,37244,1,,,1,42,,37245,1,,,1,82,,37246,1,,,1,82,,37247,1,,,1,42,,37248,1,,,1,82,,37249,1,,,1,80,,37250,1,,,1,38,,37251,1,,,1,78,,37252,1,,,1,78,,37253,1,,,1,36,,37254,1,,,1,75,,37255,1,,,1
4500,'CPSunday',805,,37256,1,,,1,35,,37257,1,,,1,75,,37258,1,,,1,35,,37259,1,,,1,75,,37260,1,,,1,75,,37261,1,,,1,40,,37262,1,,,1,80,,37263,1,,,1,80,,37264,1,,,1,40,,37265,1,,,1,80,,37266,1,,,1,80,,37267,1,,,1,40,,37268,1,,,1,80,,37269,1,,,1,80,,37270,1,,,1,40,,37271,1,,,1,80,,37272,1,,,1,80,,37273,1,,,1,40,,37274,1,,,1,80,,37275,1,,,1,80,,37276,1,,,1,35,,37277,1,,,1,75,,37278,1,,,1
4500,'CPWeekday',451,,37280,1,,,1,79,,37281,1,,,1,15,,37282,1,0,11 22 12 13 14 23,1,55,,37283,1,,,1,18,,37284,1,0,11 22 12 13 14 23,1,18,,37285,1,,,1,20,,37286,1,0,11 22 12 13 14 23,1,64,,37287,1,,,1,20,,37288,1,0,11 22 12 13 14 23,1,60,,37289,1,,,1,16,,37290,1,0,11 22 12 13 14 23,1,18,,37291,1,,,1,24,,37292,1,0,11 22 12 13 14 23,1,58,,37293,1,,,1,18,,37294,1,,,1,24,,37295,1,,,1,72,,37296,1,,,1,72,,37297,1,,,1,32,,37298,1,,,1,72,,37299,1,,,1,32,,37300,1,,,1,70,,37301,1,,,1,30,,37302,1,,,1,72,,37303,1,0,11 22 12 13 14 23,1,17,,37304,1,,,1,17,,37305,1,0,11 22 12 13 14 23,1,56,,37306,1,,,1,20,,37307,1,0,11 22 12 13 14 23,1,20,,37308,1,,,1,60,,37309,1,0,11 22 12 13 14 23,1,18,,37310,1,,,1,18,,37311,1,0,11 22 12 13 14 23,1,7,,37279,1,,,1,11,,37312,1,,,1,56,,37313,1,0,11 22 12 13 14 23,1,20,,37314,1,,,1,18,,37315,1,0,11 22 12 13 14 23,1,58,,37316,1,,,1,20,,37317,1,0,11 22 12 13 14 23,1,22,,37318,1,,,1,62,,37319,1,,,1,22,,37320,1,,,1,22,,37321,1,,,1,62,,37322,1,,,1,24,,37323,1,,,1,68,,37324,1,,,1,28,,37325,1,,,1,68,,37326,1,,,1,28,,37327,1,,,1,68,,37328,1,,,1,30,,37329,1,,,1,70,,37330,1,,,1
4501,'CPHoliday1',827,,37331,46,4,,1,76,,37332,46,4,,1,38,,37333,46,4,,1,76,,37334,46,4,,1,35,,37335,46,4,,1,78,,37336,46,4,,1,80,,37337,46,4,,1,40,,37338,46,4,,1,80,,37339,46,4,,1,81,,37340,46,4,,1,40,,37341,46,4,,1,79,,37342,46,4,,1,80,,37343,46,4,,1,40,,37344,46,4,,1,80,,37345,46,4,,1,78,,37346,46,4,,1,39,,37347,46,4,,1,80,,37348,46,4,,1,79,,37349,46,4,,1,38,,37350,46,4,,1,79,,37351,46,4,,1,79,,37352,46,4,,1
4501,'CPSaturday',619,,37353,46,4,,1,36,,37354,46,4,,1,78,,37355,46,4,,1,76,,37356,46,4,,1,39,,37357,46,4,,1,75,,37358,46,4,,1,81,,37359,46,4,,1,41,,37360,46,4,,1,80,,37361,46,4,,1,82,,37362,46,4,,1,43,,37363,46,4,,1,82,,37364,46,4,,1,83,,37365,46,4,,1,41,,37366,46,4,,1,82,,37367,46,4,,1,81,,37368,46,4,,1,82,,37369,46,4,,1,39,,37370,46,4,,1,82,,37371,46,4,,1,82,,37372,46,4,,1,38,,37373,46,4,,1,79,,37374,46,4,,1,79,,37375,46,4,,1,35,,37376,46,4,,1,73,,37377,46,4,,1
4501,'CPSunday',827,,37378,46,4,,1,76,,37379,46,4,,1,38,,37380,46,4,,1,76,,37381,46,4,,1,35,,37382,46,4,,1,78,,37383,46,4,,1,80,,37384,46,4,,1,40,,37385,46,4,,1,80,,37386,46,4,,1,81,,37387,46,4,,1,40,,37388,46,4,,1,79,,37389,46,4,,1,80,,37390,46,4,,1,40,,37391,46,4,,1,80,,37392,46,4,,1,78,,37393,46,4,,1,39,,37394,46,4,,1,80,,37395,46,4,,1,79,,37396,46,4,,1,38,,37397,46,4,,1,79,,37398,46,4,,1,79,,37399,46,4,,1
4501,'CPWeekday',515,,37400,46,4,,1,33,,37401,46,4,,1,75,,37402,46,4,,1,16,,37403,43,4,,1,67,,37404,46,4,,1,18,,37405,43,4,,1,24,,37406,46,4,,1,53,,37407,43,4,,1,25,,37408,46,4,,1,20,,37409,43,4,,1,61,,37410,46,4,,1,13,,37411,43,4,,1,22,,37412,46,4,,1,16,,37413,43,4,,1,65,,37414,46,4,,1,25,,37415,43,4,,1,73,,37416,46,4,,1,32,,37417,46,4,,1,73,,37418,46,4,,1,33,,37419,46,4,,1,72,,37420,46,4,,1,72,,37421,46,4,,1,22,,37422,46,4,,1,23,,37423,46,4,,1,60,,37424,46,4,,1,22,,37425,46,4,,1,12,,37426,43,4,,1,62,,37427,46,4,,1,16,,37428,43,4,,1,24,,37429,46,4,,1,13,,37430,43,4,,1,62,,37431,46,4,,1,14,,37432,43,4,,1,21,,37433,46,4,,1,53,,37434,43,4,,1,23,,37435,46,4,,1,9,,37436,43,4,,1,64,,37437,46,4,,1,9,,37438,43,4,,1,25,,37439,46,4,,1,8,,37440,43,4,,1,62,,37441,46,4,,1,16,,37442,46,4,,1,19,,37443,46,4,,1,59,,37444,46,4,,1,22,,37445,46,4,,1,28,,37446,46,4,,1,68,,37447,46,4,,1,30,,37448,46,4,,1,70,,37449,46,4,,1,30,,37450,46,4,,1
