6800,'CPHoliday1',950,,39542,1,,,1,105,,39543,1,,,1,145,,39544,1,,,1,105,,39545,1,,,1,110,,39546,1,,,1,110,,39547,1,,,1,110,,39548,1,,,1,110,,39549,1,,,1,110,,39550,1,,,1,145,,39551,1,,,1
6800,'CPSaturday',715,,39552,1,,,1,105,,39553,1,,,1,105,,39554,1,,,1,110,,39555,1,,,1,110,,39556,1,,,1,110,,39557,1,,,1,150,,39558,1,,,1,110,,39559,1,,,1,110,,39560,1,,,1,110,,39561,1,,,1,111,,39562,1,,,1,109,,39563,1,,,1,150,,39564,1,,,1,110,,39565,1,,,1,110,,39566,1,,,1
6800,'CPSunday',950,,39567,1,,,1,105,,39568,1,,,1,145,,39569,1,,,1,105,,39570,1,,,1,110,,39571,1,,,1,110,,39572,1,,,1,110,,39573,1,,,1,110,,39574,1,,,1,110,,39575,1,,,1,145,,39576,1,,,1
6800,'CPWeekday',510,,39577,1,,,1,110,,39578,1,,,1,110,,39579,1,,,1,110,,39580,1,,,1,115,,39581,1,,,1,155,,39582,1,,,1,115,,39583,1,,,1,115,,39584,1,,,1,115,,39585,1,,,1,155,,39586,1,,,1,115,,39587,1,,,1,115,,39588,1,,,1,115,,39589,1,,,1,155,,39590,1,,,1,115,,39591,1,,,1,115,,39592,1,,,1,115,,39593,1,,,1
10700,'MAHoliday1',800,,40531,1,,,1,30,,40532,1,,,1,70,,40533,1,,,1,30,,40534,1,,,1,70,,40535,1,,,1,16,,40536,1,,,1,16,,40537,1,,,1,18,,40538,1,,,1,58,,40539,1,,,1,18,,40540,1,,,1,18,,40541,1,,,1,58,,40542,1,,,1,18,,40543,1,,,1,18,,40544,1,,,1,18,,40545,1,,,1,58,,40546,1,,,1,18,,40547,1,,,1,18,,40548,1,,,1,60,,40549,1,,,1,20,,40550,1,,,1,20,,40551,1,,,1,60,,40552,1,,,1,20,,40553,1,,,1,20,,40554,1,,,1,60,,40555,1,,,1,20,,40556,1,,,1,20,,40557,1,,,1,60,,40558,1,,,1,20,,40559,1,,,1,18,,40560,1,,,1,58,,40561,1,,,1,18,,40562,1,,,1,18,,40563,1,,,1,58,,40564,1,,,1,20,,40565,1,,,1,30,,40566,1,,,1,70,,40567,1,,,1,30,,40568,1,,,1,70,,40569,1,,,1
10700,'MASaturday',800,,40570,1,,,1,30,,40571,1,,,1,70,,40572,1,,,1,30,,40573,1,,,1,70,,40574,1,,,1,18,,40575,1,,,1,18,,40576,1,,,1,18,,40577,1,,,1,58,,40578,1,,,1,18,,40579,1,,,1,18,,40580,1,,,1,58,,40581,1,,,1,18,,40582,1,,,1,18,,40583,1,,,1,58,,40584,1,,,1,18,,40585,1,,,1,18,,40586,1,,,1,18,,40587,1,,,1,60,,40588,1,,,1,20,,40589,1,,,1,20,,40590,1,,,1,60,,40591,1,,,1,18,,40592,1,,,1,18,,40593,1,,,1,58,,40594,1,,,1,18,,40595,1,,,1,20,,40596,1,,,1,60,,40597,1,,,1,20,,40598,1,,,1,18,,40599,1,,,1,58,,40600,1,,,1,18,,40601,1,,,1,20,,40602,1,,,1,60,,40603,1,,,1,20,,40604,1,,,1,30,,40605,1,,,1,70,,40606,1,,,1,30,,40607,1,,,1,70,,40608,1,,,1
10700,'MASunday',800,,40609,1,,,1,30,,40610,1,,,1,70,,40611,1,,,1,30,,40612,1,,,1,70,,40613,1,,,1,16,,40614,1,,,1,16,,40615,1,,,1,18,,40616,1,,,1,58,,40617,1,,,1,18,,40618,1,,,1,18,,40619,1,,,1,58,,40620,1,,,1,18,,40621,1,,,1,18,,40622,1,,,1,18,,40623,1,,,1,58,,40624,1,,,1,18,,40625,1,,,1,18,,40626,1,,,1,60,,40627,1,,,1,20,,40628,1,,,1,20,,40629,1,,,1,60,,40630,1,,,1,20,,40631,1,,,1,20,,40632,1,,,1,60,,40633,1,,,1,20,,40634,1,,,1,20,,40635,1,,,1,60,,40636,1,,,1,20,,40637,1,,,1,18,,40638,1,,,1,58,,40639,1,,,1,18,,40640,1,,,1,18,,40641,1,,,1,58,,40642,1,,,1,20,,40643,1,,,1,30,,40644,1,,,1,70,,40645,1,,,1,30,,40646,1,,,1,70,,40647,1,,,1
10700,'MAWeekday',500,,40648,1,,,1,30,,40649,1,,,1,25,,40650,1,,,1,55,,40651,1,,,1,15,,40652,1,,,1,15,,40653,1,,,1,15,,40654,1,,,1,55,,40655,1,,,1,15,,40656,1,,,1,15,,40657,1,,,1,15,,40658,1,,,1,55,,40659,1,,,1,15,,40660,1,,,1,15,,40661,1,,,1,14,,40662,1,,,1,52,,40663,1,,,1,12,,40664,1,,,1,14,,40665,1,,,1,14,,40666,1,,,1,54,,40667,1,,,1,15,,40668,1,,,1,15,,40669,1,,,1,15,,40670,1,,,1,55,,40671,1,,,1,15,,40672,1,,,1,14,,40673,1,,,1,14,,40674,1,,,1,14,,40675,1,,,1,54,,40676,1,,,1,14,,40677,1,,,1,15,,40678,1,,,1,15,,40679,1,,,1,55,,40680,1,,,1,15,,40681,1,,,1,15,,40682,1,,,1,14,,40683,1,,,1,52,,40684,1,,,1,12,,40685,1,,,1,12,,40686,1,,,1,15,,40687,1,,,1,55,,40688,1,,,1,10,,40689,1,,,1,10,,40690,1,,,1,12,,40691,1,,,1,12,,40692,1,,,1,12,,40693,1,,,1,52,,40694,1,,,1,10,,40695,1,,,1,10,,40696,1,,,1,12,,40697,1,,,1,12,,40698,1,,,1,52,,40699,1,,,1,12,,40700,1,,,1,12,,40701,1,,,1,12,,40702,1,,,1,10,,40703,1,,,1,50,,40704,1,,,1,14,,40705,1,,,1,15,,40706,1,,,1,15,,40707,1,,,1,15,,40708,1,,,1,56,,40709,1,,,1,18,,40710,1,,,1,18,,40711,1,,,1,58,,40712,1,,,1,18,,40713,1,,,1,18,,40714,1,,,1,60,,40715,1,,,1,20,,40716,1,,,1,18,,40717,1,,,1,58,,40718,1,,,1,18,,40719,1,,,1,18,,40720,1,,,1,18,,40721,1,,,1,60,,40722,1,,,1
10901,'CPHoliday1',724,,41197,9,,,1,25,,41190,9,,,1,66,,41186,9,,,1,26,,41179,9,,,1,66,,41178,9,,,1,26,,41196,9,,,1,25,,41191,9,,,1,60,,41185,9,,,1,21,,41175,9,,,1,20,,41180,9,,,1,61,,41170,9,,,1,20,,41168,9,,,1,60,,41198,9,,,1,21,,41192,9,,,1,21,,41184,9,,,1,60,,41169,9,,,1,20,,41177,9,,,1,20,,41171,9,,,1,60,,41164,9,,,1,20,,41199,9,,,1,20,,41193,9,,,1,60,,41183,9,,,1,19,,41163,9,,,1,19,,41182,9,,,1,19,,41174,9,,,1,60,,41165,9,,,1,20,,41202,9,,,1,20,,41195,9,,,1,60,,41187,9,,,1,20,,41160,9,,,1,20,,41181,9,,,1,60,,41176,9,,,1,20,,41167,9,,,1,20,,41200,9,,,1,60,,41194,9,,,1,20,,41188,9,,,1,66,,41162,9,,,1,24,,41173,9,,,1,26,,41166,9,,,1,65,,41201,9,,,1,25,,41189,9,,,1,70,,41161,9,,,1,30,,41172,9,,,1
10901,'CPSaturday',635,,41248,9,,,1,20,,41241,9,,,1,61,,41234,9,,,1,21,,41227,9,,,1,20,,41226,9,,,1,61,,41219,9,,,1,20,,41249,9,,,1,20,,41242,9,,,1,60,,41235,9,,,1,21,,41228,9,,,1,20,,41218,9,,,1,60,,41220,9,,,1,20,,41221,9,,,1,18,,41250,9,,,1,58,,41243,9,,,1,18,,41238,9,,,1,18,,41212,9,,,1,58,,41231,9,,,1,19,,41225,9,,,1,19,,41214,9,,,1,58,,41210,9,,,1,18,,41251,9,,,1,18,,41247,9,,,1,18,,41239,9,,,1,58,,41209,9,,,1,19,,41230,9,,,1,18,,41222,9,,,1,58,,41213,9,,,1,20,,41211,9,,,1,20,,41253,9,,,1,60,,41245,9,,,1,20,,41236,9,,,1,20,,41206,9,,,1,60,,41229,9,,,1,20,,41223,9,,,1,20,,41215,9,,,1,60,,41205,9,,,1,19,,41252,9,,,1,18,,41244,9,,,1,58,,41237,9,,,1,17,,41207,9,,,1,18,,41232,9,,,1,58,,41224,9,,,1,18,,41216,9,,,1,17,,41204,9,,,1,24,,41246,9,,,1,65,,41240,9,,,1,25,,41208,9,,,1,65,,41233,9,,,1,20,,41217,9,,,1,22,,41203,9,,,1
10901,'CPSunday',724,,41291,9,,,1,25,,41284,9,,,1,66,,41280,9,,,1,26,,41273,9,,,1,66,,41272,9,,,1,26,,41290,9,,,1,25,,41285,9,,,1,60,,41279,9,,,1,21,,41269,9,,,1,20,,41274,9,,,1,61,,41264,9,,,1,20,,41262,9,,,1,60,,41292,9,,,1,21,,41286,9,,,1,21,,41278,9,,,1,60,,41263,9,,,1,20,,41271,9,,,1,20,,41265,9,,,1,60,,41258,9,,,1,20,,41293,9,,,1,20,,41287,9,,,1,60,,41277,9,,,1,19,,41257,9,,,1,19,,41276,9,,,1,19,,41268,9,,,1,60,,41259,9,,,1,20,,41296,9,,,1,20,,41289,9,,,1,60,,41281,9,,,1,20,,41254,9,,,1,20,,41275,9,,,1,60,,41270,9,,,1,20,,41261,9,,,1,20,,41294,9,,,1,60,,41288,9,,,1,20,,41282,9,,,1,66,,41256,9,,,1,24,,41267,9,,,1,26,,41260,9,,,1,65,,41295,9,,,1,25,,41283,9,,,1,70,,41255,9,,,1,30,,41266,9,,,1
10901,'CPWeekday',430,,41297,9,,,1,25,,41298,9,,,1,67,,41299,9,,,1,26,,41300,9,,,1,60,,41301,9,,,1,18,,41302,9,,,1,16,,41303,9,,,1,10,,41304,9,,,1,50,,41305,9,,,1,11,,41306,9,,,1,11,,41307,9,,,1,11,,41308,9,,,1,10,,41309,9,,,1,10,,41310,9,,,1,50,,41311,9,,,1,10,,41312,9,,,1,10,,41313,9,,,1,10,,41314,9,,,1,10,,41315,9,,,1,10,,41316,9,,,1,50,,41317,9,,,1,10,,41318,9,,,1,9,,41319,9,,,1,9,,41320,9,,,1,10,,41321,9,,,1,10,,41322,9,,,1,50,,41323,9,,,1,10,,41324,9,,,1,8,,41325,9,,,1,10,,41326,9,,,1,15,,41327,9,,,1,55,,41328,9,,,1,15,,41329,9,,,1,15,,41330,9,,,1,15,,41331,9,,,1,55,,41332,9,,,1,15,,41333,9,,,1,15,,41334,9,,,1,15,,41335,9,,,1,55,,41336,9,,,1,15,,41337,9,,,1,15,,41338,9,,,1,15,,41339,9,,,1,55,,41340,9,,,1,15,,41341,9,,,1,16,,41342,9,,,1,15,,41343,9,,,1,56,,41344,9,,,1,16,,41345,9,,,1,15,,41346,9,,,1,15,,41347,9,,,1,55,,41348,9,,,1,15,,41349,9,,,1,15,,41350,9,,,1,15,,41351,9,,,1,55,,41352,9,,,1,15,,41353,9,,,1,15,,41354,9,,,1,15,,41355,9,,,1,55,,41356,9,,,1,14,,41357,9,,,1,13,,41358,9,,,1,15,,41359,9,,,1,55,,41360,9,,,1,15,,41361,9,,,1,14,,41362,9,,,1,15,,41363,9,,,1,55,,41364,9,,,1,15,,41365,9,,,1,15,,41366,9,,,1,15,,41367,9,,,1,55,,41368,9,,,1,15,,41369,9,,,1,13,,41370,9,,,1,15,,41371,9,,,1,15,,41372,9,,,1,55,,41373,9,,,1,16,,41374,9,,,1,15,,41375,9,,,1,58,,41376,9,,,1
