700,'CPSunday',2212,,16240,28,,,1
700,'CPWeekday',246,,16241,28,,,1,81,,16242,28,,,1,83,,16243,28,,,1,42,,16244,28,,,1
700,'MASaturday',410,,16355,28,,,1,24,,16354,28,,,1,24,,16353,28,,,1,66,,16352,28,,,1,22,,16351,28,,,1,63,,16350,28,,,1,22,,16349,28,,,1,23,,16348,28,,,1,63,,16347,28,,,1,25,,16346,28,,,1,67,,16345,28,,,1,27,,16344,28,,,1,66,,16338,28,,,1,25,,16337,28,,,1,25,,16335,28,,,1,65,,16332,28,,,1,24,,16333,28,,,1,65,,16334,28,,,1,27,,16339,28,,,1,67,,16331,28,,,1,29,,16330,28,,,1,28,,16324,28,,,1,67,,16329,28,,,1,27,,16323,28,,,1,61,,16322,28,,,1,21,,16341,28,,,1,21,,16328,28,,,1,63,,16321,28,,,1,22,,16318,28,,,1,19,,16316,28,,,1,60,,16319,28,,,1,20,,16314,28,,,1,21,,16313,28,,,1,62,,16340,28,,,1,22,,16325,28,,,1,62,,16312,28,,,1,22,,16310,28,,,1,22,,16311,28,,,1,59,,16317,28,,,1,19,,16308,28,,,1,19,,16306,28,,,1,59,,16342,28,,,1,18,,16326,28,,,1,19,,16309,28,,,1,60,,16303,28,,,1,18,,16302,28,,,1,19,,16320,28,,,1,20,,16307,28,,,1,60,,16301,28,,,1,20,,16343,28,,,1,19,,16327,28,,,1,60,,16304,28,,,1,17,,16299,28,,,1,17,,16300,28,,,1,59,,16315,28,,,1,18,,16305,28,,,1,19,,16298,28,,,1,57,,16336,28,,,1,18,,16356,28,,,1
700,'MASunday',444,,16393,28,,,1,61,,16406,28,,,1,23,,16389,28,,,1,21,,16384,28,,,1,61,,16383,28,,,1,22,,16399,28,,,1,24,,16382,28,,,1,63,,16408,28,,,1,23,,16390,28,,,1,63,,16381,28,,,1,23,,16378,28,,,1,23,,16400,28,,,1,63,,16379,28,,,1,24,,16407,28,,,1,64,,16391,28,,,1,25,,16373,28,,,1,25,,16372,28,,,1,64,,16401,28,,,1,25,,16380,28,,,1,64,,16405,28,,,1,24,,16392,28,,,1,24,,16371,28,,,1,65,,16366,28,,,1,25,,16398,28,,,1,62,,16365,28,,,1,21,,16377,28,,,1,21,,16404,28,,,1,62,,16385,28,,,1,21,,16368,28,,,1,20,,16362,28,,,1,62,,16395,28,,,1,22,,16360,28,,,1,22,,16374,28,,,1,62,,16402,28,,,1,22,,16387,28,,,1,60,,16369,28,,,1,20,,16361,28,,,1,21,,16394,28,,,1,61,,16357,28,,,1,21,,16376,28,,,1,22,,16403,28,,,1,61,,16386,28,,,1,23,,16370,28,,,1,22,,16363,28,,,1,60,,16396,28,,,1,21,,16358,28,,,1,20,,16375,28,,,1,79,,16388,28,,,1,19,,16367,28,,,1,60,,16364,28,,,1,19,,16397,28,,,1,19,,16359,28,,,1,60,,16409,28,,,1
700,'MAWeekday',516,,16410,28,,,1,24,,16411,28,,,1,64,,16412,28,,,1,25,,16413,28,,,1,22,,16414,28,,,1,61,,16415,28,,,1,20,,16416,28,,,1,24,,16417,28,,,1,64,,16418,28,,,1,26,,16419,28,,,1,65,,16420,28,,,1,28,,16421,28,,,1,69,,16422,28,,,1,30,,16423,28,,,1,65,,16424,28,,,1,25,,16425,28,,,1,25,,16426,28,,,1,65,,16427,28,,,1,25,,16428,28,,,1,60,,16429,28,,,1,21,,16430,28,,,1,22,,16431,28,,,1,64,,16432,28,,,1,25,,16433,28,,,1,65,,16434,28,,,1,26,,16435,28,,,1,25,,16436,28,,,1,65,,16437,28,,,1,26,,16438,28,,,1,65,,16439,28,,,1,25,,16440,28,,,1,25,,16441,28,,,1,65,,16442,28,,,1,26,,16443,28,,,1,66,,16444,28,,,1,24,,16445,28,,,1,64,,16446,28,,,1,24,,16447,28,,,1,22,,16448,28,,,1,62,,16449,28,,,1,24,,16450,28,,,1,73,,16451,28,,,1,27,,16452,28,,,1,66,,16453,28,,,1,28,,16454,28,,,1,74,,16455,28,,,1,34,,16456,28,,,1,72,,16457,28,,,1,29,,16458,28,,,1,69,,16459,28,,,1
3900,'CPSaturday',835,,22199,75,4,,1,65,,22198,75,4,,1,218,,22200,75,4,,1,29,,22197,75,4,,1,272,,22201,75,4,,1,30,,22196,75,4,,1,272,,22202,75,4,,1,30,,22195,75,4,,1,260,,22203,75,4,,1,28,,22194,75,4,,1,206,,22204,75,4,,1
3900,'CPSunday',651,,22225,75,4,,1,78,,22219,75,4,,1,83,,22214,75,4,,1,38,,22210,75,4,,1,81,,22226,75,4,,1,84,,22217,75,4,,1,42,,22215,75,4,,1,84,,22209,75,4,,1,83,,22224,75,4,,1,85,,22218,75,4,,1,47,,22211,75,4,,1,85,,22208,75,4,,1,85,,22227,75,4,,1,85,,22221,75,4,,1,45,,22212,75,4,,1,83,,22207,75,4,,1,85,,22228,75,4,,1,84,,22220,75,4,,1,40,,22213,75,4,,1,84,,22206,75,4,,1,82,,22223,75,4,,1,40,,22222,75,4,,1,81,,22216,75,4,,1,75,,22205,75,4,,1
3900,'MASaturday',650,,22252,75,4,,1,66,,22251,75,4,,1,28,,22245,75,4,,1,66,,22244,75,4,,1,116,,22246,75,4,,1,28,,22239,75,4,,1,66,,22237,75,4,,1,30,,22238,75,4,,1,166,,22250,75,4,,1,31,,22240,75,4,,1,71,,22234,75,4,,1,30,,22232,75,4,,1,171,,22249,75,4,,1,30,,22243,75,4,,1,71,,22235,75,4,,1,30,,22230,75,4,,1,169,,22247,75,4,,1,27,,22242,75,4,,1,69,,22233,75,4,,1,30,,22229,75,4,,1,162,,22248,75,4,,1,25,,22241,75,4,,1,26,,22236,75,4,,1,64,,22231,75,4,,1
3900,'MAWeekday',523,,22253,43,4,,1,92,,22254,76,4,,1,26,,22255,76,4,,1,64,,22256,76,4,,1,22,,22257,76,4,,1,19,,22258,76,4,,1,61,,22259,76,4,,1,19,,22260,76,4,,1,20,,22261,76,4,,1,63,,22262,76,4,,1,24,,22263,76,4,,1,20,,22264,75,4,,1,71,,22265,75,4,,1,35,,22266,75,4,,1,77,,22267,75,4,,1,77,,22268,75,4,,1,38,,22269,75,4,,1,77,,22270,75,4,,1,76,,22271,75,4,,1,34,,22272,75,4,,1,65,,22273,75,4,,1,29,,22274,76,4,,1,20,,22275,76,4,,1,61,,22276,76,4,,1,21,,22277,76,4,,1,22,,22278,76,4,,1,58,,22279,76,4,,1,19,,22280,76,4,,1,17,,22281,76,4,,1,59,,22282,76,4,,1,21,,22283,76,4,,1,22,,22284,76,4,,1,59,,22285,76,4,,1,21,,22286,76,4,,1,16,,22287,75,4,,1,62,,22288,75,4,,1,22,,22289,75,4,,1,18,,22290,75,4,,1,75,,22291,75,4,,1,77,,22292,75,4,,1,41,,22293,75,4,,1,80,,22294,75,4,,1,77,,22295,75,4,,1,35,,22296,75,4,,1,73,,22297,75,4,,1,33,,22298,75,4,,1,74,,22299,75,4,,1
10700,'MASaturday',821,,26639,10,,,1,31,,26611,10,,,1,71,,26615,10,,,1,29,,26619,10,,,1,63,,26634,10,,,1,18,,26643,10,,,1,18,,26613,10,,,1,58,,26612,10,,,1,18,,26614,10,,,1,18,,26623,10,,,1,58,,26620,10,,,1,18,,26635,10,,,1,18,,26644,10,,,1,19,,26618,10,,,1,61,,26616,10,,,1,21,,26617,10,,,1,60,,26628,10,,,1,20,,26622,10,,,1,20,,26638,10,,,1,60,,26646,10,,,1,20,,26621,10,,,1,20,,26627,10,,,1,60,,26625,10,,,1,20,,26629,10,,,1,20,,26624,10,,,1,60,,26636,10,,,1,20,,26645,10,,,1,20,,26626,10,,,1,60,,26630,10,,,1,19,,26631,10,,,1,20,,26632,10,,,1,20,,26633,10,,,1,59,,26637,10,,,1,17,,26647,10,,,1,68,,26640,10,,,1,29,,26642,10,,,1,27,,26641,10,,,1
10700,'MASunday',821,,26676,10,,,1,31,,26648,10,,,1,71,,26652,10,,,1,29,,26653,10,,,1,63,,26671,10,,,1,18,,26681,10,,,1,18,,26649,10,,,1,58,,26650,10,,,1,18,,26651,10,,,1,18,,26659,10,,,1,58,,26654,10,,,1,18,,26672,10,,,1,18,,26680,10,,,1,19,,26656,10,,,1,61,,26658,10,,,1,21,,26657,10,,,1,60,,26662,10,,,1,20,,26655,10,,,1,20,,26673,10,,,1,60,,26682,10,,,1,20,,26663,10,,,1,20,,26661,10,,,1,60,,26664,10,,,1,20,,26660,10,,,1,20,,26670,10,,,1,60,,26675,10,,,1,20,,26683,10,,,1,20,,26666,10,,,1,60,,26669,10,,,1,19,,26665,10,,,1,20,,26667,10,,,1,20,,26668,10,,,1,59,,26674,10,,,1,17,,26684,10,,,1,68,,26677,10,,,1,29,,26679,10,,,1,27,,26678,10,,,1
10700,'MAWeekday',515,,26744,10,,,1,26,,26737,10,,,1,16,,26733,10,,,1,56,,26751,10,,,1,15,,26731,10,,,1,16,,26734,10,,,1,56,,26719,10,,,1,15,,26720,10,,,1,16,,26748,10,,,1,15,,26726,10,,,1,55,,26736,10,,,1,14,,26727,10,,,1,14,,26752,10,,,1,15,,26718,10,,,1,14,,26717,10,,,1,52,,26735,10,,,1,12,,26724,10,,,1,14,,26710,10,,,1,15,,26747,10,,,1,55,,26715,10,,,1,14,,26739,10,,,1,15,,26729,10,,,1,15,,26757,10,,,1,55,,26708,10,,,1,15,,26705,10,,,1,15,,26723,10,,,1,15,,26711,10,,,1,55,,26745,10,,,1,15,,26702,10,,,1,15,,26743,10,,,1,16,,26730,10,,,1,55,,26756,10,,,1,15,,26713,10,,,1,16,,26699,10,,,1,16,,26721,10,,,1,55,,26709,10,,,1,15,,26749,10,,,1,16,,26703,10,,,1,14,,26740,10,,,1,55,,26728,10,,,1,15,,26750,10,,,1,12,,26692,10,,,1,12,,26712,10,,,1,12,,26693,10,,,1,52,,26696,10,,,1,11,,26690,10,,,1,11,,26722,10,,,1,10,,26707,10,,,1,11,,26746,10,,,1,52,,26700,10,,,1,12,,26687,10,,,1,12,,26738,10,,,1,12,,26732,10,,,1,11,,26753,10,,,1,52,,26686,10,,,1,12,,26714,10,,,1,12,,26691,10,,,1,11,,26697,10,,,1,15,,26725,10,,,1,55,,26716,10,,,1,19,,26704,10,,,1,19,,26741,10,,,1,59,,26754,10,,,1,20,,26688,10,,,1,20,,26689,10,,,1,60,,26698,10,,,1,20,,26706,10,,,1,20,,26701,10,,,1,59,,26742,10,,,1,19,,26755,10,,,1,20,,26685,10,,,1,60,,26694,10,,,1,20,,26695,10,,,1
10901,'CPSaturday',648,,27276,18,,,1,60,,27269,18,,,1,21,,27262,18,,,1,21,,27255,18,,,1,61,,27254,18,,,1,21,,27247,18,,,1,20,,27277,18,,,1,61,,27270,18,,,1,20,,27263,18,,,1,21,,27256,18,,,1,62,,27246,18,,,1,20,,27248,18,,,1,20,,27249,18,,,1,59,,27278,18,,,1,18,,27271,18,,,1,18,,27266,18,,,1,59,,27240,18,,,1,18,,27259,18,,,1,19,,27253,18,,,1,59,,27242,18,,,1,18,,27238,18,,,1,18,,27279,18,,,1,58,,27275,18,,,1,19,,27267,18,,,1,18,,27237,18,,,1,19,,27258,18,,,1,58,,27250,18,,,1,18,,27241,18,,,1,20,,27239,18,,,1,59,,27281,18,,,1,20,,27273,18,,,1,20,,27264,18,,,1,60,,27234,18,,,1,20,,27257,18,,,1,20,,27251,18,,,1,59,,27243,18,,,1,20,,27233,18,,,1,19,,27280,18,,,1,57,,27272,18,,,1,17,,27265,18,,,1,17,,27235,18,,,1,18,,27260,18,,,1,58,,27252,18,,,1,18,,27244,18,,,1,16,,27232,18,,,1,64,,27274,18,,,1,24,,27268,18,,,1,65,,27236,18,,,1,25,,27261,18,,,1,20,,27245,18,,,1,62,,27231,18,,,1
10901,'CPSunday',736,,27319,18,,,1,65,,27312,18,,,1,28,,27308,18,,,1,26,,27301,18,,,1,67,,27300,18,,,1,26,,27318,18,,,1,65,,27313,18,,,1,20,,27307,18,,,1,22,,27297,18,,,1,61,,27302,18,,,1,21,,27292,18,,,1,20,,27290,18,,,1,61,,27320,18,,,1,21,,27314,18,,,1,61,,27306,18,,,1,20,,27291,18,,,1,21,,27299,18,,,1,60,,27293,18,,,1,20,,27286,18,,,1,20,,27321,18,,,1,60,,27315,18,,,1,21,,27305,18,,,1,19,,27285,18,,,1,59,,27304,18,,,1,19,,27296,18,,,1,20,,27287,18,,,1,19,,27324,18,,,1,60,,27317,18,,,1,20,,27309,18,,,1,20,,27282,18,,,1,59,,27303,18,,,1,20,,27298,18,,,1,20,,27289,18,,,1,59,,27322,18,,,1,20,,27316,18,,,1,20,,27310,18,,,1,64,,27284,18,,,1,24,,27295,18,,,1,65,,27288,18,,,1,25,,27323,18,,,1,24,,27311,18,,,1,69,,27283,18,,,1,29,,27294,18,,,1
10901,'CPWeekday',445,,27325,18,,,1,65,,27326,18,,,1,28,,27327,18,,,1,66,,27328,18,,,1,21,,27329,18,,,1,19,,27330,18,,,1,56,,27331,18,,,1,10,,27332,18,,,1,10,,27333,18,,,1,11,,27334,18,,,1,12,,27335,18,,,1,12,,27336,18,,,1,50,,27337,18,,,1,10,,27338,18,,,1,10,,27339,18,,,1,10,,27340,18,,,1,10,,27341,18,,,1,10,,27342,18,,,1,50,,27343,18,,,1,10,,27344,18,,,1,10,,27345,18,,,1,10,,27346,18,,,1,9,,27347,18,,,1,9,,27348,18,,,1,50,,27349,18,,,1,10,,27350,18,,,1,10,,27351,18,,,1,10,,27352,18,,,1,8,,27353,18,,,1,10,,27354,18,,,1,54,,27355,18,,,1,15,,27356,18,,,1,15,,27357,18,,,1,15,,27358,18,,,1,55,,27359,18,,,1,14,,27360,18,,,1,15,,27361,18,,,1,15,,27362,18,,,1,55,,27363,18,,,1,15,,27364,18,,,1,15,,27365,18,,,1,15,,27366,18,,,1,55,,27367,18,,,1,15,,27368,18,,,1,15,,27369,18,,,1,16,,27370,18,,,1,56,,27371,18,,,1,16,,27372,18,,,1,16,,27373,18,,,1,15,,27374,18,,,1,55,,27375,18,,,1,15,,27376,18,,,1,15,,27377,18,,,1,15,,27378,18,,,1,55,,27379,18,,,1,15,,27380,18,,,1,15,,27381,18,,,1,15,,27382,18,,,1,55,,27383,18,,,1,15,,27384,18,,,1,14,,27385,18,,,1,13,,27386,18,,,1,55,,27387,18,,,1,15,,27388,18,,,1,15,,27389,18,,,1,13,,27390,18,,,1,55,,27391,18,,,1,14,,27392,18,,,1,15,,27393,18,,,1,15,,27394,18,,,1,55,,27395,18,,,1,14,,27396,18,,,1,15,,27397,18,,,1,13,,27398,18,,,1,15,,27399,18,,,1,54,,27400,18,,,1,15,,27401,18,,,1,16,,27402,18,,,1,15,,27403,18,,,1,58,,27404,18,,,1
13500,'CPWeekday',637,,27773,16,,,1,15,,27774,16,,,1,55,,27775,16,,,1,15,,27776,16,,,1,15,,27777,16,,,1,15,,27778,16,,,1,55,,27779,16,,,1,15,,27780,16,,,1,15,,27781,16,,,1,15,,27782,16,,,1,55,,27783,16,,,1,15,,27784,16,,,1,15,,27785,16,,,1,15,,27786,16,,,1,572,,27787,16,,,1,15,,27788,16,,,1,15,,27789,16,,,1,55,,27790,16,,,1,15,,27791,16,,,1,15,,27792,16,,,1,15,,27793,16,,,1,55,,27794,16,,,1,15,,27795,16,,,1,15,,27796,16,,,1,15,,27797,16,,,1,55,,27798,16,,,1,15,,27799,16,,,1
