1300,'CPHoliday1',621,,31858,2,,,1,35,,31859,2,,,1,75,,31860,2,,,1,75,,31861,2,,,1,35,,31862,2,,,1,76,,31863,2,,,1,38,,31864,2,,,1,78,,31865,2,,,1,78,,31866,2,,,1,40,,31867,2,,,1,80,,31868,2,,,1,80,,31869,2,,,1,40,,31870,2,,,1,80,,31871,2,,,1,80,,31872,2,,,1,40,,31873,2,,,1,80,,31874,2,,,1,80,,31875,2,,,1,40,,31876,2,,,1,80,,31877,2,,,1,80,,31878,2,,,1,40,,31879,2,,,1,80,,31880,2,,,1,80,,31881,2,,,1,45,,31882,2,,,1,95,,31883,2,,,1,95,,31884,2,,,1,95,,31885,2,,,1,95,,31886,2,,,1
1300,'CPSaturday',431,,31887,2,,,1,72,,31888,2,,,1,32,,31889,2,,,1,74,,31890,2,,,1,34,,31891,2,,,1,74,,31892,2,,,1,36,,31893,2,,,1,76,,31894,2,,,1,76,,31895,2,,,1,26,,31896,2,,,1,26,,31897,2,,,1,70,,31898,2,,,1,30,,31899,2,,,1,72,,31900,2,,,1,72,,31901,2,,,1,32,,31902,2,,,1,72,,31903,2,,,1,32,,31904,2,,,1,72,,31905,2,,,1,32,,31906,2,,,1,70,,31907,2,,,1,30,,31908,2,,,1,70,,31909,2,,,1,32,,31910,2,,,1,72,,31911,2,,,1,32,,31912,2,,,1,72,,31913,2,,,1,32,,31914,2,,,1,70,,31915,2,,,1,30,,31916,2,,,1,70,,31917,2,,,1,30,,31918,2,,,1,80,,31919,2,,,1,90,,31920,2,,,1,90,,31921,2,,,1,90,,31922,2,,,1,50,,31923,2,,,1,90,,31924,2,,,1
1300,'CPSunday',621,,31925,2,,,1,35,,31926,2,,,1,75,,31927,2,,,1,75,,31928,2,,,1,35,,31929,2,,,1,76,,31930,2,,,1,38,,31931,2,,,1,78,,31932,2,,,1,78,,31933,2,,,1,40,,31934,2,,,1,80,,31935,2,,,1,80,,31936,2,,,1,40,,31937,2,,,1,80,,31938,2,,,1,80,,31939,2,,,1,40,,31940,2,,,1,80,,31941,2,,,1,80,,31942,2,,,1,40,,31943,2,,,1,80,,31944,2,,,1,80,,31945,2,,,1,40,,31946,2,,,1,80,,31947,2,,,1,80,,31948,2,,,1,45,,31949,2,,,1,95,,31950,2,,,1,95,,31951,2,,,1,95,,31952,2,,,1,95,,31953,2,,,1
1300,'CPWeekday',431,,31954,2,,,1,20,,31955,2,,,1,65,,31956,2,,,1,25,,31957,2,,,1,65,,31958,2,,,1,25,,31959,2,,,1,26,,31960,2,,,1,66,,31961,2,,,1,28,,31962,2,,,1,68,,31963,2,,,1,26,,31964,2,,,1,66,,31965,2,,,1,25,,31966,2,,,1,65,,31967,2,,,1,25,,31968,2,,,1,25,,31969,2,,,1,65,,31970,2,,,1,25,,31971,2,,,1,65,,31972,2,,,1,24,,31973,2,,,1,24,,31974,2,,,1,66,,31975,2,,,1,26,,31976,2,,,1,65,,31977,2,,,1,25,,31978,2,,,1,65,,31979,2,,,1,24,,31980,2,,,1,24,,31981,2,,,1,64,,31982,2,,,1,24,,31983,2,,,1,64,,31984,2,,,1,24,,31985,2,,,1,24,,31986,2,,,1,64,,31987,2,,,1,24,,31988,2,,,1,22,,31989,2,,,1,62,,31990,2,,,1,24,,31991,2,,,1,66,,31992,2,,,1,30,,31993,2,,,1,70,,31994,2,,,1,30,,31995,2,,,1,90,,31996,2,,,1,90,,31997,2,,,1,90,,31998,2,,,1,90,,31999,2,,,1,55,,32000,2,,,1,95,,32001,2,,,1
1400,'CPWeekday',439,,32141,2,,,1,74,,32142,2,,,1,35,,32143,2,,,1,75,,32144,2,,,1,35,,32145,2,,,1,76,,32146,2,,,1,76,,32147,2,,,1,20,,32148,2,,,1,96,,32149,2,,,1,95,,32150,2,,,1,95,,32151,2,,,1,95,,32152,2,,,1,95,,32153,2,,,1,95,,32154,2,,,1,38,,32155,2,,,1,80,,32156,2,,,1,40,,32157,2,,,1,80,,32158,2,,,1,81,,32159,2,,,1,82,,32160,2,,,1,54,,32161,2,,,1,97,,32162,2,,,1,97,,32163,2,,,1,97,,32164,2,,,1,97,,32165,2,,,1,97,,32166,2,,,1
4500,'CPWeekday',546,,37282,2,0,11 22 12 13 14 23,1,73,,37284,2,0,11 22 12 13 14 23,1,38,,37286,2,0,11 22 12 13 14 23,1,84,,37288,2,0,11 22 12 13 14 23,1,76,,37290,2,0,11 22 12 13 14 23,1,42,,37292,2,0,11 22 12 13 14 23,1,552,,37303,2,0,11 22 12 13 14 23,1,34,,37305,2,0,11 22 12 13 14 23,1,76,,37307,2,0,11 22 12 13 14 23,1,80,,37309,2,0,11 22 12 13 14 23,1,36,,37311,2,0,11 22 12 13 14 23,1,74,,37313,2,0,11 22 12 13 14 23,1,38,,37315,2,0,11 22 12 13 14 23,1,78,,37317,2,0,11 22 12 13 14 23,1
11000,'CPHoliday1',718,,41401,2,,,1,32,,41390,2,,,1,72,,41399,2,,,1,32,,41407,2,,,1,72,,41397,2,,,1,32,,41389,2,,,1,72,,41409,2,,,1,72,,41394,2,,,1,32,,41385,2,,,1,66,,41380,2,,,1,26,,41404,2,,,1,26,,41398,2,,,1,66,,41379,2,,,1,26,,41377,2,,,1,66,,41410,2,,,1,26,,41393,2,,,1,66,,41386,2,,,1,26,,41384,2,,,1,26,,41406,2,,,1,66,,41396,2,,,1,26,,41382,2,,,1,66,,41388,2,,,1,26,,41402,2,,,1,66,,41400,2,,,1,24,,41378,2,,,1,24,,41381,2,,,1,64,,41405,2,,,1,30,,41392,2,,,1,70,,41387,2,,,1,31,,41408,2,,,1,72,,41391,2,,,1,32,,41383,2,,,1,70,,41403,2,,,1,30,,41395,2,,,1
11000,'CPSaturday',718,,41443,2,,,1,32,,41433,2,,,1,72,,41434,2,,,1,32,,41444,2,,,1,72,,41432,2,,,1,32,,41431,2,,,1,72,,41435,2,,,1,72,,41425,2,,,1,32,,41424,2,,,1,66,,41422,2,,,1,26,,41440,2,,,1,26,,41421,2,,,1,66,,41423,2,,,1,26,,41420,2,,,1,66,,41438,2,,,1,26,,41419,2,,,1,66,,41426,2,,,1,26,,41418,2,,,1,26,,41437,2,,,1,66,,41414,2,,,1,26,,41429,2,,,1,66,,41412,2,,,1,26,,41439,2,,,1,66,,41415,2,,,1,24,,41428,2,,,1,24,,41411,2,,,1,64,,41436,2,,,1,30,,41416,2,,,1,70,,41427,2,,,1,31,,41441,2,,,1,72,,41417,2,,,1,32,,41430,2,,,1,70,,41442,2,,,1,30,,41413,2,,,1
11000,'CPSunday',718,,41469,2,,,1,32,,41458,2,,,1,72,,41467,2,,,1,32,,41475,2,,,1,72,,41465,2,,,1,32,,41457,2,,,1,72,,41477,2,,,1,72,,41462,2,,,1,32,,41453,2,,,1,66,,41448,2,,,1,26,,41472,2,,,1,26,,41466,2,,,1,66,,41447,2,,,1,26,,41445,2,,,1,66,,41478,2,,,1,26,,41461,2,,,1,66,,41454,2,,,1,26,,41452,2,,,1,26,,41474,2,,,1,66,,41464,2,,,1,26,,41450,2,,,1,66,,41456,2,,,1,26,,41470,2,,,1,66,,41468,2,,,1,24,,41446,2,,,1,24,,41449,2,,,1,64,,41473,2,,,1,30,,41460,2,,,1,70,,41455,2,,,1,31,,41476,2,,,1,72,,41459,2,,,1,32,,41451,2,,,1,70,,41471,2,,,1,30,,41463,2,,,1
11000,'CPWeekday',454,,41537,2,,,1,57,,41529,2,,,1,17,,41533,2,,,1,19,,41530,2,,,1,58,,41531,2,,,1,22,,41532,2,,,1,17,,41526,2,,,1,59,,41528,2,,,1,26,,41524,2,,,1,19,,41525,2,,,1,63,,41527,2,,,1,22,,41519,2,,,1,21,,41523,2,,,1,59,,41521,2,,,1,24,,41522,2,,,1,22,,41520,2,,,1,59,,41518,2,,,1,21,,41517,2,,,1,61,,41515,2,,,1,21,,41516,2,,,1,21,,41514,2,,,1,61,,41513,2,,,1,21,,41511,2,,,1,22,,41512,2,,,1,61,,41510,2,,,1,22,,41507,2,,,1,21,,41508,2,,,1,62,,41506,2,,,1,19,,41509,2,,,1,21,,41505,2,,,1,61,,41503,2,,,1,22,,41504,2,,,1,22,,41502,2,,,1,62,,41501,2,,,1,23,,41500,2,,,1,63,,41499,2,,,1,24,,41498,2,,,1,23,,41496,2,,,1,63,,41494,2,,,1,23,,41493,2,,,1,62,,41495,2,,,1,21,,41488,2,,,1,21,,41489,2,,,1,58,,41480,2,,,1,18,,41483,2,,,1,18,,41497,2,,,1,17,,41482,2,,,1,70,,41491,2,,,1,30,,41479,2,,,1,69,,41484,2,,,1,27,,41490,2,,,1
