1001,'CPHoliday1',738,,17246,27,,,1,70,,17245,27,,,1,30,,17244,27,,,1,72,,17243,27,,,1,34,,17242,27,,,1,74,,17241,27,,,1,33,,17240,27,,,1,74,,17239,27,,,1,75,,17238,27,,,1,35,,17236,27,,,1,75,,17237,27,,,1,35,,17235,27,,,1,75,,17234,27,,,1,35,,17232,27,,,1,76,,17233,27,,,1,76,,17231,27,,,1,37,,17227,27,,,1,76,,17229,27,,,1,36,,17225,27,,,1,76,,17224,27,,,1,74,,17228,27,,,1,34,,17221,27,,,1,73,,17222,27,,,1,34,,17219,27,,,1,73,,17226,27,,,1,34,,17223,27,,,1,73,,17218,27,,,1,32,,17217,27,,,1,71,,17230,27,,,1,29,,17220,27,,,1
1001,'CPSaturday',631,,17286,27,,,1,26,,17284,27,,,1,66,,17285,27,,,1,25,,17282,27,,,1,65,,17283,27,,,1,27,,17279,27,,,1,65,,17280,27,,,1,27,,17278,27,,,1,27,,17281,27,,,1,67,,17276,27,,,1,27,,17277,27,,,1,68,,17275,27,,,1,28,,17274,27,,,1,68,,17273,27,,,1,28,,17272,27,,,1,70,,17271,27,,,1,29,,17270,27,,,1,69,,17268,27,,,1,28,,17269,27,,,1,69,,17267,27,,,1,29,,17266,27,,,1,70,,17261,27,,,1,30,,17262,27,,,1,69,,17257,27,,,1,30,,17256,27,,,1,67,,17260,27,,,1,28,,17255,27,,,1,67,,17265,27,,,1,28,,17254,27,,,1,27,,17251,27,,,1,68,,17258,27,,,1,26,,17248,27,,,1,66,,17264,27,,,1,25,,17252,27,,,1,66,,17250,27,,,1,26,,17259,27,,,1,26,,17249,27,,,1,66,,17263,27,,,1,23,,17253,27,,,1,64,,17247,27,,,1
1001,'CPSunday',738,,17316,27,,,1,70,,17315,27,,,1,30,,17314,27,,,1,72,,17313,27,,,1,34,,17312,27,,,1,74,,17311,27,,,1,33,,17310,27,,,1,74,,17309,27,,,1,75,,17308,27,,,1,35,,17306,27,,,1,75,,17307,27,,,1,35,,17305,27,,,1,75,,17304,27,,,1,35,,17302,27,,,1,76,,17303,27,,,1,76,,17301,27,,,1,37,,17297,27,,,1,76,,17299,27,,,1,36,,17295,27,,,1,76,,17294,27,,,1,74,,17298,27,,,1,34,,17291,27,,,1,73,,17292,27,,,1,34,,17289,27,,,1,73,,17296,27,,,1,34,,17293,27,,,1,73,,17288,27,,,1,32,,17287,27,,,1,71,,17300,27,,,1,29,,17290,27,,,1
1001,'CPWeekday',458,,17366,27,,,1,62,,17362,27,,,1,20,,17365,27,,,1,63,,17364,27,,,1,22,,17363,27,,,1,22,,17360,27,,,1,66,,17361,27,,,1,25,,17359,27,,,1,7,,17367,27,,,1,58,,17358,27,,,1,27,,17357,27,,,1,26,,17356,27,,,1,64,,17354,27,,,1,25,,17355,27,,,1,64,,17353,27,,,1,26,,17352,27,,,1,65,,17351,27,,,1,24,,17350,27,,,1,25,,17349,27,,,1,65,,17348,27,,,1,25,,17347,27,,,1,65,,17346,27,,,1,25,,17345,27,,,1,25,,17344,27,,,1,66,,17342,27,,,1,28,,17343,27,,,1,67,,17337,27,,,1,27,,17334,27,,,1,67,,17336,27,,,1,27,,17335,27,,,1,64,,17329,27,,,1,22,,17328,27,,,1,21,,17339,27,,,1,62,,17333,27,,,1,22,,17326,27,,,1,22,,17325,27,,,1,63,,17327,27,,,1,23,,17324,27,,,1,19,,17323,27,,,1,60,,17341,27,,,1,22,,17330,27,,,1,22,,17322,27,,,1,63,,17320,27,,,1,34,,17321,27,,,1,73,,17338,27,,,1,31,,17332,27,,,1,72,,17318,27,,,1,71,,17319,27,,,1,28,,17340,27,,,1,29,,17331,27,,,1,67,,17317,27,,,1
3900,'CPHoliday1',618,,22190,36,,,1,38,,22184,36,,,1,82,,22179,36,,,1,78,,22175,36,,,1,41,,22191,36,,,1,82,,22182,36,,,1,82,,22180,36,,,1,83,,22174,36,,,1,43,,22189,36,,,1,84,,22183,36,,,1,86,,22176,36,,,1,85,,22173,36,,,1,45,,22192,36,,,1,85,,22186,36,,,1,85,,22177,36,,,1,84,,22172,36,,,1,45,,22193,36,,,1,85,,22185,36,,,1,83,,22178,36,,,1,44,,22171,36,,,1,82,,22188,36,,,1,80,,22187,36,,,1,81,,22181,36,,,1,35,,22170,36,,,1
3900,'CPSaturday',800,,22199,36,,,1,25,,22198,36,,,1,216,,22200,36,,,1,69,,22197,36,,,1,229,,22201,36,,,1,70,,22196,36,,,1,231,,22202,36,,,1,70,,22195,36,,,1,226,,22203,36,,,1,69,,22194,36,,,1,210,,22204,36,,,1
3900,'CPSunday',618,,22225,36,,,1,38,,22219,36,,,1,82,,22214,36,,,1,78,,22210,36,,,1,41,,22226,36,,,1,82,,22217,36,,,1,82,,22215,36,,,1,83,,22209,36,,,1,43,,22224,36,,,1,84,,22218,36,,,1,86,,22211,36,,,1,85,,22208,36,,,1,45,,22227,36,,,1,85,,22221,36,,,1,85,,22212,36,,,1,84,,22207,36,,,1,45,,22228,36,,,1,85,,22220,36,,,1,83,,22213,36,,,1,44,,22206,36,,,1,82,,22223,36,,,1,80,,22222,36,,,1,81,,22216,36,,,1,35,,22205,36,,,1
3900,'MASaturday',618,,22252,36,,,1,25,,22251,36,,,1,67,,22245,36,,,1,25,,22244,36,,,1,116,,22246,36,,,1,67,,22239,36,,,1,26,,22237,36,,,1,69,,22238,36,,,1,125,,22250,36,,,1,71,,22240,36,,,1,30,,22234,36,,,1,70,,22232,36,,,1,130,,22249,36,,,1,70,,22243,36,,,1,31,,22235,36,,,1,70,,22230,36,,,1,129,,22247,36,,,1,70,,22242,36,,,1,30,,22233,36,,,1,70,,22229,36,,,1,125,,22248,36,,,1,25,,22241,36,,,1,66,,22236,36,,,1,25,,22231,36,,,1
3900,'MAWeekday',446,,22253,3,,,1,91,,22254,36,,,1,63,,22255,36,,,1,24,,22256,36,,,1,20,,22257,36,,,1,58,,22258,36,,,1,21,,22259,36,,,1,19,,22260,36,,,1,60,,22261,36,,,1,23,,22262,36,,,1,23,,22263,36,,,1,61,,22264,36,,,1,31,,22265,36,,,1,77,,22266,36,,,1,37,,22267,36,,,1,78,,22268,36,,,1,77,,22269,36,,,1,37,,22270,36,,,1,75,,22271,36,,,1,34,,22272,36,,,1,66,,22273,36,,,1,28,,22274,36,,,1,59,,22275,36,,,1,20,,22276,36,,,1,21,,22277,36,,,1,62,,22278,36,,,1,18,,22279,36,,,1,19,,22280,36,,,1,58,,22281,36,,,1,19,,22282,36,,,1,22,,22283,36,,,1,62,,22284,36,,,1,21,,22285,36,,,1,23,,22286,36,,,1,58,,22287,36,,,1,22,,22288,36,,,1,23,,22289,36,,,1,59,,22290,36,,,1,35,,22291,36,,,1,78,,22292,36,,,1,81,,22293,36,,,1,41,,22294,36,,,1,77,,22295,36,,,1,74,,22296,36,,,1,33,,22297,36,,,1,75,,22298,36,,,1,34,,22299,36,,,1
4301,'CPWeekday',1446,,22984,28,,,1,82,,22982,28,,,1,82,,22987,28,,,1,40,,22989,28,,,1,80,,22985,28,,,1,81,,22983,28,,,1,42,,22988,28,,,1,81,,22990,28,,,1,79,,22986,28,,,1
30601,'CPWeekday',1449,,27830,11,,,1
