1301,'CPHoliday1',752,,4165,52,,,1,78,,4166,52,,,1,77,,4167,52,,,1,36,,4168,52,,,1,80,,4169,52,,,1,82,,4170,52,,,1,39,,4171,52,,,1,80,,4172,52,,,1,81,,4173,52,,,1,41,,4174,52,,,1,81,,4175,52,,,1,82,,4176,52,,,1,42,,4177,52,,,1,82,,4178,52,,,1,80,,4179,52,,,1,41,,4180,52,,,1,82,,4181,52,,,1,81,,4182,52,,,1,40,,4183,52,,,1,78,,4184,52,,,1,78,,4185,52,,,1,40,,4186,52,,,1,74,,4187,52,,,1,75,,4188,52,,,1,48,,4189,52,,,1,88,,4190,52,,,1,87,,4191,52,,,1
1301,'CPSaturday',601,,4192,52,,,1,36,,4193,52,,,1,77,,4194,52,,,1,40,,4195,52,,,1,76,,4196,52,,,1,80,,4197,52,,,1,39,,4198,52,,,1,79,,4199,52,,,1,80,,4200,52,,,1,33,,4201,52,,,1,74,,4202,52,,,1,32,,4203,52,,,1,72,,4204,52,,,1,34,,4205,52,,,1,74,,4206,52,,,1,74,,4207,52,,,1,34,,4208,52,,,1,72,,4209,52,,,1,34,,4210,52,,,1,74,,4211,52,,,1,34,,4212,52,,,1,71,,4213,52,,,1,30,,4214,52,,,1,71,,4215,52,,,1,31,,4216,52,,,1,70,,4217,52,,,1,30,,4218,52,,,1,70,,4219,52,,,1,30,,4220,52,,,1,68,,4221,52,,,1,26,,4222,52,,,1,67,,4223,52,,,1,46,,4224,52,,,1,87,,4225,52,,,1,88,,4226,52,,,1
1301,'CPSunday',752,,4227,52,,,1,78,,4228,52,,,1,77,,4229,52,,,1,36,,4230,52,,,1,80,,4231,52,,,1,82,,4232,52,,,1,39,,4233,52,,,1,80,,4234,52,,,1,81,,4235,52,,,1,41,,4236,52,,,1,81,,4237,52,,,1,82,,4238,52,,,1,42,,4239,52,,,1,82,,4240,52,,,1,80,,4241,52,,,1,41,,4242,52,,,1,82,,4243,52,,,1,81,,4244,52,,,1,40,,4245,52,,,1,78,,4246,52,,,1,78,,4247,52,,,1,40,,4248,52,,,1,74,,4249,52,,,1,75,,4250,52,,,1,48,,4251,52,,,1,88,,4252,52,,,1,87,,4253,52,,,1
1301,'CPWeekday',508,,4257,52,,,1,22,,4258,52,,,1,22,,4259,52,,,1,62,,4260,52,,,1,26,,4261,52,,,1,68,,4262,52,,,1,30,,4263,52,,,1,68,,4264,52,,,1,7,,4255,52,,,1,20,,4265,52,,,1,14,,4256,52,,,1,2,,4254,52,,,1,9,,4266,52,,,1,65,,4267,52,,,1,26,,4268,52,,,1,67,,4269,52,,,1,25,,4270,52,,,1,66,,4271,52,,,1,26,,4272,52,,,1,24,,4273,52,,,1,65,,4274,52,,,1,24,,4275,52,,,1,65,,4276,52,,,1,24,,4277,52,,,1,65,,4278,52,,,1,28,,4279,52,,,1,29,,4280,52,,,1,64,,4281,52,,,1,21,,4282,52,,,1,62,,4283,52,,,1,25,,4284,52,,,1,26,,4285,52,,,1,65,,4286,52,,,1,24,,4287,52,,,1,64,,4288,52,,,1,23,,4289,52,,,1,23,,4290,52,,,1,60,,4291,52,,,1,21,,4292,52,,,1,19,,4293,52,,,1,61,,4294,52,,,1,22,,4295,52,,,1,64,,4296,52,,,1,28,,4297,52,,,1,29,,4298,52,,,1,69,,4299,52,,,1,25,,4300,52,,,1,68,,4301,52,,,1,89,,4302,52,,,1,49,,4303,52,,,1,90,,4304,52,,,1,88,,4305,52,,,1
1401,'CPWeekday',502,,4358,33,0,17 18 19 20 14 15 16,1,37,,4359,33,0,17 18 19 20 14 15 16,1,77,,4357,33,0,17 18 19 20 14 15 16,1,24,,4354,33,0,17 18 19 20 14 15 16,1,83,,4355,33,0,17 18 19 20 14 15 16,1,89,,4353,33,0,17 18 19 20 14 15 16,1,14,,4333,33,0,17 18 19 20 14 15 16,1,20,,4356,33,0,21 18 19 20 14 15 16,1,96,,4352,33,0,21 18 19 20 14 15 16,1,99,,4351,33,0,21 18 19 20 14 15 16,1,96,,4350,33,0,21 18 19 20 14 15 16,1,96,,4349,33,0,21 18 19 20 14 15 16,1,96,,4348,33,0,21 18 19 20 14 15 16,1,98,,4347,33,0,21 18 19 20 14 15 16,1,28,,4334,33,0,21 18 19 20 14 15 16,1,55,,4346,33,0,17 18 19 20 14 15 16,1,35,,4345,33,0,17 18 19 20 14 15 16,1,84,,4344,33,0,17 18 19 20 14 15 16,1,80,,4343,33,0,17 18 19 20 14 15 16,1,42,,4341,33,0,17 18 19 20 14 15 16,1,78,,4342,33,0,17 18 19 20 14 15 16,1,80,,4340,33,0,21 18 19 20 14 15 16,1,93,,4339,33,0,21 18 19 20 14 15 16,1,53,,4338,33,0,21 18 19 20 14 15 16,1,93,,4337,33,0,21 18 19 20 14 15 16,1,92,,4336,33,0,21 18 19 20 14 15 16,1,93,,4335,33,0,21 18 19 20 14 15 16,1
2901,'CPHoliday1',729,,6864,44,,,1,89,,6865,44,,,1,90,,6866,44,,,1,50,,6867,44,,,1,91,,6868,44,,,1,91,,6869,44,,,1,90,,6870,44,,,1,89,,6871,44,,,1,91,,6872,44,,,1,90,,6873,44,,,1,50,,6874,44,,,1,90,,6875,44,,,1,90,,6876,44,,,1,90,,6877,44,,,1,89,,6878,44,,,1,47,,6879,44,,,1,90,,6880,44,,,1,90,,6881,44,,,1,90,,6882,44,,,1,89,,6883,44,,,1,90,,6884,44,,,1,50,,6885,44,,,1,85,,6886,44,,,1
2901,'CPSaturday',531,,6887,44,,,1,72,,6888,44,,,1,32,,6889,44,,,1,74,,6890,44,,,1,33,,6891,44,,,1,74,,6892,44,,,1,34,,6893,44,,,1,75,,6894,44,,,1,75,,6895,44,,,1,35,,6896,44,,,1,74,,6897,44,,,1,34,,6898,44,,,1,74,,6899,44,,,1,34,,6900,44,,,1,74,,6901,44,,,1,34,,6902,44,,,1,76,,6903,44,,,1,76,,6904,44,,,1,38,,6905,44,,,1,76,,6906,44,,,1,76,,6907,44,,,1,36,,6908,44,,,1,76,,6909,44,,,1,35,,6910,44,,,1,76,,6911,44,,,1,34,,6912,44,,,1,78,,6913,44,,,1,79,,6914,44,,,1,89,,6915,44,,,1,50,,6916,44,,,1,89,,6917,44,,,1,89,,6918,44,,,1,90,,6919,44,,,1,89,,6920,44,,,1
2901,'CPSunday',729,,6921,44,,,1,89,,6922,44,,,1,90,,6923,44,,,1,50,,6924,44,,,1,91,,6925,44,,,1,91,,6926,44,,,1,90,,6927,44,,,1,89,,6928,44,,,1,91,,6929,44,,,1,90,,6930,44,,,1,50,,6931,44,,,1,90,,6932,44,,,1,90,,6933,44,,,1,90,,6934,44,,,1,89,,6935,44,,,1,47,,6936,44,,,1,90,,6937,44,,,1,90,,6938,44,,,1,90,,6939,44,,,1,89,,6940,44,,,1,90,,6941,44,,,1,50,,6942,44,,,1,85,,6943,44,,,1
2901,'CPWeekday',453,,6945,44,,,1,72,,6946,44,,,1,34,,6947,44,,,1,79,,6948,44,,,1,77,,6949,44,,,1,33,,6944,44,,,1,6,,6950,44,,,1,76,,6951,44,,,1,78,,6952,44,,,1,36,,6953,44,,,1,78,,6954,44,,,1,78,,6955,44,,,1,38,,6956,44,,,1,79,,6957,44,,,1,37,,6958,44,,,1,78,,6959,44,,,1,79,,6960,44,,,1,39,,6961,44,,,1,79,,6962,44,,,1,78,,6963,44,,,1,40,,6964,44,,,1,80,,6965,44,,,1,80,,6966,44,,,1,39,,6967,44,,,1,77,,6968,44,,,1,78,,6969,44,,,1,46,,6970,44,,,1,89,,6971,44,,,1,90,,6972,44,,,1,89,,6973,44,,,1,91,,6974,44,,,1,50,,6975,44,,,1,91,,6976,44,,,1
4501,'CPWeekday',641,,9546,42,0,11 6 12 13 14 15 16,1,82,,9548,42,0,11 6 12 13 14 15 16,1,78,,9550,42,0,11 6 12 13 14 15 16,1,41,,9552,42,0,11 6 12 13 14 15 16,1,79,,9554,42,0,11 6 12 13 14 15 16,1,38,,9556,42,0,11 6 12 13 14 15 16,1,90,,9558,42,0,11 6 12 13 14 15 16,1,482,,9568,42,0,11 6 12 13 14 15 16,1,86,,9570,42,0,11 6 12 13 14 15 16,1,37,,9572,42,0,11 6 12 13 14 15 16,1,76,,9574,42,0,11 6 12 13 14 15 16,1,74,,9576,42,0,11 6 12 13 14 15 16,1,34,,9578,42,0,11 6 12 13 14 15 16,1,78,,9580,42,0,11 6 12 13 14 15 16,1,29,,9582,42,0,11 6 12 13 14 15 16,1
11001,'CPHoliday1',811,,13544,9,0,10 6 7 8 9,1,31,,13549,9,0,10 6 7 8 9,1,72,,13545,9,0,10 6 7 8 9,1,32,,13538,9,0,10 6 7 8 9,1,73,,13552,9,0,10 6 7 8 9,1,34,,13548,9,0,10 6 7 8 9,1,72,,13525,9,0,10 6 7 8 9,1,24,,13535,9,0,10 6 7 8 9,1,64,,13555,9,0,10 6 7 8 9,1,26,,13542,9,0,10 6 7 8 9,1,66,,13536,9,0,10 6 7 8 9,1,26,,13529,9,0,10 6 7 8 9,1,26,,13550,9,0,10 6 7 8 9,1,66,,13543,9,0,10 6 7 8 9,1,26,,13528,9,0,10 6 7 8 9,1,66,,13526,9,0,10 6 7 8 9,1,26,,13554,9,0,10 6 7 8 9,1,66,,13541,9,0,10 6 7 8 9,1,26,,13534,9,0,10 6 7 8 9,1,26,,13533,9,0,10 6 7 8 9,1,65,,13557,9,0,10 6 7 8 9,1,24,,13547,9,0,10 6 7 8 9,1,66,,13530,9,0,10 6 7 8 9,1,25,,13532,9,0,10 6 7 8 9,1,64,,13553,9,0,10 6 7 8 9,1,26,,13540,9,0,10 6 7 8 9,1,74,,13537,9,0,10 6 7 8 9,1,34,,13556,9,0,10 6 7 8 9,1,72,,13539,9,0,10 6 7 8 9,1,32,,13531,9,0,10 6 7 8 9,1,70,,13551,9,0,10 6 7 8 9,1,30,,13546,9,0,10 6 7 8 9,1,70,,13527,9,0,10 6 7 8 9,1
11001,'CPSaturday',811,,13581,9,0,10 6 7 8 9,1,31,,13590,9,0,10 6 7 8 9,1,72,,13580,9,0,10 6 7 8 9,1,32,,13579,9,0,10 6 7 8 9,1,73,,13589,9,0,10 6 7 8 9,1,34,,13578,9,0,10 6 7 8 9,1,72,,13572,9,0,10 6 7 8 9,1,24,,13569,9,0,10 6 7 8 9,1,64,,13587,9,0,10 6 7 8 9,1,26,,13568,9,0,10 6 7 8 9,1,66,,13571,9,0,10 6 7 8 9,1,26,,13567,9,0,10 6 7 8 9,1,26,,13583,9,0,10 6 7 8 9,1,66,,13566,9,0,10 6 7 8 9,1,26,,13570,9,0,10 6 7 8 9,1,66,,13565,9,0,10 6 7 8 9,1,26,,13588,9,0,10 6 7 8 9,1,66,,13560,9,0,10 6 7 8 9,1,26,,13574,9,0,10 6 7 8 9,1,26,,13559,9,0,10 6 7 8 9,1,65,,13582,9,0,10 6 7 8 9,1,24,,13561,9,0,10 6 7 8 9,1,66,,13575,9,0,10 6 7 8 9,1,25,,13558,9,0,10 6 7 8 9,1,64,,13584,9,0,10 6 7 8 9,1,26,,13562,9,0,10 6 7 8 9,1,74,,13576,9,0,10 6 7 8 9,1,34,,13585,9,0,10 6 7 8 9,1,72,,13564,9,0,10 6 7 8 9,1,32,,13577,9,0,10 6 7 8 9,1,70,,13586,9,0,10 6 7 8 9,1,30,,13563,9,0,10 6 7 8 9,1,70,,13573,9,0,10 6 7 8 9,1
11001,'CPSunday',811,,13610,9,0,10 6 7 8 9,1,31,,13615,9,0,10 6 7 8 9,1,72,,13611,9,0,10 6 7 8 9,1,32,,13604,9,0,10 6 7 8 9,1,73,,13618,9,0,10 6 7 8 9,1,34,,13614,9,0,10 6 7 8 9,1,72,,13591,9,0,10 6 7 8 9,1,24,,13601,9,0,10 6 7 8 9,1,64,,13621,9,0,10 6 7 8 9,1,26,,13608,9,0,10 6 7 8 9,1,66,,13602,9,0,10 6 7 8 9,1,26,,13595,9,0,10 6 7 8 9,1,26,,13616,9,0,10 6 7 8 9,1,66,,13609,9,0,10 6 7 8 9,1,26,,13594,9,0,10 6 7 8 9,1,66,,13592,9,0,10 6 7 8 9,1,26,,13620,9,0,10 6 7 8 9,1,66,,13607,9,0,10 6 7 8 9,1,26,,13600,9,0,10 6 7 8 9,1,26,,13599,9,0,10 6 7 8 9,1,65,,13623,9,0,10 6 7 8 9,1,24,,13613,9,0,10 6 7 8 9,1,66,,13596,9,0,10 6 7 8 9,1,25,,13598,9,0,10 6 7 8 9,1,64,,13619,9,0,10 6 7 8 9,1,26,,13606,9,0,10 6 7 8 9,1,74,,13603,9,0,10 6 7 8 9,1,34,,13622,9,0,10 6 7 8 9,1,72,,13605,9,0,10 6 7 8 9,1,32,,13597,9,0,10 6 7 8 9,1,70,,13617,9,0,10 6 7 8 9,1,30,,13612,9,0,10 6 7 8 9,1,70,,13593,9,0,10 6 7 8 9,1
11001,'CPWeekday',437,,13709,9,0,10 6 7 8 9,1,17,,13711,9,0,10 6 7 8 9,1,60,,13710,9,0,10 6 7 8 9,1,19,,13704,9,0,10 6 7 8 9,1,18,,13705,9,0,10 6 7 8 9,1,58,,13707,9,0,10 6 7 8 9,1,20,,13706,9,0,10 6 7 8 9,1,19,,13708,9,0,10 6 7 8 9,1,60,,13703,9,0,10 6 7 8 9,1,21,,13697,9,0,10 6 7 8 9,1,21,,13702,9,0,10 6 7 8 9,1,62,,13700,9,0,10 6 7 8 9,1,21,,13701,9,0,10 6 7 8 9,1,25,,13687,9,0,10 6 7 8 9,1,60,,13688,9,0,10 6 7 8 9,1,20,,13696,9,0,10 6 7 8 9,1,63,,13695,9,0,10 6 7 8 9,1,21,,13694,9,0,10 6 7 8 9,1,18,,13686,9,0,10 6 7 8 9,1,61,,13683,9,0,10 6 7 8 9,1,21,,13682,9,0,10 6 7 8 9,1,22,,13680,9,0,10 6 7 8 9,1,61,,13678,9,0,10 6 7 8 9,1,22,,13675,9,0,10 6 7 8 9,1,21,,13672,9,0,10 6 7 8 9,1,61,,13671,9,0,10 6 7 8 9,1,21,,13670,9,0,10 6 7 8 9,1,21,,13668,9,0,10 6 7 8 9,1,62,,13662,9,0,10 6 7 8 9,1,23,,13664,9,0,10 6 7 8 9,1,22,,13663,9,0,10 6 7 8 9,1,62,,13659,9,0,10 6 7 8 9,1,21,,13656,9,0,10 6 7 8 9,1,63,,13655,9,0,10 6 7 8 9,1,23,,13654,9,0,10 6 7 8 9,1,22,,13652,9,0,10 6 7 8 9,1,62,,13650,9,0,10 6 7 8 9,1,20,,13648,9,0,10 6 7 8 9,1,22,,13646,9,0,10 6 7 8 9,1,63,,13644,9,0,10 6 7 8 9,1,23,,13641,9,0,10 6 7 8 9,1,63,,13640,9,0,10 6 7 8 9,1,19,,13633,9,0,10 6 7 8 9,1,21,,13637,9,0,10 6 7 8 9,1,64,,13632,9,0,10 6 7 8 9,1,17,,13642,9,0,10 6 7 8 9,1,21,,13626,9,0,10 6 7 8 9,1,66,,13636,9,0,10 6 7 8 9,1,28,,13625,9,0,10 6 7 8 9,1,70,,13628,9,0,10 6 7 8 9,1,29,,13635,9,0,10 6 7 8 9,1,70,,13624,9,0,10 6 7 8 9,1
