1000,'CPHoliday1',840,,3207,70,4,,1,72,,3206,70,4,,1,32,,3205,70,4,,1,73,,3204,70,4,,1,33,,3203,70,4,,1,74,,3202,70,4,,1,76,,3201,70,4,,1,36,,3200,70,4,,1,74,,3199,70,4,,1,35,,3198,70,4,,1,76,,3197,70,4,,1,37,,3196,70,4,,1,77,,3195,70,4,,1,75,,3194,70,4,,1,35,,3193,70,4,,1,75,,3192,70,4,,1,36,,3188,70,4,,1,73,,3190,70,4,,1,74,,3187,70,4,,1,35,,3186,70,4,,1,73,,3185,70,4,,1,34,,3191,70,4,,1,74,,3184,70,4,,1,34,,3182,70,4,,1,73,,3181,70,4,,1,31,,3189,70,4,,1,71,,3183,70,4,,1,30,,3180,70,4,,1
1000,'CPSaturday',652,,3248,70,4,,1,65,,3245,70,4,,1,25,,3243,70,4,,1,65,,3247,70,4,,1,25,,3246,70,4,,1,26,,3244,70,4,,1,67,,3241,70,4,,1,27,,3242,70,4,,1,67,,3239,70,4,,1,27,,3240,70,4,,1,68,,3238,70,4,,1,28,,3237,70,4,,1,68,,3236,70,4,,1,28,,3235,70,4,,1,70,,3234,70,4,,1,30,,3233,70,4,,1,68,,3232,70,4,,1,29,,3231,70,4,,1,70,,3230,70,4,,1,29,,3229,70,4,,1,70,,3228,70,4,,1,29,,3227,70,4,,1,67,,3222,70,4,,1,29,,3221,70,4,,1,29,,3217,70,4,,1,68,,3225,70,4,,1,28,,3216,70,4,,1,67,,3215,70,4,,1,28,,3218,70,4,,1,68,,3212,70,4,,1,25,,3226,70,4,,1,65,,3213,70,4,,1,26,,3209,70,4,,1,26,,3219,70,4,,1,67,,3211,70,4,,1,26,,3224,70,4,,1,65,,3214,70,4,,1,25,,3208,70,4,,1,63,,3220,70,4,,1,24,,3210,70,4,,1,23,,3223,70,4,,1
1000,'CPSunday',840,,3276,70,4,,1,72,,3275,70,4,,1,32,,3274,70,4,,1,73,,3273,70,4,,1,33,,3272,70,4,,1,74,,3271,70,4,,1,76,,3270,70,4,,1,36,,3269,70,4,,1,74,,3268,70,4,,1,35,,3267,70,4,,1,76,,3266,70,4,,1,37,,3265,70,4,,1,77,,3264,70,4,,1,75,,3263,70,4,,1,35,,3262,70,4,,1,75,,3261,70,4,,1,36,,3257,70,4,,1,73,,3259,70,4,,1,74,,3256,70,4,,1,35,,3255,70,4,,1,73,,3254,70,4,,1,34,,3260,70,4,,1,74,,3253,70,4,,1,34,,3251,70,4,,1,73,,3250,70,4,,1,31,,3258,70,4,,1,71,,3252,70,4,,1,30,,3249,70,4,,1
1000,'CPWeekday',552,,3324,70,4,,1,61,,3323,70,4,,1,22,,3325,70,4,,1,68,,3326,70,4,,1,23,,3322,70,4,,1,26,,3321,70,4,,1,66,,3320,70,4,,1,26,,3318,70,4,,1,65,,3319,70,4,,1,26,,3317,70,4,,1,65,,3316,70,4,,1,26,,3314,70,4,,1,25,,3315,70,4,,1,64,,3313,70,4,,1,24,,3312,70,4,,1,65,,3311,70,4,,1,25,,3310,70,4,,1,25,,3309,70,4,,1,66,,3308,70,4,,1,26,,3307,70,4,,1,65,,3306,70,4,,1,27,,3305,70,4,,1,67,,3303,70,4,,1,19,,3277,70,4,,1,7,,3304,70,4,,1,27,,3297,70,4,,1,65,,3294,70,4,,1,21,,3293,70,4,,1,61,,3301,70,4,,1,21,,3292,70,4,,1,23,,3290,70,4,,1,64,,3288,70,4,,1,23,,3289,70,4,,1,65,,3287,70,4,,1,19,,3285,70,4,,1,19,,3300,70,4,,1,61,,3296,70,4,,1,20,,3284,70,4,,1,20,,3283,70,4,,1,62,,3286,70,4,,1,23,,3282,70,4,,1,34,,3298,70,4,,1,68,,3295,70,4,,1,32,,3279,70,4,,1,73,,3280,70,4,,1,69,,3299,70,4,,1,30,,3291,70,4,,1,69,,3278,70,4,,1,28,,3281,70,4,,1,25,,3302,70,4,,1
1300,'CPHoliday1',701,,4020,52,4,,1,36,,4021,52,4,,1,74,,4022,52,4,,1,36,,4023,52,4,,1,78,,4024,52,4,,1,80,,4025,52,4,,1,38,,4026,52,4,,1,81,,4027,52,4,,1,81,,4028,52,4,,1,40,,4029,52,4,,1,80,,4030,52,4,,1,80,,4031,52,4,,1,42,,4032,52,4,,1,84,,4033,52,4,,1,82,,4034,52,4,,1,42,,4035,52,4,,1,81,,4036,52,4,,1,82,,4037,52,4,,1,39,,4038,52,4,,1,79,,4039,52,4,,1,80,,4040,52,4,,1,39,,4041,52,4,,1,79,,4042,52,4,,1,78,,4043,52,4,,1,44,,4044,52,4,,1,92,,4045,52,4,,1,90,,4046,52,4,,1,86,,4047,52,4,,1,88,,4048,52,4,,1
1300,'CPSaturday',513,,4049,52,4,,1,35,,4050,52,4,,1,74,,4051,52,4,,1,35,,4052,52,4,,1,75,,4053,52,4,,1,79,,4054,52,4,,1,39,,4055,52,4,,1,81,,4056,52,4,,1,78,,4057,52,4,,1,30,,4058,52,4,,1,69,,4059,52,4,,1,32,,4060,52,4,,1,72,,4061,52,4,,1,34,,4062,52,4,,1,74,,4063,52,4,,1,35,,4064,52,4,,1,74,,4065,52,4,,1,74,,4066,52,4,,1,34,,4067,52,4,,1,74,,4068,52,4,,1,34,,4069,52,4,,1,71,,4070,52,4,,1,32,,4071,52,4,,1,72,,4072,52,4,,1,30,,4073,52,4,,1,71,,4074,52,4,,1,31,,4075,52,4,,1,71,,4076,52,4,,1,30,,4077,52,4,,1,69,,4078,52,4,,1,29,,4079,52,4,,1,72,,4080,52,4,,1,88,,4081,52,4,,1,47,,4082,52,4,,1,86,,4083,52,4,,1,87,,4084,52,4,,1,86,,4085,52,4,,1
1300,'CPSunday',701,,4086,52,4,,1,36,,4087,52,4,,1,74,,4088,52,4,,1,36,,4089,52,4,,1,78,,4090,52,4,,1,80,,4091,52,4,,1,38,,4092,52,4,,1,81,,4093,52,4,,1,81,,4094,52,4,,1,40,,4095,52,4,,1,80,,4096,52,4,,1,80,,4097,52,4,,1,42,,4098,52,4,,1,84,,4099,52,4,,1,82,,4100,52,4,,1,42,,4101,52,4,,1,81,,4102,52,4,,1,82,,4103,52,4,,1,39,,4104,52,4,,1,79,,4105,52,4,,1,80,,4106,52,4,,1,39,,4107,52,4,,1,79,,4108,52,4,,1,78,,4109,52,4,,1,44,,4110,52,4,,1,92,,4111,52,4,,1,90,,4112,52,4,,1,86,,4113,52,4,,1,88,,4114,52,4,,1
1300,'CPWeekday',513,,4117,52,4,,1,25,,4118,52,4,,1,68,,4119,52,4,,1,24,,4120,52,4,,1,27,,4121,52,4,,1,67,,4122,52,4,,1,24,,4123,52,4,,1,70,,4124,52,4,,1,28,,4125,52,4,,1,68,,4126,52,4,,1,26,,4127,52,4,,1,66,,4128,52,4,,1,25,,4129,52,4,,1,24,,4130,52,4,,1,63,,4131,52,4,,1,24,,4132,52,4,,1,64,,4133,52,4,,1,26,,4134,52,4,,1,26,,4135,52,4,,1,69,,4136,52,4,,1,28,,4137,52,4,,1,67,,4138,52,4,,1,28,,4139,52,4,,1,54,,4115,30,4,,1,13,,4140,52,4,,1,14,,4116,43,4,,1,14,,4141,52,4,,1,66,,4142,52,4,,1,26,,4143,52,4,,1,63,,4144,52,4,,1,23,,4145,52,4,,1,23,,4146,52,4,,1,62,,4147,52,4,,1,24,,4148,52,4,,1,20,,4149,52,4,,1,63,,4150,52,4,,1,22,,4151,52,4,,1,21,,4152,52,4,,1,58,,4153,52,4,,1,19,,4154,52,4,,1,67,,4155,52,4,,1,29,,4156,52,4,,1,70,,4157,52,4,,1,26,,4158,52,4,,1,92,,4159,52,4,,1,87,,4160,52,4,,1,52,,4161,52,4,,1,90,,4162,52,4,,1,89,,4163,52,4,,1,88,,4164,52,4,,1
3800,'CPHoliday1',841,,8064,71,4,,1,94,,8075,71,4,,1,94,,8065,71,4,,1,91,,8066,71,4,,1,98,,8071,71,4,,1,97,,8068,71,4,,1,96,,8067,71,4,,1,95,,8074,71,4,,1,97,,8069,71,4,,1,55,,8073,71,4,,1,93,,8070,71,4,,1,94,,8072,71,4,,1,93,,8076,71,4,,1,92,,8078,71,4,,1,88,,8077,71,4,,1
3800,'CPSaturday',729,,8093,71,4,,1,78,,8094,71,4,,1,30,,8095,71,4,,1,73,,8096,71,4,,1,31,,8097,71,4,,1,71,,8098,71,4,,1,34,,8099,71,4,,1,74,,8100,71,4,,1,31,,8101,71,4,,1,74,,8102,71,4,,1,34,,8103,71,4,,1,74,,8104,71,4,,1,75,,8105,71,4,,1,34,,8106,71,4,,1,77,,8107,71,4,,1,35,,8108,71,4,,1,75,,8109,71,4,,1,76,,8110,71,4,,1,34,,8079,71,4,,1,73,,8080,71,4,,1,34,,8081,71,4,,1,73,,8082,71,4,,1,33,,8083,71,4,,1,70,,8084,71,4,,1,31,,8085,71,4,,1,72,,8086,71,4,,1,32,,8087,71,4,,1,68,,8088,71,4,,1,30,,8089,71,4,,1,68,,8090,71,4,,1,27,,8091,71,4,,1,63,,8092,71,4,,1
3800,'CPSunday',841,,8111,71,4,,1,94,,8122,71,4,,1,94,,8112,71,4,,1,91,,8113,71,4,,1,98,,8118,71,4,,1,97,,8115,71,4,,1,96,,8114,71,4,,1,95,,8121,71,4,,1,97,,8116,71,4,,1,55,,8120,71,4,,1,93,,8117,71,4,,1,94,,8119,71,4,,1,93,,8123,71,4,,1,92,,8125,71,4,,1,88,,8124,71,4,,1
3800,'CPWeekday',506,,8158,10,4,,1,21,,8162,78,4,,1,31,,8151,78,4,,1,63,,8150,78,4,,1,30,,8148,78,4,,1,68,,8147,78,4,,1,30,,8149,78,4,,1,74,,8159,78,4,,1,27,,8126,61,4,,1,5,,8153,78,4,,1,75,,8142,78,4,,1,75,,8140,78,4,,1,38,,8139,78,4,,1,78,,8163,78,4,,1,80,,8154,78,4,,1,38,,8141,78,4,,1,77,,8136,78,4,,1,36,,8135,78,4,,1,75,,8160,78,4,,1,78,,8155,78,4,,1,16,,8134,78,4,,1,36,,8145,78,4,,1,73,,8137,78,4,,1,70,,8132,78,4,,1,29,,8133,78,4,,1,28,,8164,78,4,,1,67,,8156,78,4,,1,30,,8131,78,4,,1,67,,8146,78,4,,1,31,,8138,78,4,,1,69,,8128,78,4,,1,33,,8161,78,4,,1,73,,8152,78,4,,1,25,,8127,78,4,,1,66,,8143,78,4,,1,84,,8129,78,4,,1,44,,8157,78,4,,1,83,,8144,78,4,,1,81,,8130,78,4,,1
3901,'CPHoliday1',809,,8414,76,4,,1,41,,8409,76,4,,1,81,,8403,76,4,,1,82,,8400,76,4,,1,44,,8415,76,4,,1,83,,8412,76,4,,1,85,,8404,76,4,,1,86,,8399,76,4,,1,45,,8416,76,4,,1,84,,8410,76,4,,1,85,,8405,76,4,,1,86,,8398,76,4,,1,45,,8417,76,4,,1,85,,8411,76,4,,1,85,,8406,76,4,,1,82,,8397,76,4,,1,43,,8418,76,4,,1,80,,8407,76,4,,1,81,,8402,76,4,,1,42,,8396,76,4,,1,78,,8413,76,4,,1,79,,8408,76,4,,1,36,,8401,76,4,,1,70,,8395,76,4,,1
3901,'CPSaturday',954,,8424,76,4,,1,69,,8423,76,4,,1,225,,8425,76,4,,1,70,,8422,76,4,,1,234,,8426,76,4,,1,68,,8421,76,4,,1,225,,8427,76,4,,1,70,,8420,76,4,,1,218,,8428,76,4,,1,26,,8419,76,4,,1
3901,'CPSunday',809,,8448,76,4,,1,41,,8443,76,4,,1,81,,8437,76,4,,1,82,,8434,76,4,,1,44,,8449,76,4,,1,83,,8446,76,4,,1,85,,8438,76,4,,1,86,,8433,76,4,,1,45,,8450,76,4,,1,84,,8444,76,4,,1,85,,8439,76,4,,1,86,,8432,76,4,,1,45,,8451,76,4,,1,85,,8445,76,4,,1,85,,8440,76,4,,1,82,,8431,76,4,,1,43,,8452,76,4,,1,80,,8441,76,4,,1,81,,8436,76,4,,1,42,,8430,76,4,,1,78,,8447,76,4,,1,79,,8442,76,4,,1,36,,8435,76,4,,1,70,,8429,76,4,,1
3901,'MASaturday',802,,8473,76,4,,1,27,,8469,76,4,,1,27,,8468,76,4,,1,67,,8462,76,4,,1,128,,8470,76,4,,1,69,,8465,76,4,,1,28,,8461,76,4,,1,70,,8459,76,4,,1,128,,8471,76,4,,1,73,,8466,76,4,,1,32,,8457,76,4,,1,71,,8453,76,4,,1,127,,8472,76,4,,1,70,,8463,76,4,,1,29,,8458,76,4,,1,67,,8454,76,4,,1,127,,8474,76,4,,1,67,,8464,76,4,,1,29,,8456,76,4,,1,67,,8455,76,4,,1,116,,8475,76,4,,1,22,,8467,76,4,,1,59,,8460,76,4,,1
3901,'MAWeekday',533,,8476,77,4,,1,17,,8477,77,4,,1,59,,8478,77,4,,1,19,,8479,77,4,,1,17,,8480,77,4,,1,59,,8481,77,4,,1,23,,8482,77,4,,1,25,,8483,77,4,,1,65,,8484,77,4,,1,26,,8485,77,4,,1,62,,8486,77,4,,1,20,,8487,77,4,,1,17,,8488,77,4,,1,59,,8489,77,4,,1,18,,8490,77,4,,1,23,,8491,76,4,,1,73,,8492,76,4,,1,35,,8493,76,4,,1,75,,8494,76,4,,1,32,,8495,76,4,,1,74,,8496,76,4,,1,77,,8497,76,4,,1,43,,8498,76,4,,1,68,,8499,77,4,,1,25,,8500,77,4,,1,60,,8501,77,4,,1,23,,8502,77,4,,1,24,,8503,77,4,,1,60,,8504,77,4,,1,23,,8505,77,4,,1,21,,8506,77,4,,1,62,,8507,77,4,,1,17,,8508,77,4,,1,15,,8509,77,4,,1,56,,8510,77,4,,1,17,,8511,77,4,,1,19,,8512,77,4,,1,18,,8513,77,4,,1,60,,8514,77,4,,1,19,,8515,76,4,,1,20,,8516,76,4,,1,71,,8517,76,4,,1,78,,8518,76,4,,1,35,,8519,76,4,,1,78,,8520,76,4,,1,37,,8521,76,4,,1,76,,8522,76,4,,1,74,,8523,76,4,,1,38,,8524,76,4,,1
4201,'CPWeekday',449,,8803,49,4,,1,68,,8804,49,4,,1,22,,8805,49,4,,1,63,,8806,49,4,,1,27,,8807,49,4,,1,17,,8808,49,4,,1,56,,8809,49,4,,1,17,,8810,49,4,,1,15,,8811,49,4,,1,16,,8812,49,4,,1,55,,8813,49,4,,1,15,,8814,49,4,,1,15,,8815,49,4,,1,15,,8816,49,4,,1,54,,8817,49,4,,1,13,,8818,49,4,,1,12,,8819,49,4,,1,15,,8820,49,4,,1,15,,8821,49,4,,1,53,,8822,49,4,,1,15,,8823,49,4,,1,16,,8824,49,4,,1,15,,8825,49,4,,1,55,,8826,49,4,,1,15,,8827,49,4,,1,16,,8828,49,4,,1,56,,8829,49,4,,1,14,,8830,49,4,,1,16,,8831,49,4,,1,16,,8832,49,4,,1,56,,8833,49,4,,1,15,,8834,49,4,,1,18,,8835,49,4,,1,17,,8836,49,4,,1,55,,8837,49,4,,1,15,,8838,49,4,,1,17,,8839,49,4,,1,15,,8840,49,4,,1,55,,8841,49,4,,1,15,,8842,49,4,,1,16,,8843,49,4,,1,16,,8844,49,4,,1,57,,8845,49,4,,1,15,,8846,49,4,,1,15,,8847,49,4,,1,15,,8848,49,4,,1,55,,8849,49,4,,1,15,,8850,49,4,,1,13,,8851,49,4,,1,14,,8852,49,4,,1,55,,8853,49,4,,1,15,,8854,49,4,,1,15,,8855,49,4,,1,14,,8856,49,4,,1,53,,8857,49,4,,1,14,,8858,49,4,,1,12,,8859,49,4,,1,14,,8860,49,4,,1,55,,8861,49,4,,1,14,,8862,49,4,,1,15,,8863,49,4,,1,13,,8864,49,4,,1,15,,8865,49,4,,1,54,,8866,49,4,,1,15,,8867,49,4,,1,14,,8868,49,4,,1,15,,8869,49,4,,1,55,,8870,49,4,,1,14,,8871,49,4,,1,15,,8872,49,4,,1,15,,8873,49,4,,1,55,,8874,49,4,,1,14,,8875,49,4,,1,13,,8876,49,4,,1,14,,8877,49,4,,1,54,,8878,49,4,,1,13,,8879,49,4,,1,15,,8880,49,4,,1,15,,8881,49,4,,1,55,,8882,49,4,,1,15,,8883,49,4,,1,15,,8884,49,4,,1,14,,8885,49,4,,1
4201,'MAHoliday1',613,,8886,49,4,,1,25,,8887,49,4,,1,63,,8888,49,4,,1,26,,8889,49,4,,1,24,,8890,49,4,,1,67,,8891,49,4,,1,26,,8892,49,4,,1,64,,8893,49,4,,1,21,,8894,49,4,,1,19,,8895,49,4,,1,61,,8896,49,4,,1,22,,8897,49,4,,1,22,,8898,49,4,,1,62,,8899,49,4,,1,24,,8900,49,4,,1,64,,8901,49,4,,1,24,,8902,49,4,,1,23,,8903,49,4,,1,63,,8904,49,4,,1,22,,8905,49,4,,1,23,,8906,49,4,,1,61,,8907,49,4,,1,20,,8908,49,4,,1,19,,8909,49,4,,1,60,,8910,49,4,,1,20,,8911,49,4,,1,20,,8912,49,4,,1,60,,8913,49,4,,1,20,,8914,49,4,,1,21,,8915,49,4,,1,60,,8916,49,4,,1,20,,8917,49,4,,1,19,,8918,49,4,,1,59,,8919,49,4,,1,20,,8920,49,4,,1,19,,8921,49,4,,1,60,,8922,49,4,,1,20,,8923,49,4,,1,21,,8924,49,4,,1,60,,8925,49,4,,1,20,,8926,49,4,,1,19,,8927,49,4,,1,59,,8928,49,4,,1,19,,8929,49,4,,1,22,,8930,49,4,,1,63,,8931,49,4,,1,24,,8932,49,4,,1,59,,8933,49,4,,1,19,,8934,49,4,,1,17,,8935,49,4,,1,19,,8936,49,4,,1,59,,8937,49,4,,1,18,,8938,49,4,,1,19,,8939,49,4,,1,60,,8940,49,4,,1
4201,'MASaturday',536,,8965,49,4,,1,16,,8966,49,4,,1,56,,8967,49,4,,1,15,,8968,49,4,,1,18,,8969,49,4,,1,18,,8970,49,4,,1,55,,8941,49,4,,1,15,,8950,49,4,,1,18,,8971,49,4,,1,56,,8972,49,4,,1,16,,8973,49,4,,1,16,,8974,49,4,,1,18,,8975,49,4,,1,58,,8976,49,4,,1,18,,8942,49,4,,1,17,,8951,49,4,,1,57,,8977,49,4,,1,18,,8978,49,4,,1,18,,8979,49,4,,1,18,,8980,49,4,,1,57,,8981,49,4,,1,16,,8982,49,4,,1,15,,8943,49,4,,1,55,,8952,49,4,,1,15,,8983,49,4,,1,14,,8959,49,4,,1,15,,8984,49,4,,1,15,,8985,49,4,,1,55,,8986,49,4,,1,15,,8987,49,4,,1,16,,8988,49,4,,1,56,,8944,49,4,,1,16,,8953,49,4,,1,17,,8989,49,4,,1,16,,8960,49,4,,1,58,,8990,49,4,,1,16,,8991,49,4,,1,16,,8992,49,4,,1,16,,8993,49,4,,1,56,,8994,49,4,,1,16,,8945,49,4,,1,16,,8954,49,4,,1,56,,8995,49,4,,1,16,,8961,49,4,,1,16,,8996,49,4,,1,16,,8997,49,4,,1,54,,8998,49,4,,1,16,,8999,49,4,,1,16,,9000,49,4,,1,16,,8946,49,4,,1,56,,8955,49,4,,1,16,,9001,49,4,,1,15,,8962,49,4,,1,15,,9002,49,4,,1,56,,9003,49,4,,1,15,,9004,49,4,,1,18,,9005,49,4,,1,18,,8947,49,4,,1,59,,8956,49,4,,1,18,,9006,49,4,,1,20,,8963,49,4,,1,62,,9007,49,4,,1,21,,9008,49,4,,1,19,,8948,49,4,,1,60,,8957,49,4,,1,20,,9009,49,4,,1,20,,8964,49,4,,1,59,,9010,49,4,,1,19,,9011,49,4,,1,20,,8949,49,4,,1,58,,8958,49,4,,1,15,,9012,49,4,,1
4201,'MASunday',613,,9013,49,4,,1,25,,9014,49,4,,1,63,,9015,49,4,,1,26,,9016,49,4,,1,24,,9017,49,4,,1,67,,9018,49,4,,1,26,,9019,49,4,,1,64,,9020,49,4,,1,21,,9021,49,4,,1,19,,9022,49,4,,1,61,,9023,49,4,,1,22,,9024,49,4,,1,22,,9025,49,4,,1,62,,9026,49,4,,1,24,,9027,49,4,,1,64,,9028,49,4,,1,24,,9029,49,4,,1,23,,9030,49,4,,1,63,,9031,49,4,,1,22,,9032,49,4,,1,23,,9033,49,4,,1,61,,9034,49,4,,1,20,,9035,49,4,,1,19,,9036,49,4,,1,60,,9037,49,4,,1,20,,9038,49,4,,1,20,,9039,49,4,,1,60,,9040,49,4,,1,20,,9041,49,4,,1,21,,9042,49,4,,1,60,,9043,49,4,,1,20,,9044,49,4,,1,19,,9045,49,4,,1,59,,9046,49,4,,1,20,,9047,49,4,,1,19,,9048,49,4,,1,60,,9049,49,4,,1,20,,9050,49,4,,1,21,,9051,49,4,,1,60,,9052,49,4,,1,20,,9053,49,4,,1,19,,9054,49,4,,1,59,,9055,49,4,,1,19,,9056,49,4,,1,22,,9057,49,4,,1,63,,9058,49,4,,1,24,,9059,49,4,,1,59,,9060,49,4,,1,19,,9061,49,4,,1,17,,9062,49,4,,1,19,,9063,49,4,,1,59,,9064,49,4,,1,18,,9065,49,4,,1,19,,9066,49,4,,1,60,,9067,49,4,,1
4300,'CPWeekday',548,,9068,68,4,,1,82,,9075,68,4,,1,81,,9071,68,4,,1,40,,9073,68,4,,1,80,,9069,68,4,,1,80,,9076,68,4,,1,37,,9072,68,4,,1,76,,9074,68,4,,1,80,,9070,68,4,,1
4400,'CPHoliday1',757,,9109,48,4,,1,84,,9110,48,4,,1,85,,9108,48,4,,1,85,,9106,48,4,,1,30,,9105,48,4,,1,70,,9107,48,4,,1,30,,9103,48,4,,1,71,,9102,48,4,,1,29,,9104,48,4,,1,71,,9100,48,4,,1,31,,9101,48,4,,1,71,,9098,48,4,,1,31,,9099,48,4,,1,71,,9097,48,4,,1,31,,9096,48,4,,1,71,,9095,48,4,,1,31,,9094,48,4,,1,71,,9093,48,4,,1,31,,9092,48,4,,1,85,,9088,48,4,,1,86,,9089,48,4,,1,80,,9087,48,4,,1,45,,9090,48,4,,1,83,,9086,48,4,,1,80,,9091,48,4,,1
4400,'CPSaturday',802,,9133,48,4,,1,45,,9134,48,4,,1,88,,9132,48,4,,1,85,,9130,48,4,,1,85,,9131,48,4,,1,45,,9129,48,4,,1,85,,9128,48,4,,1,85,,9125,48,4,,1,30,,9127,48,4,,1,71,,9126,48,4,,1,32,,9124,48,4,,1,74,,9123,48,4,,1,32,,9122,48,4,,1,72,,9121,48,4,,1,72,,9120,48,4,,1,31,,9118,48,4,,1,72,,9117,48,4,,1,31,,9116,48,4,,1,72,,9119,48,4,,1,32,,9113,48,4,,1,81,,9112,48,4,,1,82,,9114,48,4,,1,44,,9111,48,4,,1,82,,9115,48,4,,1
4400,'CPSunday',757,,9158,48,4,,1,84,,9159,48,4,,1,85,,9157,48,4,,1,85,,9155,48,4,,1,30,,9154,48,4,,1,70,,9156,48,4,,1,30,,9152,48,4,,1,71,,9151,48,4,,1,29,,9153,48,4,,1,71,,9149,48,4,,1,31,,9150,48,4,,1,71,,9147,48,4,,1,31,,9148,48,4,,1,71,,9146,48,4,,1,31,,9145,48,4,,1,71,,9144,48,4,,1,31,,9143,48,4,,1,71,,9142,48,4,,1,31,,9141,48,4,,1,85,,9137,48,4,,1,86,,9138,48,4,,1,80,,9136,48,4,,1,45,,9139,48,4,,1,83,,9135,48,4,,1,80,,9140,48,4,,1
4400,'CPWeekday',607,,9198,48,4,,1,16,,9199,48,4,,1,20,,9203,48,4,,1,60,,9200,48,4,,1,23,,9195,48,4,,1,20,,9197,48,4,,1,60,,9196,48,4,,1,20,,9204,48,4,,1,20,,9194,48,4,,1,62,,9191,48,4,,1,22,,9192,48,4,,1,22,,9193,48,4,,1,62,,9208,48,4,,1,22,,9184,48,4,,1,22,,9183,48,4,,1,62,,9186,48,4,,1,22,,9182,48,4,,1,62,,9205,48,4,,1,20,,9181,48,4,,1,20,,9180,48,4,,1,60,,9190,48,4,,1,20,,9175,48,4,,1,20,,9206,48,4,,1,60,,9176,48,4,,1,21,,9174,48,4,,1,21,,9210,48,4,,1,10,,9187,48,4,,1,54,,9173,48,4,,1,12,,9215,48,4,,1,12,,9202,48,4,,1,14,,9179,48,4,,1,54,,9218,48,4,,1,16,,9172,48,4,,1,16,,9188,48,4,,1,14,,9213,48,4,,1,54,,9171,48,4,,1,14,,9201,48,4,,1,14,,9211,48,4,,1,16,,9177,48,4,,1,56,,9165,48,4,,1,10,,9216,48,4,,1,18,,9189,48,4,,1,15,,9167,48,4,,1,10,,9217,48,4,,1,55,,9207,48,4,,1,16,,9212,48,4,,1,10,,9178,48,4,,1,14,,9161,48,4,,1,53,,9209,48,4,,1,14,,9185,48,4,,1,14,,9166,48,4,,1,16,,9214,48,4,,1,80,,9162,48,4,,1,81,,9168,48,4,,1,43,,9160,48,4,,1,86,,9170,48,4,,1,86,,9163,48,4,,1,86,,9169,48,4,,1,45,,9164,48,4,,1
4500,'CPHoliday1',846,,9377,46,4,,1,77,,9378,46,4,,1,36,,9379,46,4,,1,77,,9375,46,4,,1,78,,9376,46,4,,1,38,,9366,46,4,,1,79,,9367,46,4,,1,81,,9371,46,4,,1,40,,9368,46,4,,1,80,,9370,46,4,,1,81,,9369,46,4,,1,40,,9365,46,4,,1,81,,9364,46,4,,1,80,,9374,46,4,,1,39,,9361,46,4,,1,80,,9362,46,4,,1,78,,9372,46,4,,1,40,,9359,46,4,,1,78,,9363,46,4,,1,77,,9373,46,4,,1,36,,9358,46,4,,1,76,,9360,46,4,,1
4500,'CPSaturday',716,,9403,46,4,,1,35,,9402,46,4,,1,75,,9401,46,4,,1,76,,9400,46,4,,1,38,,9399,46,4,,1,78,,9398,46,4,,1,83,,9397,46,4,,1,42,,9392,46,4,,1,80,,9390,46,4,,1,80,,9394,46,4,,1,41,,9389,46,4,,1,83,,9388,46,4,,1,82,,9393,46,4,,1,44,,9387,46,4,,1,82,,9385,46,4,,1,82,,9395,46,4,,1,42,,9384,46,4,,1,79,,9381,46,4,,1,78,,9396,46,4,,1,36,,9386,46,4,,1,80,,9380,46,4,,1,78,,9391,46,4,,1,40,,9383,46,4,,1,75,,9382,46,4,,1
4500,'CPSunday',846,,9423,46,4,,1,77,,9424,46,4,,1,36,,9425,46,4,,1,77,,9421,46,4,,1,78,,9422,46,4,,1,38,,9412,46,4,,1,79,,9413,46,4,,1,81,,9417,46,4,,1,40,,9414,46,4,,1,80,,9416,46,4,,1,81,,9415,46,4,,1,40,,9411,46,4,,1,81,,9410,46,4,,1,80,,9420,46,4,,1,39,,9407,46,4,,1,80,,9408,46,4,,1,78,,9418,46,4,,1,40,,9405,46,4,,1,78,,9409,46,4,,1,77,,9419,46,4,,1,36,,9404,46,4,,1,76,,9406,46,4,,1
4500,'CPWeekday',538,,9427,46,4,,1,82,,9428,46,4,,1,19,,9429,42,4,,1,19,,9430,46,4,,1,61,,9431,42,4,,1,15,,9432,46,4,,1,20,,9433,42,4,,1,62,,9434,46,4,,1,19,,9435,42,4,,1,19,,9436,46,4,,1,59,,9437,42,4,,1,19,,9438,46,4,,1,20,,9439,42,4,,1,60,,9440,46,4,,1,19,,9441,46,4,,1,19,,9442,46,4,,1,70,,9443,46,4,,1,35,,9444,46,4,,1,72,,9445,46,4,,1,32,,9446,46,4,,1,72,,9447,46,4,,1,75,,9448,46,4,,1,35,,9449,46,4,,1,71,,9450,42,4,,1,27,,9451,46,4,,1,63,,9452,42,4,,1,20,,9453,46,4,,1,9,,9454,42,4,,1,23,,9455,46,4,,1,55,,9456,42,4,,1,25,,9457,46,4,,1,15,,9458,42,4,,1,64,,9459,46,4,,1,13,,9460,42,4,,1,20,,9461,46,4,,1,55,,9462,42,4,,1,18,,9463,46,4,,1,16,,9464,42,4,,1,23,,9465,46,4,,1,63,,9466,46,4,,1,24,,9467,46,4,,1,59,,9468,46,4,,1,18,,9469,46,4,,1,18,,9470,46,4,,1,60,,9471,46,4,,1,18,,9472,46,4,,1,35,,9473,46,4,,1,74,,9474,46,4,,1,75,,9475,46,4,,1,36,,9476,46,4,,1
4600,'CPHoliday1',827,,9592,33,4,,1,80,,9593,33,4,,1,42,,9594,33,4,,1,80,,9595,33,4,,1,80,,9596,33,4,,1,40,,9597,33,4,,1,80,,9598,33,4,,1,80,,9599,33,4,,1,42,,9600,33,4,,1,82,,9601,33,4,,1,83,,9602,33,4,,1,84,,9603,33,4,,1,42,,9604,33,4,,1,82,,9605,33,4,,1,82,,9606,33,4,,1,42,,9607,33,4,,1,82,,9608,33,4,,1,84,,9609,33,4,,1,43,,9610,33,4,,1,79,,9611,33,4,,1
4600,'CPSaturday',740,,9612,33,4,,1,81,,9613,33,4,,1,80,,9614,33,4,,1,42,,9615,33,4,,1,80,,9616,33,4,,1,80,,9617,33,4,,1,42,,9618,33,4,,1,82,,9619,33,4,,1,82,,9620,33,4,,1,45,,9621,33,4,,1,84,,9622,33,4,,1,84,,9623,33,4,,1,84,,9624,33,4,,1,44,,9625,33,4,,1,84,,9626,33,4,,1,83,,9627,33,4,,1,84,,9628,33,4,,1,44,,9629,33,4,,1,80,,9630,33,4,,1,81,,9631,33,4,,1,40,,9632,33,4,,1,80,,9633,33,4,,1,80,,9634,33,4,,1
4600,'CPSunday',827,,9635,33,4,,1,80,,9636,33,4,,1,42,,9637,33,4,,1,80,,9638,33,4,,1,80,,9639,33,4,,1,40,,9640,33,4,,1,80,,9641,33,4,,1,80,,9642,33,4,,1,42,,9643,33,4,,1,82,,9644,33,4,,1,83,,9645,33,4,,1,84,,9646,33,4,,1,42,,9647,33,4,,1,82,,9648,33,4,,1,82,,9649,33,4,,1,42,,9650,33,4,,1,82,,9651,33,4,,1,84,,9652,33,4,,1,43,,9653,33,4,,1,79,,9654,33,4,,1
4600,'CPWeekday',518,,9684,33,4,,1,93,,9683,33,4,,1,41,,9679,33,4,,1,83,,9685,33,4,,1,72,,9655,31,4,,1,14,,9680,33,4,,1,88,,9682,33,4,,1,44,,9686,33,4,,1,84,,9681,33,4,,1,84,,9663,33,4,,1,84,,9674,33,4,,1,44,,9671,33,4,,1,86,,9675,33,4,,1,85,,9670,33,4,,1,16,,9656,7,4,,1,71,,9672,33,4,,1,21,,9657,31,4,,1,27,,9673,33,4,,1,88,,9676,33,4,,1,88,,9667,33,4,,1,86,,9665,33,4,,1,86,,9677,33,4,,1,46,,9664,33,4,,1,82,,9678,33,4,,1,82,,9666,33,4,,1,43,,9668,33,4,,1,82,,9669,33,4,,1,81,,9658,33,4,,1,37,,9661,33,4,,1,80,,9660,33,4,,1,78,,9659,33,4,,1,37,,9662,33,4,,1
4800,'CPHoliday1',625,,9782,30,4,,1,30,,9783,30,4,,1,70,,9784,30,4,,1,76,,9785,30,4,,1,35,,9786,30,4,,1,76,,9787,30,4,,1,36,,9788,30,4,,1,77,,9789,30,4,,1,75,,9790,30,4,,1,40,,9791,30,4,,1,78,,9792,30,4,,1,38,,9793,30,4,,1,78,,9794,30,4,,1,78,,9795,30,4,,1,38,,9796,30,4,,1,78,,9797,30,4,,1,78,,9798,30,4,,1,37,,9799,30,4,,1,79,,9800,30,4,,1,78,,9801,30,4,,1,38,,9802,30,4,,1,76,,9803,30,4,,1,38,,9804,30,4,,1,75,,9805,30,4,,1,75,,9806,30,4,,1,33,,9807,30,4,,1,71,,9808,30,4,,1,29,,9809,30,4,,1,72,,9810,30,4,,1
4800,'CPSaturday',527,,9811,30,4,,1,31,,9812,30,4,,1,70,,9813,30,4,,1,72,,9814,30,4,,1,37,,9815,30,4,,1,75,,9816,30,4,,1,37,,9817,30,4,,1,78,,9818,30,4,,1,76,,9819,30,4,,1,37,,9820,30,4,,1,78,,9821,30,4,,1,38,,9822,30,4,,1,80,,9823,30,4,,1,78,,9824,30,4,,1,38,,9825,30,4,,1,78,,9826,30,4,,1,78,,9827,30,4,,1,41,,9828,30,4,,1,81,,9829,30,4,,1,80,,9830,30,4,,1,40,,9831,30,4,,1,79,,9832,30,4,,1,78,,9833,30,4,,1,40,,9834,30,4,,1,77,,9835,30,4,,1,78,,9836,30,4,,1,34,,9837,30,4,,1,74,,9838,30,4,,1,36,,9839,30,4,,1,73,,9840,30,4,,1,34,,9841,30,4,,1,73,,9842,30,4,,1,33,,9843,30,4,,1,74,,9844,30,4,,1,74,,9845,30,4,,1,34,,9846,30,4,,1,72,,9847,30,4,,1
4800,'CPSunday',625,,9848,30,4,,1,30,,9849,30,4,,1,70,,9850,30,4,,1,76,,9851,30,4,,1,35,,9852,30,4,,1,76,,9853,30,4,,1,36,,9854,30,4,,1,77,,9855,30,4,,1,75,,9856,30,4,,1,40,,9857,30,4,,1,78,,9858,30,4,,1,38,,9859,30,4,,1,78,,9860,30,4,,1,78,,9861,30,4,,1,38,,9862,30,4,,1,78,,9863,30,4,,1,78,,9864,30,4,,1,37,,9865,30,4,,1,79,,9866,30,4,,1,78,,9867,30,4,,1,38,,9868,30,4,,1,76,,9869,30,4,,1,38,,9870,30,4,,1,75,,9871,30,4,,1,75,,9872,30,4,,1,33,,9873,30,4,,1,71,,9874,30,4,,1,29,,9875,30,4,,1,72,,9876,30,4,,1
4800,'CPWeekday',452,,9877,30,4,,1,85,,9878,30,4,,1,82,,9879,30,4,,1,19,,9880,30,4,,1,18,,9881,30,4,,1,63,,9882,30,4,,1,21,,9883,30,4,,1,63,,9884,30,4,,1,24,,9885,30,4,,1,22,,9886,30,4,,1,62,,9887,30,4,,1,22,,9888,30,4,,1,24,,9889,30,4,,1,65,,9890,30,4,,1,29,,9891,30,4,,1,68,,9892,30,4,,1,30,,9893,30,4,,1,70,,9894,30,4,,1,30,,9895,30,4,,1,68,,9896,30,4,,1,28,,9897,30,4,,1,68,,9898,30,4,,1,23,,9899,30,4,,1,22,,9900,30,4,,1,64,,9901,30,4,,1,25,,9902,30,4,,1,64,,9903,30,4,,1,24,,9904,30,4,,1,24,,9905,30,4,,1,64,,9906,30,4,,1,24,,9907,30,4,,1,64,,9908,30,4,,1,24,,9909,30,4,,1,68,,9910,30,4,,1,38,,9911,30,4,,1,80,,9912,30,4,,1,37,,9913,30,4,,1,76,,9914,30,4,,1,74,,9915,30,4,,1,33,,9916,30,4,,1,74,,9917,30,4,,1,42,,9918,30,4,,1,83,,9919,30,4,,1,80,,9920,30,4,,1
9000,'CPWeekday',546,,11884,24,4,,1,65,,11885,24,4,,1,31,,11886,24,4,,1,70,,11887,24,4,,1,30,,11888,24,4,,1,70,,11889,24,4,,1,30,,11890,24,4,,1,90,,11891,24,4,,1,91,,11892,24,4,,1,90,,11893,24,4,,1,90,,11894,24,4,,1,50,,11895,24,4,,1,90,,11896,24,4,,1,71,,11897,24,4,,1,30,,11898,24,4,,1,69,,11899,24,4,,1,30,,11900,24,4,,1,69,,11901,24,4,,1,32,,11902,23,4,,1,72,,11903,23,4,,1,30,,11904,23,4,,1,71,,11905,23,4,,1,30,,11906,23,4,,1,70,,11907,23,4,,1,31,,11908,23,4,,1,79,,11909,23,4,,1,79,,11910,24,4,,1,46,,11911,24,4,,1,86,,11912,24,4,,1,86,,11913,24,4,,1
9001,'CPWeekday',453,,11914,23,4,,1,66,,11915,23,4,,1,25,,11916,23,4,,1,73,,11917,23,4,,1,30,,11918,23,4,,1,72,,11919,23,4,,1,30,,11920,23,4,,1,70,,11921,23,4,,1,30,,11922,23,4,,1,67,,11923,23,4,,1,89,,11924,23,4,,1,50,,11925,23,4,,1,90,,11926,23,4,,1,90,,11927,23,4,,1,91,,11928,23,4,,1,92,,11929,23,4,,1,32,,11930,23,4,,1,70,,11931,23,4,,1,30,,11932,23,4,,1,71,,11933,23,4,,1,30,,11934,23,4,,1,70,,11935,23,4,,1,30,,11936,23,4,,1,69,,11937,23,4,,1,30,,11938,23,4,,1,68,,11939,23,4,,1,30,,11940,23,4,,1,71,,11941,23,4,,1,33,,11942,23,4,,1,84,,11943,23,4,,1,84,,11944,23,4,,1,87,,11945,23,4,,1,44,,11946,23,4,,1
10900,'CPHoliday1',849,,12935,20,4,,1,65,,12929,20,4,,1,27,,12922,20,4,,1,66,,12917,20,4,,1,25,,12915,20,4,,1,22,,12914,20,4,,1,60,,12936,20,4,,1,21,,12928,20,4,,1,21,,12925,20,4,,1,61,,12908,20,4,,1,20,,12918,20,4,,1,21,,12909,20,4,,1,61,,12907,20,4,,1,22,,12934,20,4,,1,61,,12930,20,4,,1,20,,12923,20,4,,1,20,,12905,20,4,,1,60,,12919,20,4,,1,20,,12910,20,4,,1,20,,12904,20,4,,1,60,,12937,20,4,,1,20,,12931,20,4,,1,19,,12924,20,4,,1,59,,12901,20,4,,1,20,,12916,20,4,,1,20,,12911,20,4,,1,60,,12902,20,4,,1,19,,12938,20,4,,1,19,,12932,20,4,,1,20,,12921,20,4,,1,60,,12898,20,4,,1,19,,12920,20,4,,1,18,,12912,20,4,,1,60,,12903,20,4,,1,19,,12939,20,4,,1,19,,12933,20,4,,1,59,,12927,20,4,,1,20,,12899,20,4,,1,24,,12913,20,4,,1,64,,12906,20,4,,1,29,,12940,20,4,,1,70,,12926,20,4,,1,30,,12900,20,4,,1
10900,'CPSaturday',759,,12987,20,4,,1,60,,12981,20,4,,1,21,,12973,20,4,,1,60,,12967,20,4,,1,22,,12960,20,4,,1,22,,12959,20,4,,1,60,,12986,20,4,,1,20,,12979,20,4,,1,21,,12972,20,4,,1,60,,12958,20,4,,1,19,,12965,20,4,,1,20,,12961,20,4,,1,58,,12951,20,4,,1,19,,12952,20,4,,1,19,,12988,20,4,,1,18,,12980,20,4,,1,58,,12975,20,4,,1,18,,12950,20,4,,1,19,,12966,20,4,,1,58,,12962,20,4,,1,19,,12953,20,4,,1,18,,12949,20,4,,1,58,,12989,20,4,,1,19,,12982,20,4,,1,19,,12974,20,4,,1,60,,12948,20,4,,1,20,,12970,20,4,,1,20,,12963,20,4,,1,59,,12956,20,4,,1,19,,12945,20,4,,1,20,,12991,20,4,,1,60,,12985,20,4,,1,20,,12977,20,4,,1,19,,12944,20,4,,1,18,,12968,20,4,,1,58,,12964,20,4,,1,17,,12954,20,4,,1,18,,12943,20,4,,1,58,,12990,20,4,,1,14,,12983,20,4,,1,16,,12978,20,4,,1,19,,12947,20,4,,1,64,,12971,20,4,,1,25,,12957,20,4,,1,63,,12942,20,4,,1,21,,12984,20,4,,1,21,,12976,20,4,,1,62,,12946,20,4,,1,21,,12969,20,4,,1,22,,12955,20,4,,1,62,,12941,20,4,,1
10900,'CPSunday',849,,13029,20,4,,1,65,,13023,20,4,,1,27,,13016,20,4,,1,66,,13011,20,4,,1,25,,13009,20,4,,1,22,,13008,20,4,,1,60,,13030,20,4,,1,21,,13022,20,4,,1,21,,13019,20,4,,1,61,,13002,20,4,,1,20,,13012,20,4,,1,21,,13003,20,4,,1,61,,13001,20,4,,1,22,,13028,20,4,,1,61,,13024,20,4,,1,20,,13017,20,4,,1,20,,12999,20,4,,1,60,,13013,20,4,,1,20,,13004,20,4,,1,20,,12998,20,4,,1,60,,13031,20,4,,1,20,,13025,20,4,,1,19,,13018,20,4,,1,59,,12995,20,4,,1,20,,13010,20,4,,1,20,,13005,20,4,,1,60,,12996,20,4,,1,19,,13032,20,4,,1,19,,13026,20,4,,1,20,,13015,20,4,,1,60,,12992,20,4,,1,19,,13014,20,4,,1,18,,13006,20,4,,1,60,,12997,20,4,,1,19,,13033,20,4,,1,19,,13027,20,4,,1,59,,13021,20,4,,1,20,,12993,20,4,,1,24,,13007,20,4,,1,64,,13000,20,4,,1,29,,13034,20,4,,1,70,,13020,20,4,,1,30,,12994,20,4,,1
10900,'CPWeekday',600,,13035,20,4,,1,27,,13036,20,4,,1,26,,13037,20,4,,1,55,,13038,20,4,,1,17,,13039,20,4,,1,16,,13040,20,4,,1,16,,13041,20,4,,1,57,,13042,20,4,,1,16,,13043,20,4,,1,15,,13044,20,4,,1,56,,13045,20,4,,1,14,,13046,20,4,,1,14,,13047,20,4,,1,15,,13048,20,4,,1,14,,13049,20,4,,1,55,,13050,20,4,,1,14,,13051,20,4,,1,14,,13052,20,4,,1,14,,13053,20,4,,1,55,,13054,20,4,,1,15,,13055,20,4,,1,15,,13056,20,4,,1,15,,13057,20,4,,1,55,,13058,20,4,,1,15,,13059,20,4,,1,15,,13060,20,4,,1,16,,13061,20,4,,1,56,,13062,20,4,,1,15,,13063,20,4,,1,15,,13064,20,4,,1,16,,13065,20,4,,1,55,,13066,20,4,,1,17,,13067,20,4,,1,17,,13068,20,4,,1,55,,13069,20,4,,1,16,,13070,20,4,,1,16,,13071,20,4,,1,17,,13072,20,4,,1,57,,13073,20,4,,1,10,,13074,20,4,,1,10,,13075,20,4,,1,10,,13076,20,4,,1,11,,13077,20,4,,1,10,,13078,20,4,,1,50,,13079,20,4,,1,9,,13080,20,4,,1,9,,13081,20,4,,1,9,,13082,20,4,,1,9,,13083,20,4,,1,9,,13084,20,4,,1,48,,13085,20,4,,1,9,,13086,20,4,,1,9,,13087,20,4,,1,9,,13088,20,4,,1,9,,13089,20,4,,1,9,,13090,20,4,,1,9,,13091,20,4,,1,47,,13092,20,4,,1,8,,13093,20,4,,1,9,,13094,20,4,,1,8,,13095,20,4,,1,9,,13096,20,4,,1,8,,13097,20,4,,1,9,,13098,20,4,,1,48,,13099,20,4,,1,14,,13100,20,4,,1,14,,13101,20,4,,1,13,,13102,20,4,,1,15,,13103,20,4,,1,54,,13104,20,4,,1,14,,13105,20,4,,1,15,,13106,20,4,,1,13,,13107,20,4,,1,55,,13108,20,4,,1,14,,13109,20,4,,1,14,,13110,20,4,,1,15,,13111,20,4,,1,56,,13112,20,4,,1,19,,13113,20,4,,1,20,,13114,20,4,,1,60,,13115,20,4,,1,22,,13116,20,4,,1
31300,'CPWeekday',1505,,13848,28,4,,1
