601,'CPHoliday1',832,,16132,2,,,1,80,,16133,2,,,1,42,,16134,2,,,1,84,,16135,2,,,1,86,,16136,2,,,1,86,,16137,2,,,1,46,,16138,2,,,1,86,,16139,2,,,1,88,,16140,2,,,1,88,,16141,2,,,1,88,,16142,2,,,1,48,,16143,2,,,1,88,,16144,2,,,1,86,,16145,2,,,1,84,,16146,2,,,1,42,,16147,2,,,1,80,,16148,2,,,1,80,,16149,2,,,1
601,'CPSaturday',559,,16150,2,,,1,78,,16151,2,,,1,80,,16152,2,,,1,40,,16153,2,,,1,80,,16154,2,,,1,82,,16155,2,,,1,82,,16156,2,,,1,44,,16157,2,,,1,85,,16158,2,,,1,85,,16159,2,,,1,85,,16160,2,,,1,45,,16161,2,,,1,85,,16162,2,,,1,85,,16163,2,,,1,85,,16164,2,,,1,45,,16165,2,,,1,85,,16166,2,,,1,85,,16167,2,,,1,85,,16168,2,,,1,44,,16169,2,,,1,84,,16170,2,,,1,84,,16171,2,,,1,42,,16172,2,,,1,82,,16173,2,,,1,80,,16174,2,,,1,40,,16175,2,,,1
601,'CPSunday',832,,16176,2,,,1,80,,16177,2,,,1,42,,16178,2,,,1,84,,16179,2,,,1,86,,16180,2,,,1,86,,16181,2,,,1,46,,16182,2,,,1,86,,16183,2,,,1,88,,16184,2,,,1,88,,16185,2,,,1,88,,16186,2,,,1,48,,16187,2,,,1,88,,16188,2,,,1,86,,16189,2,,,1,84,,16190,2,,,1,42,,16191,2,,,1,80,,16192,2,,,1,80,,16193,2,,,1
601,'CPWeekday',517,,16236,2,,,1,28,,16232,2,,,1,70,,16226,2,,,1,30,,16225,2,,,1,70,,16229,2,,,1,17,,16238,2,,,1,13,,16224,2,,,1,70,,16223,2,,,1,30,,16230,2,,,1,70,,16222,2,,,1,30,,16221,2,,,1,70,,16231,2,,,1,30,,16211,2,,,1,70,,16209,2,,,1,30,,16228,2,,,1,70,,16210,2,,,1,30,,16208,2,,,1,70,,16233,2,,,1,30,,16212,2,,,1,70,,16207,2,,,1,30,,16227,2,,,1,71,,16203,2,,,1,28,,16213,2,,,1,66,,16201,2,,,1,24,,16234,2,,,1,24,,16200,2,,,1,64,,16214,2,,,1,24,,16202,2,,,1,64,,16235,2,,,1,26,,16199,2,,,1,65,,16219,2,,,1,30,,16205,2,,,1,70,,16198,2,,,1,30,,16216,2,,,1,28,,16204,2,,,1,68,,16197,2,,,1,28,,16218,2,,,1,66,,16206,2,,,1,26,,16196,2,,,1,78,,16217,2,,,1,78,,16195,2,,,1,38,,16215,2,,,1,76,,16194,2,,,1,35,,16220,2,,,1
801,'CPSaturday',555,,16752,2,,,1,81,,16746,2,,,1,81,,16753,2,,,1,42,,16741,2,,,1,85,,16754,2,,,1,85,,16744,2,,,1,86,,16755,2,,,1,89,,16743,2,,,1,50,,16756,2,,,1,91,,16750,2,,,1,91,,16757,2,,,1,93,,16742,2,,,1,93,,16751,2,,,1,93,,16747,2,,,1,93,,16759,2,,,1,93,,16740,2,,,1,52,,16761,2,,,1,90,,16749,2,,,1,89,,16762,2,,,1,86,,16745,2,,,1,86,,16758,2,,,1,46,,16748,2,,,1,87,,16760,2,,,1
801,'CPWeekday',537,,16792,2,,,1,71,,16791,2,,,1,33,,16787,2,,,1,72,,16790,2,,,1,14,,16793,2,,,1,12,,16795,2,,,1,3,,16796,2,,,1,60,,16789,2,,,1,25,,16788,2,,,1,78,,16786,2,,,1,37,,16785,2,,,1,78,,16783,2,,,1,34,,16784,2,,,1,75,,16782,2,,,1,75,,16780,2,,,1,35,,16781,2,,,1,75,,16779,2,,,1,38,,16778,2,,,1,57,,16797,2,,,1,21,,16794,2,,,1,2,,16777,2,,,1,84,,16776,2,,,1,43,,16775,2,,,1,79,,16771,2,,,1,79,,16769,2,,,1,39,,16768,2,,,1,77,,16773,2,,,1,73,,16764,2,,,1,33,,16763,2,,,1,73,,16770,2,,,1,40,,16765,2,,,1,81,,16774,2,,,1,82,,16767,2,,,1,42,,16772,2,,,1,83,,16766,2,,,1
2601,'CPHoliday1',703,,20126,47,,,1,26,,20127,47,,,1,26,,20128,47,,,1,65,,20129,47,,,1,26,,20130,47,,,1,66,,20131,47,,,1,26,,20132,47,,,1,69,,20133,47,,,1,29,,20134,47,,,1,69,,20135,47,,,1,28,,20136,47,,,1,68,,20137,47,,,1,29,,20138,47,,,1,20,,20139,47,,,1,61,,20140,47,,,1,22,,20141,47,,,1,22,,20142,47,,,1,64,,20143,47,,,1,24,,20144,47,,,1,64,,20145,47,,,1,24,,20146,47,,,1,24,,20147,47,,,1,64,,20148,47,,,1,22,,20149,47,,,1,62,,20150,47,,,1,22,,20151,47,,,1,22,,20152,47,,,1,63,,20153,47,,,1,24,,20154,47,,,1,22,,20155,47,,,1,61,,20156,47,,,1,22,,20157,47,,,1,62,,20158,47,,,1,21,,20159,47,,,1,27,,20160,47,,,1,67,,20161,47,,,1,28,,20162,47,,,1,68,,20163,47,,,1,28,,20164,47,,,1,67,,20165,47,,,1,26,,20166,47,,,1,26,,20167,47,,,1,65,,20168,47,,,1,23,,20169,47,,,1,63,,20170,47,,,1,22,,20171,47,,,1,24,,20172,47,,,1
2601,'CPSaturday',528,,20173,2,,,1,20,,20241,2,,,1,62,,20174,47,,,1,21,,20175,47,,,1,26,,20176,47,,,1,60,,20177,47,,,1,20,,20178,47,,,1,22,,20179,47,,,1,62,,20180,47,,,1,22,,20181,47,,,1,63,,20182,47,,,1,25,,20183,47,,,1,24,,20184,47,,,1,64,,20185,47,,,1,24,,20186,47,,,1,65,,20187,47,,,1,24,,20188,47,,,1,26,,20189,47,,,1,64,,20190,47,,,1,20,,20191,47,,,1,60,,20192,47,,,1,20,,20193,47,,,1,20,,20194,47,,,1,60,,20195,47,,,1,21,,20196,47,,,1,18,,20197,47,,,1,18,,20198,47,,,1,57,,20199,47,,,1,16,,20200,47,,,1,16,,20201,47,,,1,56,,20202,47,,,1,14,,20203,47,,,1,14,,20204,47,,,1,14,,20205,47,,,1,54,,20206,47,,,1,14,,20207,47,,,1,13,,20208,47,,,1,14,,20209,47,,,1,14,,20210,47,,,1,54,,20211,47,,,1,14,,20212,47,,,1,14,,20213,47,,,1,15,,20214,47,,,1,55,,20215,47,,,1,15,,20216,47,,,1,14,,20217,47,,,1,14,,20218,47,,,1,54,,20219,47,,,1,15,,20220,47,,,1,15,,20221,47,,,1,20,,20222,47,,,1,58,,20223,47,,,1,20,,20224,47,,,1,19,,20225,47,,,1,62,,20226,47,,,1,22,,20227,47,,,1,22,,20228,47,,,1,62,,20229,47,,,1,18,,20230,47,,,1,17,,20231,47,,,1,58,,20232,47,,,1,18,,20233,47,,,1,16,,20234,47,,,1,62,,20235,47,,,1,22,,20236,47,,,1,28,,20237,47,,,1,67,,20238,47,,,1,28,,20239,47,,,1,68,,20240,47,,,1
2601,'CPSunday',703,,20242,47,,,1,26,,20243,47,,,1,26,,20244,47,,,1,65,,20245,47,,,1,26,,20246,47,,,1,66,,20247,47,,,1,26,,20248,47,,,1,69,,20249,47,,,1,29,,20250,47,,,1,69,,20251,47,,,1,28,,20252,47,,,1,68,,20253,47,,,1,29,,20254,47,,,1,20,,20255,47,,,1,61,,20256,47,,,1,22,,20257,47,,,1,22,,20258,47,,,1,64,,20259,47,,,1,24,,20260,47,,,1,64,,20261,47,,,1,24,,20262,47,,,1,24,,20263,47,,,1,64,,20264,47,,,1,22,,20265,47,,,1,62,,20266,47,,,1,22,,20267,47,,,1,22,,20268,47,,,1,63,,20269,47,,,1,24,,20270,47,,,1,22,,20271,47,,,1,61,,20272,47,,,1,22,,20273,47,,,1,62,,20274,47,,,1,21,,20275,47,,,1,27,,20276,47,,,1,67,,20277,47,,,1,28,,20278,47,,,1,68,,20279,47,,,1,28,,20280,47,,,1,67,,20281,47,,,1,26,,20282,47,,,1,26,,20283,47,,,1,65,,20284,47,,,1,23,,20285,47,,,1,63,,20286,47,,,1,22,,20287,47,,,1,24,,20288,47,,,1
31200,'CPWeekday',752,,27833,2,,,1
