1000,'CPHoliday1',828,,31045,51,,,1,31,,31044,51,,,1,72,,31043,51,,,1,73,,31042,51,,,1,33,,31041,51,,,1,73,,31040,51,,,1,36,,31039,51,,,1,76,,31038,51,,,1,35,,31037,51,,,1,75,,31036,51,,,1,76,,31035,51,,,1,36,,31034,51,,,1,77,,31033,51,,,1,35,,31032,51,,,1,75,,31031,51,,,1,75,,31030,51,,,1,36,,31026,51,,,1,73,,31028,51,,,1,35,,31025,51,,,1,75,,31024,51,,,1,33,,31023,51,,,1,74,,31029,51,,,1,74,,31022,51,,,1,34,,31020,51,,,1,73,,31019,51,,,1,31,,31027,51,,,1,72,,31021,51,,,1,30,,31018,51,,,1,68,,31046,51,,,1,28,,31047,51,,,1,68,,31048,51,,,1
1000,'CPSaturday',639,,31089,51,,,1,65,,31086,51,,,1,25,,31084,51,,,1,25,,31088,51,,,1,65,,31087,51,,,1,26,,31085,51,,,1,67,,31082,51,,,1,27,,31083,51,,,1,67,,31080,51,,,1,27,,31081,51,,,1,68,,31079,51,,,1,28,,31078,51,,,1,28,,31077,51,,,1,68,,31076,51,,,1,29,,31075,51,,,1,69,,31074,51,,,1,28,,31073,51,,,1,69,,31072,51,,,1,29,,31071,51,,,1,69,,31070,51,,,1,30,,31069,51,,,1,69,,31068,51,,,1,29,,31063,51,,,1,69,,31062,51,,,1,29,,31058,51,,,1,68,,31066,51,,,1,28,,31057,51,,,1,67,,31056,51,,,1,28,,31059,51,,,1,68,,31053,51,,,1,25,,31067,51,,,1,26,,31054,51,,,1,66,,31050,51,,,1,26,,31060,51,,,1,67,,31052,51,,,1,26,,31065,51,,,1,65,,31055,51,,,1,25,,31049,51,,,1,23,,31061,51,,,1,64,,31051,51,,,1,23,,31064,51,,,1
1000,'CPSunday',828,,31117,51,,,1,31,,31116,51,,,1,72,,31115,51,,,1,73,,31114,51,,,1,33,,31113,51,,,1,73,,31112,51,,,1,36,,31111,51,,,1,76,,31110,51,,,1,35,,31109,51,,,1,75,,31108,51,,,1,76,,31107,51,,,1,36,,31106,51,,,1,77,,31105,51,,,1,35,,31104,51,,,1,75,,31103,51,,,1,75,,31102,51,,,1,36,,31098,51,,,1,73,,31100,51,,,1,35,,31097,51,,,1,75,,31096,51,,,1,33,,31095,51,,,1,74,,31101,51,,,1,74,,31094,51,,,1,34,,31092,51,,,1,73,,31091,51,,,1,31,,31099,51,,,1,72,,31093,51,,,1,30,,31090,51,,,1
1000,'CPWeekday',538,,31164,51,,,1,21,,31163,51,,,1,62,,31165,51,,,1,27,,31166,51,,,1,63,,31162,51,,,1,25,,31161,51,,,1,66,,31160,51,,,1,26,,31158,51,,,1,25,,31159,51,,,1,66,,31157,51,,,1,26,,31156,51,,,1,66,,31154,51,,,1,25,,31155,51,,,1,64,,31153,51,,,1,24,,31152,51,,,1,25,,31151,51,,,1,65,,31150,51,,,1,25,,31149,51,,,1,65,,31148,51,,,1,26,,31147,51,,,1,25,,31146,51,,,1,66,,31145,51,,,1,27,,31143,51,,,1,66,,31144,51,,,1,27,,31137,51,,,1,65,,31134,51,,,1,21,,31133,51,,,1,21,,31141,51,,,1,62,,31132,51,,,1,23,,31130,51,,,1,24,,31128,51,,,1,63,,31129,51,,,1,25,,31127,51,,,1,60,,31125,51,,,1,19,,31140,51,,,1,21,,31136,51,,,1,60,,31124,51,,,1,20,,31123,51,,,1,22,,31126,51,,,1,63,,31122,51,,,1,34,,31138,51,,,1,70,,31135,51,,,1,32,,31119,51,,,1,73,,31120,51,,,1,30,,31139,51,,,1,70,,31131,51,,,1,29,,31118,51,,,1,69,,31121,51,,,1,25,,31142,51,,,1
3901,'CPHoliday1',745,,36282,45,,,1,80,,36277,45,,,1,80,,36271,45,,,1,42,,36268,45,,,1,83,,36283,45,,,1,83,,36280,45,,,1,44,,36272,45,,,1,86,,36267,45,,,1,85,,36284,45,,,1,85,,36278,45,,,1,44,,36273,45,,,1,86,,36266,45,,,1,85,,36285,45,,,1,86,,36279,45,,,1,45,,36274,45,,,1,83,,36265,45,,,1,84,,36286,45,,,1,82,,36275,45,,,1,41,,36270,45,,,1,82,,36264,45,,,1,78,,36281,45,,,1,40,,36276,45,,,1,76,,36269,45,,,1,30,,36263,45,,,1
3901,'CPSaturday',958,,36291,45,,,1,292,,36290,45,,,1,273,,36292,45,,,1,28,,36289,45,,,1,266,,36293,45,,,1,30,,36288,45,,,1,262,,36294,45,,,1,26,,36287,45,,,1
3901,'CPSunday',745,,36314,45,,,1,80,,36309,45,,,1,80,,36303,45,,,1,42,,36300,45,,,1,83,,36315,45,,,1,83,,36312,45,,,1,44,,36304,45,,,1,86,,36299,45,,,1,85,,36316,45,,,1,85,,36310,45,,,1,44,,36305,45,,,1,86,,36298,45,,,1,85,,36317,45,,,1,86,,36311,45,,,1,45,,36306,45,,,1,83,,36297,45,,,1,84,,36318,45,,,1,82,,36307,45,,,1,41,,36302,45,,,1,82,,36296,45,,,1,78,,36313,45,,,1,40,,36308,45,,,1,76,,36301,45,,,1,30,,36295,45,,,1
3901,'MASaturday',739,,36339,45,,,1,66,,36335,45,,,1,27,,36334,45,,,1,27,,36328,45,,,1,71,,36343,45,,,1,96,,36336,45,,,1,28,,36331,45,,,1,68,,36327,45,,,1,29,,36325,45,,,1,69,,36342,45,,,1,98,,36337,45,,,1,32,,36332,45,,,1,72,,36323,45,,,1,31,,36319,45,,,1,167,,36338,45,,,1,30,,36329,45,,,1,69,,36324,45,,,1,28,,36320,45,,,1,169,,36340,45,,,1,28,,36330,45,,,1,69,,36322,45,,,1,28,,36321,45,,,1,118,,36341,45,,,1,62,,36333,45,,,1,20,,36326,45,,,1
3901,'MAWeekday',510,,36344,46,,,1,17,,36345,46,,,1,16,,36346,46,,,1,58,,36347,46,,,1,17,,36348,46,,,1,19,,36349,46,,,1,21,,36350,46,,,1,65,,36351,46,,,1,24,,36352,46,,,1,66,,36353,46,,,1,22,,36354,46,,,1,21,,36355,46,,,1,58,,36356,46,,,1,19,,36357,46,,,1,18,,36358,46,,,1,63,,36359,45,,,1,33,,36360,45,,,1,76,,36361,45,,,1,35,,36362,45,,,1,75,,36363,45,,,1,75,,36364,45,,,1,35,,36365,45,,,1,80,,36366,45,,,1,26,,36367,46,,,1,65,,36368,46,,,1,20,,36369,46,,,1,22,,36370,46,,,1,64,,36371,46,,,1,20,,36372,46,,,1,64,,36373,46,,,1,22,,36374,46,,,1,22,,36375,46,,,1,57,,36376,46,,,1,15,,36377,46,,,1,16,,36378,46,,,1,18,,36379,46,,,1,59,,36380,46,,,1,18,,36381,46,,,1,21,,36382,46,,,1,59,,36383,45,,,1,21,,36384,45,,,1,72,,36385,45,,,1,39,,36386,45,,,1,77,,36387,45,,,1,38,,36388,45,,,1,77,,36389,45,,,1,76,,36390,45,,,1,36,,36391,45,,,1,78,,36392,45,,,1
37600,'CPWeekday',1410,,41808,22,,,1
