'25DE22-CPBlock-Weekday-11',7000,152100,4,'',1,2000,4,'',1,1800,4,'',1,5900,4,'',1,2200,4,'',1,1900,4,'',1,5900,4,'',1,1700,4,'',1,1600,4,'',1,5600,4,'',1,1600,4,'',1,1600,4,'',1,1600,4,'',1,5700,4,'',1
'25DE22-CPBlock-Weekday-11',7001,61000,,'',1,1800,,'',1,1800,,'',1,5800,,'',1,1800,,'',1,1800,,'',1,1800,,'',1,5800,,'',1,1800,,'',1,1800,,'',1,5800,,'',1,1800,,'',1
'25OC27-CPBlock-Weekday-11',7000,152100,4,'',1,2000,4,'',1,1800,4,'',1,5900,4,'',1,2200,4,'',1,1900,4,'',1,5900,4,'',1,1700,4,'',1,1600,4,'',1,5600,4,'',1,1600,4,'',1,1600,4,'',1,1600,4,'',1,5700,4,'',1
'25OC27-CPBlock-Weekday-11',7001,61000,,'',1,1800,,'',1,1800,,'',1,5800,,'',1,1800,,'',1,1800,,'',1,1800,,'',1,5800,,'',1,1800,,'',1,1800,,'',1,5800,,'',1,1800,,'',1
'25DE22-CPBlock-Weekday-11',7100,174000,4,'',1,8200,4,'',1,2900,4,'',1
'25DE22-CPBlock-Weekday-11',7101,71700,,'',1,2500,,'',1,6400,,'',1
'25OC27-CPBlock-Weekday-11',7100,174000,4,'',1,8200,4,'',1,2900,4,'',1
'25OC27-CPBlock-Weekday-11',7101,71700,,'',1,2500,,'',1,6400,,'',1
'25DE22-CPBlock-Weekday-11',10800,51200,,'',1,3000,,'',1,7000,,'',1,3000,,'',1,6200,,'',1,2200,,'',1,2300,,'',1,6100,,'',1,2200,,'',1,7000,,'',1,3100,,'',1,7000,,'',1
'25DE22-CPBlock-Weekday-11',10801,161500,4,'',1,3100,4,'',1,6100,4,'',1,2000,4,'',1,1900,4,'',1,6000,4,'',1,2200,4,'',1,2000,4,'',1,6800,4,'',1,2700,4,'',1,6700,4,'',1,2900,4,'',1
'25OC27-CPBlock-Weekday-11',10800,51200,,'',1,3000,,'',1,7000,,'',1,3000,,'',1,6200,,'',1,2200,,'',1,2300,,'',1,6100,,'',1,2200,,'',1,7000,,'',1,3100,,'',1,7000,,'',1
'25OC27-CPBlock-Weekday-11',10801,161500,4,'',1,3100,4,'',1,6100,4,'',1,2000,4,'',1,1900,4,'',1,6000,4,'',1,2200,4,'',1,2000,4,'',1,6800,4,'',1,2700,4,'',1,6700,4,'',1,2900,4,'',1
'25OC27-CPBlock-Weekday-11',30700,145400,4,'',1
