101,'CPHoliday1',745,,265,0,25 18 23 14 26 27,1,89,,267,0,25 18 23 14 26 27,1,85,,269,0,25 18 23 14 26 27,1,89,,271,0,25 18 23 14 26 27,1,47,,273,0,25 18 23 14 26 27,1,88,,275,0,25 18 23 14 26 27,1,88,,277,0,25 18 23 14 26 27,1,89,,279,0,25 18 23 14 26 27,1,89,,281,0,25 18 23 14 26 27,1,91,,283,0,25 18 23 14 26 27,1,48,,285,0,25 18 23 14 26 27,1,91,,287,0,25 18 23 14 26 27,1,90,,289,0,25 18 23 14 26 27,1,84,,291,0,25 18 23 14 26 27,1,46,,293,0,25 18 23 14 26 27,1,85,,295,0,25 18 23 14 26 27,1,86,,297,0,25 18 23 14 26 27,1,80,,299,0,25 18 23 14 26 27,1
101,'CPSaturday',758,,318,0,25 18 23 14 26 27,1,73,,320,0,25 18 23 14 26 27,1,75,,322,0,25 18 23 14 26 27,1,32,,324,0,25 18 23 14 26 27,1,73,,326,0,25 18 23 14 26 27,1,36,,328,0,25 18 23 14 26 27,1,76,,330,0,25 18 23 14 26 27,1,80,,332,0,25 18 23 14 26 27,1,38,,334,0,25 18 23 14 26 27,1,76,,336,0,25 18 23 14 26 27,1,36,,338,0,25 18 23 14 26 27,1,76,,340,0,25 18 23 14 26 27,1,80,,342,0,25 18 23 14 26 27,1,40,,344,0,25 18 23 14 26 27,1,80,,346,0,25 18 23 14 26 27,1,79,,348,0,25 18 23 14 26 27,1,34,,350,0,25 18 23 14 26 27,1,78,,352,0,25 18 23 14 26 27,1,38,,354,0,25 18 23 14 26 27,1,74,,356,0,25 18 23 14 26 27,1,71,,358,0,25 18 23 14 26 27,1,32,,360,0,25 18 23 14 26 27,1,72,,362,0,25 18 23 14 26 27,1,31,,364,0,25 18 23 14 26 27,1,69,,366,0,25 18 23 14 26 27,1,28,,368,0,25 18 23 14 26 27,1,78,,370,0,25 18 23 14 26 27,1,90,,372,0,25 18 23 14 26 27,1,48,,374,0,25 18 23 14 26 27,1,82,,376,0,25 18 23 14 26 27,1,84,,378,0,25 18 23 14 26 27,1,23,,379,0,25 18 23 14 26 27,1
101,'CPSunday',745,,384,0,25 18 23 14 26 27,1,89,,386,0,25 18 23 14 26 27,1,85,,388,0,25 18 23 14 26 27,1,89,,390,0,25 18 23 14 26 27,1,47,,392,0,25 18 23 14 26 27,1,88,,394,0,25 18 23 14 26 27,1,88,,396,0,25 18 23 14 26 27,1,89,,398,0,25 18 23 14 26 27,1,89,,400,0,25 18 23 14 26 27,1,91,,402,0,25 18 23 14 26 27,1,48,,404,0,25 18 23 14 26 27,1,91,,406,0,25 18 23 14 26 27,1,90,,408,0,25 18 23 14 26 27,1,84,,410,0,25 18 23 14 26 27,1,46,,412,0,25 18 23 14 26 27,1,85,,414,0,25 18 23 14 26 27,1,86,,416,0,25 18 23 14 26 27,1,80,,418,0,25 18 23 14 26 27,1
101,'CPWeekday',622,,443,0,25 18 23 14 26 27,1,31,,445,0,25 18 23 14 26 27,1,66,,447,0,25 18 23 14 26 27,1,27,,449,0,25 18 23 14 26 27,1,65,,451,0,25 18 23 14 26 27,1,25,,453,0,25 18 23 14 26 27,1,65,,455,0,25 18 23 14 26 27,1,24,,457,0,25 18 23 14 26 27,1,24,,459,0,25 18 23 14 26 27,1,63,,461,0,25 18 23 14 26 27,1,23,,463,0,25 18 23 14 26 27,1,87,,465,0,25 18 23 14 26 27,1,90,,467,0,25 18 23 14 26 27,1,90,,469,0,25 18 23 14 26 27,1,47,,471,0,25 18 23 14 26 27,1,89,,473,0,25 18 23 14 26 27,1,78,,475,0,25 18 23 14 26 27,1,28,,477,0,25 18 23 14 26 27,1,67,,479,0,25 18 23 14 26 27,1,29,,481,0,25 18 23 14 26 27,1,68,,483,0,25 18 23 14 26 27,1,28,,485,0,25 18 23 14 26 27,1,7,,428,0,25 18 23 14 26 27,1,59,,487,0,25 18 23 14 26 27,1,25,,489,0,25 18 23 14 26 27,1,23,,491,0,25 18 23 14 26 27,1,63,,493,0,25 18 23 14 26 27,1,23,,495,0,25 18 23 14 26 27,1,64,,497,0,25 18 23 14 26 27,1,25,,499,0,25 18 23 14 26 27,1,24,,501,0,25 18 23 14 26 27,1,63,,503,0,25 18 23 14 26 27,1,32,,505,0,25 18 23 14 26 27,1,82,,507,0,25 18 23 14 26 27,1,83,,509,0,25 18 23 14 26 27,1,37,,511,0,25 18 23 14 26 27,1,79,,513,0,25 18 23 14 26 27,1
3600,'CPHoliday1',701,,7691,,,1,36,,7692,,,1,75,,7693,,,1,34,,7694,,,1,75,,7695,,,1,36,,7696,,,1,77,,7697,,,1,77,,7698,,,1,38,,7699,,,1,78,,7700,,,1,79,,7701,,,1,39,,7702,,,1,80,,7703,,,1,80,,7704,,,1,40,,7705,,,1,80,,7706,,,1,78,,7707,,,1,38,,7708,,,1,78,,7709,,,1,38,,7710,,,1,78,,7711,,,1,78,,7712,,,1,36,,7713,,,1,76,,7714,,,1,34,,7715,,,1,74,,7716,,,1,74,,7717,,,1,33,,7718,,,1,72,,7719,,,1
3600,'CPSaturday',540,,7720,,,1,71,,7721,,,1,35,,7722,,,1,75,,7723,,,1,36,,7724,,,1,76,,7725,,,1,76,,7726,,,1,36,,7727,,,1,78,,7728,,,1,78,,7729,,,1,38,,7730,,,1,80,,7731,,,1,40,,7732,,,1,80,,7733,,,1,80,,7734,,,1,40,,7735,,,1,80,,7736,,,1,80,,7737,,,1,40,,7738,,,1,80,,7739,,,1,80,,7740,,,1,38,,7741,,,1,78,,7742,,,1,78,,7743,,,1,38,,7744,,,1,78,,7745,,,1,78,,7746,,,1,38,,7747,,,1,77,,7748,,,1,37,,7749,,,1,77,,7750,,,1,77,,7751,,,1,36,,7752,,,1
3600,'CPSunday',701,,7753,,,1,36,,7754,,,1,75,,7755,,,1,34,,7756,,,1,75,,7757,,,1,36,,7758,,,1,77,,7759,,,1,77,,7760,,,1,38,,7761,,,1,78,,7762,,,1,79,,7763,,,1,39,,7764,,,1,80,,7765,,,1,80,,7766,,,1,40,,7767,,,1,80,,7768,,,1,78,,7769,,,1,38,,7770,,,1,78,,7771,,,1,38,,7772,,,1,78,,7773,,,1,78,,7774,,,1,36,,7775,,,1,76,,7776,,,1,34,,7777,,,1,74,,7778,,,1,74,,7779,,,1,33,,7780,,,1,72,,7781,,,1
3600,'CPWeekday',544,,7784,,,1,78,,7785,,,1,80,,7786,,,1,33,,7783,,,1,9,,7787,,,1,84,,7788,,,1,84,,7789,,,1,44,,7790,,,1,84,,7791,,,1,84,,7792,,,1,84,,7793,,,1,44,,7794,,,1,84,,7795,,,1,72,,7782,,,1,24,,7796,,,1,80,,7797,,,1,40,,7798,,,1,86,,7799,,,1,86,,7800,,,1,84,,7801,,,1,44,,7802,,,1,84,,7803,,,1,82,,7804,,,1,40,,7805,,,1,80,,7806,,,1,78,,7807,,,1,38,,7808,,,1,76,,7809,,,1,75,,7810,,,1,34,,7811,,,1,74,,7812,,,1,32,,7813,,,1,72,,7814,,,1
4801,'CPHoliday1',828,,9744,,,1,81,,9745,,,1,42,,9746,,,1,88,,9747,,,1,87,,9748,,,1,86,,9749,,,1,91,,9750,,,1,49,,9751,,,1,90,,9752,,,1,90,,9753,,,1,89,,9754,,,1,90,,9755,,,1,90,,9756,,,1,45,,9757,,,1,84,,9758,,,1,85,,9759,,,1,42,,9760,,,1,82,,9761,,,1,79,,9762,,,1,40,,9763,,,1
4801,'CPSaturday',527,,9764,,,1,80,,9765,,,1,42,,9766,,,1,83,,9767,,,1,85,,9768,,,1,87,,9769,,,1,46,,9770,,,1,86,,9771,,,1,85,,9772,,,1,86,,9773,,,1,50,,9774,,,1,90,,9775,,,1,90,,9776,,,1,90,,9777,,,1,90,,9778,,,1,90,,9779,,,1,50,,9780,,,1,89,,9781,,,1,90,,9782,,,1,90,,9783,,,1,83,,9784,,,1,45,,9785,,,1,83,,9786,,,1,84,,9787,,,1,79,,9788,,,1,38,,9789,,,1,80,,9790,,,1
4801,'CPSunday',828,,9791,,,1,81,,9792,,,1,42,,9793,,,1,88,,9794,,,1,87,,9795,,,1,86,,9796,,,1,91,,9797,,,1,49,,9798,,,1,90,,9799,,,1,90,,9800,,,1,89,,9801,,,1,90,,9802,,,1,90,,9803,,,1,45,,9804,,,1,84,,9805,,,1,85,,9806,,,1,42,,9807,,,1,82,,9808,,,1,79,,9809,,,1,40,,9810,,,1
4801,'CPWeekday',527,,9811,,,1,80,,9812,,,1,42,,9813,,,1,84,,9814,,,1,86,,9815,,,1,87,,9816,,,1,50,,9817,,,1,91,,9818,,,1,91,,9819,,,1,90,,9820,,,1,91,,9821,,,1,90,,9822,,,1,50,,9823,,,1,91,,9824,,,1,90,,9825,,,1,90,,9826,,,1,89,,9827,,,1,89,,9828,,,1,48,,9829,,,1,89,,9830,,,1,84,,9831,,,1,84,,9832,,,1,44,,9833,,,1,77,,9834,,,1,80,,9835,,,1,34,,9836,,,1,74,,9837,,,1
