'25DE22-CPBlock-Holiday1-14',4800,80000,,'',1,4000,,'',1,8000,,'',1,8500,,'',1,5000,,'',1,9000,,'',1,9000,,'',1,9000,,'',1,9000,,'',1,9000,,'',1,5000,,'',1,9000,,'',1,9000,,'',1,9000,,'',1,9000,,'',1,9000,,'',1,4500,,'',1,8500,,'',1,9300,,'',1
'25DE22-CPBlock-Holiday1-14',4801,82800,4,'',1,8300,4,'',1,4200,4,'',1,9000,4,'',1,9100,4,'',1,9200,4,'',1,9100,4,'',1,8900,4,'',1,5000,4,'',1,9000,4,'',1,9000,4,'',1,9100,4,'',1,8900,4,'',1,9000,4,'',1,4700,4,'',1,8700,4,'',1,8400,4,'',1,8100,4,'',1,4300,4,'',1
'25DE22-CPBlock-Holiday2-15',4800,50000,,'',1,4000,,'',1,8000,,'',1,8000,,'',1,4500,,'',1,8500,,'',1,8800,,'',1,8800,,'',1,5000,,'',1,9200,,'',1,9200,,'',1,9200,,'',1,9200,,'',1,9200,,'',1,9200,,'',1,5000,,'',1,9000,,'',1,9000,,'',1,9000,,'',1,9000,,'',1,9000,,'',1,4600,,'',1,8600,,'',1,8600,,'',1,7800,,'',1
'25DE22-CPBlock-Holiday2-15',4801,52800,4,'',1,8000,4,'',1,4300,4,'',1,8200,4,'',1,8600,4,'',1,8800,4,'',1,4900,4,'',1,9000,4,'',1,9200,4,'',1,9100,4,'',1,9300,4,'',1,9400,4,'',1,9000,4,'',1,5100,4,'',1,9100,4,'',1,9100,4,'',1,9000,4,'',1,8900,4,'',1,8900,4,'',1,5000,4,'',1,8900,4,'',1,8600,4,'',1,8200,4,'',1,4300,4,'',1,8200,4,'',1,7600,4,'',1
'25DE22-CPBlock-Holiday3-16',4800,80000,,'',1,4000,,'',1,8000,,'',1,8500,,'',1,5000,,'',1,9000,,'',1,9000,,'',1,9000,,'',1,9000,,'',1,9000,,'',1,5000,,'',1,9000,,'',1,9000,,'',1,9000,,'',1,9000,,'',1,9000,,'',1,4500,,'',1,8500,,'',1,9300,,'',1
'25DE22-CPBlock-Holiday3-16',4801,82800,4,'',1,8300,4,'',1,4200,4,'',1,9000,4,'',1,9100,4,'',1,9200,4,'',1,9100,4,'',1,8900,4,'',1,5000,4,'',1,9000,4,'',1,9000,4,'',1,9100,4,'',1,8900,4,'',1,9000,4,'',1,4700,4,'',1,8700,4,'',1,8400,4,'',1,8100,4,'',1,4300,4,'',1
'25DE22-CPBlock-Saturday-12',4800,50000,,'',1,4000,,'',1,8000,,'',1,8000,,'',1,4500,,'',1,8500,,'',1,8800,,'',1,8800,,'',1,5000,,'',1,9200,,'',1,9200,,'',1,9200,,'',1,9200,,'',1,9200,,'',1,9200,,'',1,5000,,'',1,9000,,'',1,9000,,'',1,9000,,'',1,9000,,'',1,9000,,'',1,4600,,'',1,8600,,'',1,8600,,'',1,7800,,'',1
'25DE22-CPBlock-Saturday-12',4801,52800,4,'',1,8000,4,'',1,4300,4,'',1,8200,4,'',1,8600,4,'',1,8800,4,'',1,4900,4,'',1,9000,4,'',1,9200,4,'',1,9100,4,'',1,9300,4,'',1,9400,4,'',1,9000,4,'',1,5100,4,'',1,9100,4,'',1,9100,4,'',1,9000,4,'',1,8900,4,'',1,8900,4,'',1,5000,4,'',1,8900,4,'',1,8600,4,'',1,8200,4,'',1,4300,4,'',1,8200,4,'',1,7600,4,'',1
'25DE22-CPBlock-Sunday-13',4800,80000,,'',1,4000,,'',1,8000,,'',1,8500,,'',1,5000,,'',1,9000,,'',1,9000,,'',1,9000,,'',1,9000,,'',1,9000,,'',1,5000,,'',1,9000,,'',1,9000,,'',1,9000,,'',1,9000,,'',1,9000,,'',1,4500,,'',1,8500,,'',1,9300,,'',1
'25DE22-CPBlock-Sunday-13',4801,82800,4,'',1,8300,4,'',1,4200,4,'',1,9000,4,'',1,9100,4,'',1,9200,4,'',1,9100,4,'',1,8900,4,'',1,5000,4,'',1,9000,4,'',1,9000,4,'',1,9100,4,'',1,8900,4,'',1,9000,4,'',1,4700,4,'',1,8700,4,'',1,8400,4,'',1,8100,4,'',1,4300,4,'',1
'25DE22-CPBlock-Weekday-11',4800,50000,,'',1,4000,,'',1,8000,,'',1,8500,,'',1,4500,,'',1,9000,,'',1,9000,,'',1,9000,,'',1,9000,,'',1,9000,,'',1,5000,,'',1,9000,,'',1,9200,,'',1,9200,,'',1,9200,,'',1,9200,,'',1,9200,,'',1,5200,,'',1,9000,,'',1,9000,,'',1,8500,,'',1,8500,,'',1,4500,,'',1,8500,,'',1,8000,,'',1
'25DE22-CPBlock-Weekday-11',4801,52700,4,'',1,8300,4,'',1,4100,4,'',1,9200,4,'',1,8700,4,'',1,9000,4,'',1,8900,4,'',1,9100,4,'',1,5000,4,'',1,9000,4,'',1,9000,4,'',1,9200,4,'',1,9200,4,'',1,9300,4,'',1,9300,4,'',1,5200,4,'',1,9100,4,'',1,8600,4,'',1,9000,4,'',1,8800,4,'',1,4800,4,'',1,8500,4,'',1,8200,4,'',1,7800,4,'',1,3800,4,'',1,7900,4,'',1
'25OC27-CPBlock-Saturday-12',4800,50000,,'',1,4000,,'',1,8000,,'',1,8000,,'',1,4500,,'',1,8500,,'',1,8800,,'',1,8800,,'',1,5000,,'',1,9200,,'',1,9200,,'',1,9200,,'',1,9200,,'',1,9200,,'',1,9200,,'',1,5000,,'',1,9000,,'',1,9000,,'',1,9000,,'',1,9000,,'',1,9000,,'',1,4600,,'',1,8600,,'',1,8600,,'',1,7800,,'',1
'25OC27-CPBlock-Saturday-12',4801,52800,4,'',1,8000,4,'',1,4300,4,'',1,8200,4,'',1,8600,4,'',1,8800,4,'',1,4900,4,'',1,9000,4,'',1,9200,4,'',1,9100,4,'',1,9300,4,'',1,9400,4,'',1,9000,4,'',1,5100,4,'',1,9100,4,'',1,9100,4,'',1,9000,4,'',1,8900,4,'',1,8900,4,'',1,5000,4,'',1,8900,4,'',1,8600,4,'',1,8200,4,'',1,4300,4,'',1,8200,4,'',1,7600,4,'',1
'25OC27-CPBlock-Sunday-13',4800,80000,,'',1,4000,,'',1,8000,,'',1,8500,,'',1,5000,,'',1,9000,,'',1,9000,,'',1,9000,,'',1,9000,,'',1,9000,,'',1,5000,,'',1,9000,,'',1,9000,,'',1,9000,,'',1,9000,,'',1,9000,,'',1,4500,,'',1,8500,,'',1,9300,,'',1
'25OC27-CPBlock-Sunday-13',4801,82800,4,'',1,8300,4,'',1,4200,4,'',1,9000,4,'',1,9100,4,'',1,9200,4,'',1,9100,4,'',1,8900,4,'',1,5000,4,'',1,9000,4,'',1,9000,4,'',1,9100,4,'',1,8900,4,'',1,9000,4,'',1,4700,4,'',1,8700,4,'',1,8400,4,'',1,8100,4,'',1,4300,4,'',1
'25OC27-CPBlock-Weekday-11',4800,50000,,'',1,4000,,'',1,8000,,'',1,8500,,'',1,4500,,'',1,9000,,'',1,9000,,'',1,9000,,'',1,9000,,'',1,9000,,'',1,5000,,'',1,9000,,'',1,9200,,'',1,9200,,'',1,9200,,'',1,9200,,'',1,9200,,'',1,5200,,'',1,9000,,'',1,9000,,'',1,8500,,'',1,8500,,'',1,4500,,'',1,8500,,'',1,8000,,'',1
'25OC27-CPBlock-Weekday-11',4801,52700,4,'',1,8300,4,'',1,4100,4,'',1,9200,4,'',1,8700,4,'',1,9000,4,'',1,8900,4,'',1,9100,4,'',1,5000,4,'',1,9000,4,'',1,9000,4,'',1,9200,4,'',1,9200,4,'',1,9300,4,'',1,9300,4,'',1,5200,4,'',1,9100,4,'',1,8600,4,'',1,9000,4,'',1,8800,4,'',1,4800,4,'',1,8500,4,'',1,8200,4,'',1,7800,4,'',1,3800,4,'',1,7900,4,'',1
