1001,'CPHoliday1',734,,31196,22,,,1,70,,31195,22,,,1,30,,31194,22,,,1,72,,31193,22,,,1,34,,31192,22,,,1,74,,31191,22,,,1,33,,31190,22,,,1,73,,31189,22,,,1,35,,31188,22,,,1,75,,31186,22,,,1,75,,31187,22,,,1,35,,31185,22,,,1,75,,31184,22,,,1,35,,31182,22,,,1,76,,31183,22,,,1,76,,31181,22,,,1,36,,31177,22,,,1,76,,31179,22,,,1,36,,31175,22,,,1,76,,31174,22,,,1,74,,31178,22,,,1,34,,31171,22,,,1,74,,31172,22,,,1,34,,31169,22,,,1,74,,31176,22,,,1,34,,31173,22,,,1,73,,31168,22,,,1,32,,31167,22,,,1,71,,31180,22,,,1,29,,31170,22,,,1
1001,'CPSaturday',627,,31236,22,,,1,26,,31234,22,,,1,65,,31235,22,,,1,25,,31232,22,,,1,65,,31233,22,,,1,27,,31229,22,,,1,65,,31230,22,,,1,27,,31228,22,,,1,27,,31231,22,,,1,67,,31226,22,,,1,27,,31227,22,,,1,68,,31225,22,,,1,28,,31224,22,,,1,68,,31223,22,,,1,28,,31222,22,,,1,69,,31221,22,,,1,29,,31220,22,,,1,69,,31218,22,,,1,28,,31219,22,,,1,69,,31217,22,,,1,29,,31216,22,,,1,70,,31211,22,,,1,30,,31212,22,,,1,69,,31207,22,,,1,30,,31206,22,,,1,27,,31210,22,,,1,68,,31205,22,,,1,28,,31215,22,,,1,68,,31204,22,,,1,28,,31201,22,,,1,68,,31208,22,,,1,26,,31198,22,,,1,66,,31214,22,,,1,25,,31202,22,,,1,66,,31200,22,,,1,26,,31209,22,,,1,26,,31199,22,,,1,66,,31213,22,,,1,23,,31203,22,,,1,64,,31197,22,,,1
1001,'CPSunday',734,,31266,22,,,1,70,,31265,22,,,1,30,,31264,22,,,1,72,,31263,22,,,1,34,,31262,22,,,1,74,,31261,22,,,1,33,,31260,22,,,1,73,,31259,22,,,1,35,,31258,22,,,1,75,,31256,22,,,1,75,,31257,22,,,1,35,,31255,22,,,1,75,,31254,22,,,1,35,,31252,22,,,1,76,,31253,22,,,1,76,,31251,22,,,1,36,,31247,22,,,1,76,,31249,22,,,1,36,,31245,22,,,1,76,,31244,22,,,1,74,,31248,22,,,1,34,,31241,22,,,1,74,,31242,22,,,1,34,,31239,22,,,1,74,,31246,22,,,1,34,,31243,22,,,1,73,,31238,22,,,1,32,,31237,22,,,1,71,,31250,22,,,1,29,,31240,22,,,1
1001,'CPWeekday',453,,31316,22,,,1,62,,31312,22,,,1,20,,31315,22,,,1,23,,31314,22,,,1,61,,31313,22,,,1,22,,31310,22,,,1,66,,31311,22,,,1,25,,31309,22,,,1,25,,31308,22,,,1,67,,31307,22,,,1,26,,31306,22,,,1,64,,31304,22,,,1,25,,31305,22,,,1,64,,31303,22,,,1,26,,31302,22,,,1,25,,31301,22,,,1,64,,31300,22,,,1,25,,31299,22,,,1,65,,31298,22,,,1,25,,31297,22,,,1,25,,31296,22,,,1,65,,31295,22,,,1,25,,31294,22,,,1,66,,31292,22,,,1,28,,31293,22,,,1,67,,31287,22,,,1,27,,31284,22,,,1,67,,31286,22,,,1,27,,31285,22,,,1,24,,31279,22,,,1,62,,31278,22,,,1,21,,31289,22,,,1,22,,31283,22,,,1,62,,31276,22,,,1,22,,31275,22,,,1,63,,31277,22,,,1,23,,31274,22,,,1,19,,31273,22,,,1,60,,31291,22,,,1,22,,31280,22,,,1,23,,31272,22,,,1,63,,31270,22,,,1,34,,31271,22,,,1,74,,31288,22,,,1,31,,31282,22,,,1,72,,31268,22,,,1,31,,31269,22,,,1,68,,31290,22,,,1,29,,31281,22,,,1,67,,31267,22,,,1
3900,'CPHoliday1',614,,36153,31,,,1,38,,36147,31,,,1,82,,36142,31,,,1,78,,36138,31,,,1,40,,36154,31,,,1,82,,36145,31,,,1,82,,36143,31,,,1,43,,36137,31,,,1,82,,36152,31,,,1,84,,36146,31,,,1,86,,36139,31,,,1,45,,36136,31,,,1,85,,36155,31,,,1,85,,36149,31,,,1,85,,36140,31,,,1,44,,36135,31,,,1,85,,36156,31,,,1,85,,36148,31,,,1,85,,36141,31,,,1,44,,36134,31,,,1,82,,36151,31,,,1,80,,36150,31,,,1,41,,36144,31,,,1,75,,36133,31,,,1
3900,'CPSaturday',821,,36161,31,,,1,283,,36160,31,,,1,299,,36159,31,,,1,231,,36162,31,,,1,70,,36158,31,,,1,228,,36163,31,,,1,69,,36157,31,,,1,210,,36164,31,,,1
3900,'CPSunday',614,,36185,31,,,1,38,,36179,31,,,1,82,,36174,31,,,1,78,,36170,31,,,1,40,,36186,31,,,1,82,,36177,31,,,1,82,,36175,31,,,1,43,,36169,31,,,1,82,,36184,31,,,1,84,,36178,31,,,1,86,,36171,31,,,1,45,,36168,31,,,1,85,,36187,31,,,1,85,,36181,31,,,1,85,,36172,31,,,1,44,,36167,31,,,1,85,,36188,31,,,1,85,,36180,31,,,1,85,,36173,31,,,1,44,,36166,31,,,1,82,,36183,31,,,1,80,,36182,31,,,1,41,,36176,31,,,1,75,,36165,31,,,1
3900,'MASaturday',614,,36212,31,,,1,25,,36211,31,,,1,67,,36205,31,,,1,25,,36204,31,,,1,25,,36215,31,,,1,91,,36206,31,,,1,66,,36199,31,,,1,26,,36197,31,,,1,69,,36198,31,,,1,28,,36214,31,,,1,96,,36210,31,,,1,71,,36200,31,,,1,30,,36194,31,,,1,70,,36192,31,,,1,30,,36213,31,,,1,100,,36209,31,,,1,70,,36203,31,,,1,31,,36195,31,,,1,70,,36190,31,,,1,129,,36207,31,,,1,70,,36202,31,,,1,30,,36193,31,,,1,70,,36189,31,,,1,127,,36208,31,,,1,25,,36201,31,,,1,66,,36196,31,,,1,25,,36191,31,,,1
3900,'MAWeekday',533,,36217,31,,,1,22,,36218,31,,,1,63,,36219,31,,,1,20,,36220,31,,,1,18,,36221,31,,,1,61,,36222,31,,,1,19,,36223,31,,,1,20,,36224,31,,,1,62,,36225,31,,,1,23,,36226,31,,,1,62,,36227,31,,,1,31,,36228,31,,,1,77,,36229,31,,,1,37,,36230,31,,,1,78,,36231,31,,,1,77,,36232,31,,,1,37,,36233,31,,,1,75,,36234,31,,,1,34,,36235,31,,,1,66,,36236,31,,,1,28,,36237,31,,,1,59,,36238,31,,,1,19,,36239,31,,,1,21,,36240,31,,,1,62,,36241,31,,,1,18,,36242,31,,,1,19,,36243,31,,,1,18,,36244,31,,,1,59,,36245,31,,,1,22,,36246,31,,,1,62,,36247,31,,,1,22,,36248,31,,,1,23,,36249,31,,,1,58,,36250,31,,,1,22,,36251,31,,,1,23,,36252,31,,,1,59,,36253,31,,,1,35,,36254,31,,,1,79,,36255,31,,,1,82,,36256,31,,,1,41,,36257,31,,,1,77,,36258,31,,,1,34,,36259,31,,,1,73,,36260,31,,,1,75,,36261,31,,,1,34,,36262,31,,,1
37601,'CPWeekday',721,,41809,22,,,1
