3600,'CPHoliday1',726,,35687,39,4,,1,76,,35688,39,4,,1,36,,35689,39,4,,1,75,,35690,39,4,,1,35,,35691,39,4,,1,75,,35692,39,4,,1,77,,35693,39,4,,1,34,,35694,39,4,,1,76,,35695,39,4,,1,36,,35696,39,4,,1,77,,35697,39,4,,1,36,,35698,39,4,,1,74,,35699,39,4,,1,78,,35700,39,4,,1,38,,35701,39,4,,1,80,,35702,39,4,,1,76,,35703,39,4,,1,39,,35704,39,4,,1,78,,35705,39,4,,1,78,,35706,39,4,,1,34,,35707,39,4,,1,74,,35708,39,4,,1,35,,35709,39,4,,1,75,,35710,39,4,,1,34,,35711,39,4,,1,74,,35712,39,4,,1,33,,35713,39,4,,1,73,,35714,39,4,,1,73,,35715,39,4,,1,34,,35716,39,4,,1
3600,'CPSaturday',601,,35717,39,4,,1,36,,35718,39,4,,1,75,,35719,39,4,,1,36,,35720,39,4,,1,77,,35721,39,4,,1,76,,35722,39,4,,1,36,,35723,39,4,,1,80,,35724,39,4,,1,38,,35725,39,4,,1,79,,35726,39,4,,1,78,,35727,39,4,,1,39,,35728,39,4,,1,78,,35729,39,4,,1,79,,35730,39,4,,1,37,,35731,39,4,,1,78,,35732,39,4,,1,78,,35733,39,4,,1,37,,35734,39,4,,1,79,,35735,39,4,,1,38,,35736,39,4,,1,77,,35737,39,4,,1,77,,35738,39,4,,1,37,,35739,39,4,,1,79,,35740,39,4,,1,78,,35741,39,4,,1,38,,35742,39,4,,1,76,,35743,39,4,,1,36,,35744,39,4,,1,74,,35745,39,4,,1,74,,35746,39,4,,1,35,,35747,39,4,,1,75,,35748,39,4,,1,35,,35749,39,4,,1,69,,35750,39,4,,1
3600,'CPSunday',726,,35751,39,4,,1,76,,35752,39,4,,1,36,,35753,39,4,,1,75,,35754,39,4,,1,35,,35755,39,4,,1,75,,35756,39,4,,1,77,,35757,39,4,,1,34,,35758,39,4,,1,76,,35759,39,4,,1,36,,35760,39,4,,1,77,,35761,39,4,,1,36,,35762,39,4,,1,74,,35763,39,4,,1,78,,35764,39,4,,1,38,,35765,39,4,,1,80,,35766,39,4,,1,76,,35767,39,4,,1,39,,35768,39,4,,1,78,,35769,39,4,,1,78,,35770,39,4,,1,34,,35771,39,4,,1,74,,35772,39,4,,1,35,,35773,39,4,,1,75,,35774,39,4,,1,34,,35775,39,4,,1,74,,35776,39,4,,1,33,,35777,39,4,,1,73,,35778,39,4,,1,73,,35779,39,4,,1,34,,35780,39,4,,1
3600,'CPWeekday',610,,35781,39,4,,1,43,,35782,39,4,,1,82,,35783,39,4,,1,83,,35784,39,4,,1,83,,35785,39,4,,1,45,,35786,39,4,,1,80,,35787,39,4,,1,82,,35788,39,4,,1,44,,35789,39,4,,1,84,,35790,39,4,,1,82,,35791,39,4,,1,40,,35792,39,4,,1,87,,35793,39,4,,1,86,,35794,39,4,,1,85,,35795,39,4,,1,84,,35796,39,4,,1,43,,35797,39,4,,1,82,,35798,39,4,,1,84,,35799,39,4,,1,40,,35800,39,4,,1,80,,35801,39,4,,1,79,,35802,39,4,,1,37,,35803,39,4,,1,74,,35804,39,4,,1,35,,35805,39,4,,1,74,,35806,39,4,,1,72,,35807,39,4,,1,33,,35808,39,4,,1,71,,35809,39,4,,1,32,,35810,39,4,,1,72,,35811,39,4,,1,31,,35812,39,4,,1
3601,'CPHoliday1',735,,35813,1,,,1,75,,35814,1,,,1,35,,35815,1,,,1,75,,35816,1,,,1,35,,35817,1,,,1,75,,35818,1,,,1,75,,35819,1,,,1,35,,35820,1,,,1,75,,35821,1,,,1,35,,35822,1,,,1,75,,35823,1,,,1,76,,35824,1,,,1,36,,35825,1,,,1,78,,35826,1,,,1,38,,35827,1,,,1,78,,35828,1,,,1,78,,35829,1,,,1,38,,35830,1,,,1,78,,35831,1,,,1,75,,35832,1,,,1,35,,35833,1,,,1,75,,35834,1,,,1,35,,35835,1,,,1,75,,35836,1,,,1,35,,35837,1,,,1,75,,35838,1,,,1,75,,35839,1,,,1,35,,35840,1,,,1
3601,'CPSaturday',535,,35841,1,,,1,75,,35842,1,,,1,35,,35843,1,,,1,75,,35844,1,,,1,35,,35845,1,,,1,75,,35846,1,,,1,76,,35847,1,,,1,36,,35848,1,,,1,78,,35849,1,,,1,38,,35850,1,,,1,78,,35851,1,,,1,78,,35852,1,,,1,38,,35853,1,,,1,78,,35854,1,,,1,78,,35855,1,,,1,38,,35856,1,,,1,78,,35857,1,,,1,78,,35858,1,,,1,38,,35859,1,,,1,78,,35860,1,,,1,38,,35861,1,,,1,78,,35862,1,,,1,78,,35863,1,,,1,38,,35864,1,,,1,78,,35865,1,,,1,78,,35866,1,,,1,38,,35867,1,,,1,76,,35868,1,,,1,35,,35869,1,,,1,75,,35870,1,,,1,75,,35871,1,,,1,35,,35872,1,,,1,75,,35873,1,,,1,35,,35874,1,,,1,75,,35875,1,,,1
3601,'CPSunday',735,,35876,1,,,1,75,,35877,1,,,1,35,,35878,1,,,1,75,,35879,1,,,1,35,,35880,1,,,1,75,,35881,1,,,1,75,,35882,1,,,1,35,,35883,1,,,1,75,,35884,1,,,1,35,,35885,1,,,1,75,,35886,1,,,1,76,,35887,1,,,1,36,,35888,1,,,1,78,,35889,1,,,1,38,,35890,1,,,1,78,,35891,1,,,1,78,,35892,1,,,1,38,,35893,1,,,1,78,,35894,1,,,1,75,,35895,1,,,1,35,,35896,1,,,1,75,,35897,1,,,1,35,,35898,1,,,1,75,,35899,1,,,1,35,,35900,1,,,1,75,,35901,1,,,1,75,,35902,1,,,1,35,,35903,1,,,1
3601,'CPWeekday',540,,35904,1,,,1,80,,35905,1,,,1,80,,35906,1,,,1,44,,35907,1,,,1,84,,35908,1,,,1,84,,35909,1,,,1,44,,35910,1,,,1,82,,35911,1,,,1,82,,35912,1,,,1,82,,35913,1,,,1,42,,35914,1,,,1,82,,35915,1,,,1,84,,35916,1,,,1,44,,35917,1,,,1,84,,35918,1,,,1,84,,35919,1,,,1,84,,35920,1,,,1,44,,35921,1,,,1,84,,35922,1,,,1,84,,35923,1,,,1,82,,35924,1,,,1,40,,35925,1,,,1,78,,35926,1,,,1,36,,35927,1,,,1,76,,35928,1,,,1,75,,35929,1,,,1,34,,35930,1,,,1,72,,35931,1,,,1,32,,35932,1,,,1,72,,35933,1,,,1,30,,35934,1,,,1
4501,'CPHoliday1',805,,37331,17,,,1,35,,37332,17,,,1,75,,37333,17,,,1,36,,37334,17,,,1,75,,37335,17,,,1,75,,37336,17,,,1,40,,37337,17,,,1,80,,37338,17,,,1,80,,37339,17,,,1,41,,37340,17,,,1,80,,37341,17,,,1,80,,37342,17,,,1,40,,37343,17,,,1,80,,37344,17,,,1,80,,37345,17,,,1,38,,37346,17,,,1,80,,37347,17,,,1,80,,37348,17,,,1,40,,37349,17,,,1,80,,37350,17,,,1,80,,37351,17,,,1,39,,37352,17,,,1
4501,'CPSaturday',556,,37353,17,,,1,75,,37354,17,,,1,77,,37355,17,,,1,35,,37356,17,,,1,77,,37357,17,,,1,35,,37358,17,,,1,80,,37359,17,,,1,81,,37360,17,,,1,40,,37361,17,,,1,82,,37362,17,,,1,81,,37363,17,,,1,82,,37364,17,,,1,43,,37365,17,,,1,82,,37366,17,,,1,82,,37367,17,,,1,41,,37368,17,,,1,82,,37369,17,,,1,80,,37370,17,,,1,42,,37371,17,,,1,82,,37372,17,,,1,79,,37373,17,,,1,40,,37374,17,,,1,80,,37375,17,,,1,75,,37376,17,,,1,34,,37377,17,,,1
4501,'CPSunday',805,,37378,17,,,1,35,,37379,17,,,1,75,,37380,17,,,1,36,,37381,17,,,1,75,,37382,17,,,1,75,,37383,17,,,1,40,,37384,17,,,1,80,,37385,17,,,1,80,,37386,17,,,1,41,,37387,17,,,1,80,,37388,17,,,1,80,,37389,17,,,1,40,,37390,17,,,1,80,,37391,17,,,1,80,,37392,17,,,1,38,,37393,17,,,1,80,,37394,17,,,1,80,,37395,17,,,1,40,,37396,17,,,1,80,,37397,17,,,1,80,,37398,17,,,1,39,,37399,17,,,1
4501,'CPWeekday',450,,37400,17,,,1,73,,37401,17,,,1,30,,37402,17,,,1,61,,37403,17,0,11 6 12 13 14 15 16,1,21,,37404,17,,,1,21,,37405,17,0,11 6 12 13 14 15 16,1,59,,37406,17,,,1,17,,37407,17,0,11 6 12 13 14 15 16,1,19,,37408,17,,,1,63,,37409,17,0,11 6 12 13 14 15 16,1,18,,37410,17,,,1,19,,37411,17,0,11 6 12 13 14 15 16,1,59,,37412,17,,,1,21,,37413,17,0,11 6 12 13 14 15 16,1,22,,37414,17,,,1,68,,37415,17,0,11 6 12 13 14 15 16,1,31,,37416,17,,,1,71,,37417,17,,,1,33,,37418,17,,,1,73,,37419,17,,,1,72,,37420,17,,,1,31,,37421,17,,,1,20,,37422,17,,,1,63,,37423,17,,,1,20,,37424,17,,,1,19,,37425,17,,,1,58,,37426,17,0,11 6 12 13 14 15 16,1,15,,37427,17,,,1,21,,37428,17,0,11 6 12 13 14 15 16,1,59,,37429,17,,,1,17,,37430,17,0,11 6 12 13 14 15 16,1,19,,37431,17,,,1,57,,37432,17,0,11 6 12 13 14 15 16,1,18,,37433,17,,,1,18,,37434,17,0,11 6 12 13 14 15 16,1,18,,37435,17,,,1,58,,37436,17,0,11 6 12 13 14 15 16,1,18,,37437,17,,,1,18,,37438,17,0,11 6 12 13 14 15 16,1,58,,37439,17,,,1,16,,37440,17,0,11 6 12 13 14 15 16,1,18,,37441,17,,,1,16,,37442,17,,,1,59,,37443,17,,,1,20,,37444,17,,,1,22,,37445,17,,,1,69,,37446,17,,,1,29,,37447,17,,,1,70,,37448,17,,,1,30,,37449,17,,,1,70,,37450,17,,,1
