3801,'CPHoliday1',810,,8167,5,,,1,90,,8165,5,,,1,55,,8171,5,,,1,95,,8168,5,,,1,95,,8166,5,,,1,95,,8176,5,,,1,95,,8170,5,,,1,95,,8169,5,,,1,95,,8175,5,,,1,96,,8173,5,,,1,95,,8174,5,,,1,94,,8177,5,,,1,95,,8172,5,,,1,95,,8178,5,,,1
3801,'CPSaturday',604,,8179,5,,,1,25,,8180,5,,,1,25,,8181,5,,,1,70,,8182,5,,,1,30,,8183,5,,,1,70,,8184,5,,,1,30,,8185,5,,,1,71,,8186,5,,,1,32,,8187,5,,,1,73,,8188,5,,,1,74,,8189,5,,,1,34,,8190,5,,,1,74,,8191,5,,,1,34,,8192,5,,,1,74,,8193,5,,,1,34,,8194,5,,,1,74,,8195,5,,,1,74,,8196,5,,,1,34,,8197,5,,,1,74,,8198,5,,,1,35,,8199,5,,,1,74,,8200,5,,,1,35,,8201,5,,,1,75,,8202,5,,,1,74,,8203,5,,,1,34,,8204,5,,,1,72,,8205,5,,,1,32,,8206,5,,,1,70,,8207,5,,,1,30,,8208,5,,,1,70,,8209,5,,,1,27,,8210,5,,,1,68,,8211,5,,,1,28,,8212,5,,,1
3801,'CPSunday',810,,8215,5,,,1,90,,8213,5,,,1,55,,8219,5,,,1,95,,8216,5,,,1,95,,8214,5,,,1,95,,8224,5,,,1,95,,8218,5,,,1,95,,8217,5,,,1,95,,8223,5,,,1,96,,8221,5,,,1,95,,8222,5,,,1,94,,8225,5,,,1,95,,8220,5,,,1,95,,8226,5,,,1
3801,'CPWeekday',514,,8252,5,,,1,28,,8260,5,,,1,69,,8253,5,,,1,28,,8250,5,,,1,68,,8243,5,,,1,30,,8242,5,,,1,71,,8251,5,,,1,30,,8262,5,,,1,72,,8257,5,,,1,35,,8245,5,,,1,75,,8241,5,,,1,39,,8237,5,,,1,80,,8264,5,,,1,80,,8256,5,,,1,40,,8244,5,,,1,70,,8238,5,,,1,18,,8228,5,,,1,7,,8227,5,,,1,1,,8236,5,,,1,66,,8235,5,,,1,31,,8261,5,,,1,70,,8254,5,,,1,30,,8233,5,,,1,68,,8249,5,,,1,28,,8240,5,,,1,70,,8232,5,,,1,30,,8234,5,,,1,69,,8263,5,,,1,28,,8255,5,,,1,68,,8230,5,,,1,28,,8248,5,,,1,70,,8239,5,,,1,40,,8229,5,,,1,90,,8258,5,,,1,89,,8246,5,,,1,86,,8231,5,,,1,86,,8259,5,,,1,41,,8247,5,,,1
3900,'CPHoliday1',550,,8285,5,,,1,78,,8279,5,,,1,78,,8274,5,,,1,38,,8270,5,,,1,80,,8286,5,,,1,82,,8277,5,,,1,42,,8275,5,,,1,83,,8269,5,,,1,82,,8284,5,,,1,44,,8278,5,,,1,85,,8271,5,,,1,85,,8268,5,,,1,85,,8287,5,,,1,45,,8281,5,,,1,85,,8272,5,,,1,85,,8267,5,,,1,85,,8288,5,,,1,45,,8280,5,,,1,85,,8273,5,,,1,84,,8266,5,,,1,83,,8283,5,,,1,42,,8282,5,,,1,82,,8276,5,,,1,75,,8265,5,,,1
3900,'CPSaturday',728,,8294,5,,,1,25,,8293,5,,,1,255,,8295,5,,,1,28,,8292,5,,,1,268,,8296,5,,,1,30,,8291,5,,,1,270,,8297,5,,,1,30,,8290,5,,,1,270,,8298,5,,,1,30,,8289,5,,,1,214,,8299,5,,,1
3900,'CPSunday',550,,8320,5,,,1,78,,8314,5,,,1,78,,8309,5,,,1,38,,8305,5,,,1,80,,8321,5,,,1,82,,8312,5,,,1,42,,8310,5,,,1,83,,8304,5,,,1,82,,8319,5,,,1,44,,8313,5,,,1,85,,8306,5,,,1,85,,8303,5,,,1,85,,8322,5,,,1,45,,8316,5,,,1,85,,8307,5,,,1,85,,8302,5,,,1,85,,8323,5,,,1,45,,8315,5,,,1,85,,8308,5,,,1,84,,8301,5,,,1,83,,8318,5,,,1,42,,8317,5,,,1,82,,8311,5,,,1,75,,8300,5,,,1
3900,'MASaturday',548,,8347,5,,,1,65,,8346,5,,,1,25,,8340,5,,,1,65,,8339,5,,,1,116,,8341,5,,,1,26,,8334,5,,,1,66,,8332,5,,,1,29,,8333,5,,,1,164,,8345,5,,,1,30,,8335,5,,,1,70,,8329,5,,,1,30,,8327,5,,,1,170,,8344,5,,,1,30,,8338,5,,,1,70,,8330,5,,,1,30,,8325,5,,,1,170,,8342,5,,,1,30,,8337,5,,,1,70,,8328,5,,,1,30,,8324,5,,,1,170,,8343,5,,,1,27,,8336,5,,,1,26,,8331,5,,,1,66,,8326,5,,,1
3900,'MAWeekday',507,,8349,5,,,1,21,,8350,5,,,1,21,,8351,5,,,1,59,,8352,5,,,1,18,,8353,5,,,1,19,,8354,5,,,1,59,,8355,5,,,1,20,,8356,5,,,1,22,,8357,5,,,1,63,,8358,5,,,1,24,,8359,5,,,1,70,,8360,5,,,1,38,,8361,5,,,1,77,,8362,5,,,1,38,,8363,5,,,1,77,,8364,5,,,1,77,,8365,5,,,1,35,,8366,5,,,1,74,,8367,5,,,1,26,,8368,5,,,1,66,,8369,5,,,1,18,,8370,5,,,1,18,,8371,5,,,1,61,,8372,5,,,1,22,,8373,5,,,1,18,,8374,5,,,1,59,,8375,5,,,1,18,,8376,5,,,1,19,,8377,5,,,1,62,,8378,5,,,1,22,,8379,5,,,1,22,,8380,5,,,1,63,,8381,5,,,1,22,,8382,5,,,1,23,,8383,5,,,1,63,,8384,5,,,1,19,,8385,5,,,1,76,,8386,5,,,1,41,,8387,5,,,1,82,,8388,5,,,1,82,,8389,5,,,1,37,,8390,5,,,1,75,,8391,5,,,1,75,,8392,5,,,1,35,,8393,5,,,1,74,,8348,5,,,1
4301,'CPWeekday',1423,,9079,5,,,1,80,,9077,5,,,1,40,,9082,5,,,1,80,,9084,5,,,1,80,,9080,5,,,1,42,,9078,5,,,1,82,,9083,5,,,1,82,,9085,5,,,1,40,,9081,5,,,1
9001,'CPWeekday',438,,11914,5,,,1,65,,11915,5,,,1,25,,11916,5,,,1,30,,11917,5,,,1,70,,11918,5,,,1,30,,11919,5,,,1,70,,11920,5,,,1,30,,11921,5,,,1,70,,11922,5,,,1,28,,11923,5,,,1,90,,11924,5,,,1,91,,11925,5,,,1,90,,11926,5,,,1,90,,11927,5,,,1,90,,11928,5,,,1,50,,11929,5,,,1,72,,11930,5,,,1,30,,11931,5,,,1,70,,11932,5,,,1,30,,11933,5,,,1,70,,11934,5,,,1,30,,11935,5,,,1,70,,11936,5,,,1,30,,11937,5,,,1,70,,11938,5,,,1,30,,11939,5,,,1,70,,11940,5,,,1,72,,11941,5,,,1,33,,11942,5,,,1,86,,11943,5,,,1,85,,11944,5,,,1,47,,11945,5,,,1,84,,11946,5,,,1
