401,'CPHoliday1',858,,29551,6,,,1,80,,29552,6,,,1,86,,29553,6,,,1,85,,29554,6,,,1,45,,29555,6,,,1,86,,29556,6,,,1,85,,29557,6,,,1,85,,29558,6,,,1,45,,29559,6,,,1,85,,29560,6,,,1,85,,29561,6,,,1,84,,29562,6,,,1,45,,29563,6,,,1,85,,29564,6,,,1,85,,29565,6,,,1,85,,29566,6,,,1,40,,29567,6,,,1
401,'CPSaturday',718,,29568,6,,,1,85,,29569,6,,,1,45,,29570,6,,,1,85,,29571,6,,,1,85,,29572,6,,,1,85,,29573,6,,,1,45,,29574,6,,,1,86,,29575,6,,,1,85,,29576,6,,,1,85,,29577,6,,,1,45,,29578,6,,,1,85,,29579,6,,,1,85,,29580,6,,,1,85,,29581,6,,,1,44,,29582,6,,,1,85,,29583,6,,,1,85,,29584,6,,,1,85,,29585,6,,,1,45,,29586,6,,,1,84,,29587,6,,,1,80,,29588,6,,,1,40,,29589,6,,,1
401,'CPSunday',858,,29590,6,,,1,80,,29591,6,,,1,86,,29592,6,,,1,85,,29593,6,,,1,45,,29594,6,,,1,86,,29595,6,,,1,85,,29596,6,,,1,85,,29597,6,,,1,45,,29598,6,,,1,85,,29599,6,,,1,85,,29600,6,,,1,84,,29601,6,,,1,45,,29602,6,,,1,85,,29603,6,,,1,85,,29604,6,,,1,85,,29605,6,,,1,40,,29606,6,,,1
401,'CPWeekday',527,,29610,6,,,1,80,,29611,6,,,1,45,,29612,6,,,1,60,,29607,6,,,1,25,,29613,6,,,1,86,,29614,6,,,1,85,,29615,6,,,1,44,,29616,6,,,1,84,,29617,6,,,1,84,,29618,6,,,1,83,,29619,6,,,1,44,,29620,6,,,1,85,,29621,6,,,1,84,,29622,6,,,1,43,,29623,6,,,1,76,,29624,6,,,1,76,,29625,6,,,1,36,,29626,6,,,1,76,,29627,6,,,1,35,,29628,6,,,1,75,,29629,6,,,1,74,,29630,6,,,1,36,,29631,6,,,1,99,,29632,6,,,1,100,,29633,6,,,1,100,,29634,6,,,1,100,,29635,6,,,1
501,'MAHoliday1',746,,29814,44,,,1,66,,29815,44,,,1,30,,29816,44,,,1,70,,29817,44,,,1,34,,29818,44,,,1,70,,29819,44,,,1,30,,29820,44,,,1,72,,29821,44,,,1,30,,29822,44,,,1,74,,29823,44,,,1,32,,29824,44,,,1,72,,29825,44,,,1,32,,29826,44,,,1,72,,29827,44,,,1,72,,29828,44,,,1,34,,29829,44,,,1,75,,29830,44,,,1,34,,29831,44,,,1,72,,29832,44,,,1,31,,29833,44,,,1,71,,29834,44,,,1,32,,29835,44,,,1,69,,29836,44,,,1,30,,29837,44,,,1,70,,29838,44,,,1,28,,29839,44,,,1,67,,29840,44,,,1,27,,29841,44,,,1,65,,29842,44,,,1,26,,29843,44,,,1,25,,29844,44,,,1
501,'MASaturday',601,,29845,44,,,1,27,,29846,44,,,1,26,,29847,44,,,1,66,,29848,44,,,1,28,,29849,44,,,1,68,,29850,44,,,1,29,,29851,44,,,1,69,,29852,44,,,1,29,,29853,44,,,1,60,,29854,44,,,1,20,,29855,44,,,1,24,,29856,44,,,1,64,,29857,44,,,1,28,,29858,44,,,1,66,,29859,44,,,1,27,,29860,44,,,1,26,,29861,44,,,1,66,,29862,44,,,1,26,,29863,44,,,1,66,,29864,44,,,1,26,,29865,44,,,1,66,,29866,44,,,1,26,,29867,44,,,1,66,,29868,44,,,1,26,,29869,44,,,1,26,,29870,44,,,1,66,,29871,44,,,1,26,,29872,44,,,1,65,,29873,44,,,1,26,,29874,44,,,1,65,,29875,44,,,1,25,,29876,44,,,1,25,,29877,44,,,1,64,,29878,44,,,1,25,,29879,44,,,1,65,,29880,44,,,1,24,,29881,44,,,1,22,,29882,44,,,1,60,,29883,44,,,1,22,,29884,44,,,1,73,,29885,44,,,1,31,,29886,44,,,1,75,,29887,44,,,1,35,,29888,44,,,1,78,,29889,44,,,1
501,'MASunday',746,,29890,44,,,1,66,,29891,44,,,1,30,,29892,44,,,1,70,,29893,44,,,1,34,,29894,44,,,1,70,,29895,44,,,1,30,,29896,44,,,1,72,,29897,44,,,1,30,,29898,44,,,1,74,,29899,44,,,1,32,,29900,44,,,1,72,,29901,44,,,1,32,,29902,44,,,1,72,,29903,44,,,1,72,,29904,44,,,1,34,,29905,44,,,1,75,,29906,44,,,1,34,,29907,44,,,1,72,,29908,44,,,1,31,,29909,44,,,1,71,,29910,44,,,1,32,,29911,44,,,1,69,,29912,44,,,1,30,,29913,44,,,1,70,,29914,44,,,1,28,,29915,44,,,1,67,,29916,44,,,1,27,,29917,44,,,1,65,,29918,44,,,1,26,,29919,44,,,1,25,,29920,44,,,1
501,'MAWeekday',434,,29921,44,,,1,68,,29922,44,,,1,30,,29923,44,,,1,25,,29924,44,,,1,63,,29925,44,,,1,16,,29926,44,,,1,16,,29927,44,,,1,54,,29928,44,,,1,14,,29929,44,,,1,14,,29930,44,,,1,16,,29931,44,,,1,56,,29932,44,,,1,16,,29933,44,,,1,14,,29934,44,,,1,14,,29935,44,,,1,55,,29936,44,,,1,14,,29937,44,,,1,15,,29938,44,,,1,14,,29939,44,,,1,55,,29940,44,,,1,16,,29941,44,,,1,14,,29942,44,,,1,15,,29943,44,,,1,55,,29944,44,,,1,15,,29945,44,,,1,15,,29946,44,,,1,14,,29947,44,,,1,55,,29948,44,,,1,15,,29949,44,,,1,14,,29950,44,,,1,15,,29951,44,,,1,55,,29952,44,,,1,16,,29953,44,,,1,15,,29954,44,,,1,16,,29955,44,,,1,55,,29956,44,,,1,14,,29957,44,,,1,15,,29958,44,,,1,14,,29959,44,,,1,54,,29960,44,,,1,15,,29961,44,,,1,16,,29962,44,,,1,16,,29963,44,,,1,56,,29964,44,,,1,15,,29965,44,,,1,15,,29966,44,,,1,15,,29967,44,,,1,56,,29968,44,,,1,15,,29969,44,,,1,16,,29970,44,,,1,15,,29971,44,,,1,56,,29972,44,,,1,15,,29973,44,,,1,15,,29974,44,,,1,15,,29975,44,,,1,53,,29976,44,,,1,21,,29977,44,,,1,25,,29978,44,,,1,63,,29979,44,,,1,24,,29980,44,,,1,68,,29981,44,,,1,26,,29982,44,,,1,70,,29983,44,,,1,29,,29984,44,,,1,77,,29985,44,,,1,35,,29986,44,,,1,76,,29987,44,,,1,35,,29988,44,,,1,74,,29989,44,,,1,75,,29990,44,,,1
3101,'CPHoliday1',656,,35088,4,,,1,100,,35089,4,,,1,70,,35090,4,,,1,31,,35091,4,,,1,70,,35092,4,,,1,30,,35093,4,,,1,70,,35094,4,,,1,30,,35095,4,,,1,70,,35096,4,,,1,30,,35097,4,,,1,70,,35098,4,,,1,30,,35099,4,,,1,69,,35100,4,,,1,30,,35101,4,,,1,69,,35102,4,,,1,30,,35103,4,,,1,70,,35104,4,,,1,30,,35105,4,,,1,70,,35106,4,,,1,31,,35107,4,,,1,70,,35108,4,,,1,31,,35109,4,,,1,70,,35110,4,,,1,31,,35111,4,,,1,70,,35112,4,,,1,30,,35113,4,,,1,71,,35114,4,,,1,30,,35115,4,,,1,70,,35116,4,,,1,29,,35117,4,,,1
3101,'CPSaturday',547,,35118,4,,,1,100,,35119,4,,,1,110,,35120,4,,,1,70,,35121,4,,,1,30,,35122,4,,,1,69,,35123,4,,,1,30,,35124,4,,,1,70,,35125,4,,,1,30,,35126,4,,,1,70,,35127,4,,,1,30,,35128,4,,,1,69,,35129,4,,,1,30,,35130,4,,,1,70,,35131,4,,,1,30,,35132,4,,,1,70,,35133,4,,,1,30,,35134,4,,,1,70,,35135,4,,,1,30,,35136,4,,,1,72,,35137,4,,,1,30,,35138,4,,,1,70,,35139,4,,,1,30,,35140,4,,,1,70,,35141,4,,,1,30,,35142,4,,,1,70,,35143,4,,,1,30,,35144,4,,,1,70,,35145,4,,,1,30,,35146,4,,,1,70,,35147,4,,,1,31,,35148,4,,,1,74,,35149,4,,,1,18,,35150,4,,,1
3101,'CPSunday',656,,35151,4,,,1,100,,35152,4,,,1,70,,35153,4,,,1,31,,35154,4,,,1,70,,35155,4,,,1,30,,35156,4,,,1,70,,35157,4,,,1,30,,35158,4,,,1,70,,35159,4,,,1,30,,35160,4,,,1,70,,35161,4,,,1,30,,35162,4,,,1,69,,35163,4,,,1,30,,35164,4,,,1,69,,35165,4,,,1,30,,35166,4,,,1,70,,35167,4,,,1,30,,35168,4,,,1,70,,35169,4,,,1,31,,35170,4,,,1,70,,35171,4,,,1,31,,35172,4,,,1,70,,35173,4,,,1,31,,35174,4,,,1,70,,35175,4,,,1,30,,35176,4,,,1,71,,35177,4,,,1,30,,35178,4,,,1,70,,35179,4,,,1,29,,35180,4,,,1
3101,'CPWeekday',410,,35181,4,,,1,27,,35182,4,,,1,70,,35183,4,,,1,33,,35184,4,,,1,70,,35185,4,,,1,32,,35186,4,,,1,67,,35187,4,,,1,18,,35188,4,,,1,15,,35189,4,,,1,69,,35190,4,,,1,17,,35191,4,,,1,24,,35192,4,,,1,61,,35193,4,,,1,35,,35194,4,,,1,75,,35195,4,,,1,30,,35196,4,,,1,70,,35197,4,,,1,30,,35198,4,,,1,70,,35199,4,,,1,32,,35200,4,,,1,70,,35201,4,,,1,29,,35202,4,,,1,69,,35203,4,,,1,30,,35204,4,,,1,60,,35205,4,,,1,15,,35206,4,,,1,22,,35207,4,,,1,62,,35208,4,,,1,19,,35209,4,,,1,19,,35210,4,,,1,62,,35211,4,,,1,18,,35212,4,,,1,18,,35213,4,,,1,61,,35214,4,,,1,21,,35215,4,,,1,26,,35216,4,,,1,70,,35217,4,,,1,31,,35218,4,,,1,70,,35219,4,,,1,31,,35220,4,,,1,70,,35221,4,,,1,30,,35222,4,,,1,70,,35223,4,,,1,30,,35224,4,,,1,70,,35225,4,,,1,31,,35226,4,,,1,70,,35227,4,,,1,30,,35228,4,,,1,70,,35229,4,,,1,27,,35230,4,,,1
