400,'CPHoliday1',752,,1628,2,,,1,80,,1629,2,,,1,80,,1630,2,,,1,43,,1631,2,,,1,83,,1632,2,,,1,84,,1633,2,,,1,85,,1634,2,,,1,45,,1635,2,,,1,86,,1636,2,,,1,86,,1637,2,,,1,86,,1638,2,,,1,46,,1639,2,,,1,86,,1640,2,,,1,86,,1641,2,,,1,85,,1642,2,,,1,45,,1643,2,,,1,80,,1644,2,,,1
400,'CPSaturday',612,,1645,2,,,1,40,,1646,2,,,1,80,,1647,2,,,1,82,,1648,2,,,1,44,,1649,2,,,1,84,,1650,2,,,1,84,,1651,2,,,1,84,,1652,2,,,1,46,,1653,2,,,1,86,,1654,2,,,1,86,,1655,2,,,1,86,,1656,2,,,1,86,,1657,2,,,1,46,,1658,2,,,1,86,,1659,2,,,1,86,,1660,2,,,1,86,,1661,2,,,1,46,,1662,2,,,1,84,,1663,2,,,1,84,,1664,2,,,1,84,,1665,2,,,1,44,,1666,2,,,1
400,'CPSunday',752,,1667,2,,,1,80,,1668,2,,,1,80,,1669,2,,,1,43,,1670,2,,,1,83,,1671,2,,,1,84,,1672,2,,,1,85,,1673,2,,,1,45,,1674,2,,,1,86,,1675,2,,,1,86,,1676,2,,,1,86,,1677,2,,,1,46,,1678,2,,,1,86,,1679,2,,,1,86,,1680,2,,,1,85,,1681,2,,,1,45,,1682,2,,,1,80,,1683,2,,,1
400,'CPWeekday',452,,1685,2,,,1,84,,1686,2,,,1,84,,1687,2,,,1,82,,1688,2,,,1,40,,1689,2,,,1,86,,1690,2,,,1,84,,1691,2,,,1,44,,1692,2,,,1,84,,1693,2,,,1,86,,1694,2,,,1,86,,1695,2,,,1,46,,1696,2,,,1,86,,1697,2,,,1,72,,1698,2,,,1,32,,1699,2,,,1,76,,1700,2,,,1,76,,1701,2,,,1,36,,1702,2,,,1,78,,1703,2,,,1,34,,1704,2,,,1,80,,1705,2,,,1,104,,1706,2,,,1,104,,1707,2,,,1,100,,1708,2,,,1,100,,1709,2,,,1
2800,'CPWeekday',1616,,6592,9,,,1,31,,6593,9,,,1,59,,6594,9,,,1,21,,6559,9,,,1,7,,6595,9,,,1,22,,6596,9,,,1,74,,6597,9,,,1,71,,6598,9,,,1,23,,6599,9,,,1,22,,6600,9,,,1
2801,'CPWeekday',626,,6699,20,,,1,22,,6700,20,,,1,60,,6701,20,,,1,20,,6702,20,,,1,17,,6703,20,,,1,11,,6694,20,,,1,57,,6704,20,,,1,13,,6695,20,,,1,11,,6705,20,,,1,21,,6706,20,,,1
3800,'CPHoliday1',747,,8064,2,,,1,90,,8075,2,,,1,90,,8065,2,,,1,90,,8066,2,,,1,95,,8071,2,,,1,95,,8068,2,,,1,95,,8067,2,,,1,55,,8074,2,,,1,96,,8069,2,,,1,96,,8073,2,,,1,96,,8070,2,,,1,95,,8072,2,,,1,95,,8076,2,,,1,95,,8078,2,,,1,92,,8077,2,,,1
3800,'CPSaturday',632,,8093,2,,,1,75,,8094,2,,,1,30,,8095,2,,,1,70,,8096,2,,,1,30,,8097,2,,,1,70,,8098,2,,,1,32,,8099,2,,,1,72,,8100,2,,,1,32,,8101,2,,,1,74,,8102,2,,,1,34,,8103,2,,,1,74,,8104,2,,,1,75,,8105,2,,,1,35,,8106,2,,,1,75,,8107,2,,,1,35,,8108,2,,,1,75,,8109,2,,,1,35,,8110,2,,,1,74,,8079,2,,,1,74,,8080,2,,,1,34,,8081,2,,,1,74,,8082,2,,,1,32,,8083,2,,,1,72,,8084,2,,,1,32,,8085,2,,,1,72,,8086,2,,,1,32,,8087,2,,,1,72,,8088,2,,,1,30,,8089,2,,,1,70,,8090,2,,,1,28,,8091,2,,,1,66,,8092,2,,,1
3800,'CPSunday',747,,8111,2,,,1,90,,8122,2,,,1,90,,8112,2,,,1,90,,8113,2,,,1,95,,8118,2,,,1,95,,8115,2,,,1,95,,8114,2,,,1,55,,8121,2,,,1,96,,8116,2,,,1,96,,8120,2,,,1,96,,8117,2,,,1,95,,8119,2,,,1,95,,8123,2,,,1,95,,8125,2,,,1,92,,8124,2,,,1
3800,'CPWeekday',432,,8162,2,,,1,26,,8151,2,,,1,62,,8150,2,,,1,24,,8148,2,,,1,64,,8147,2,,,1,26,,8149,2,,,1,70,,8159,2,,,1,30,,8153,2,,,1,75,,8142,2,,,1,35,,8140,2,,,1,80,,8139,2,,,1,80,,8163,2,,,1,40,,8154,2,,,1,78,,8141,2,,,1,36,,8136,2,,,1,76,,8135,2,,,1,74,,8160,2,,,1,34,,8155,2,,,1,16,,8134,2,,,1,74,,8145,2,,,1,70,,8137,2,,,1,30,,8132,2,,,1,70,,8133,2,,,1,30,,8164,2,,,1,70,,8156,2,,,1,30,,8131,2,,,1,70,,8146,2,,,1,32,,8138,2,,,1,74,,8128,2,,,1,36,,8161,2,,,1,74,,8152,2,,,1,28,,8127,2,,,1,68,,8143,2,,,1,90,,8129,2,,,1,48,,8157,2,,,1,85,,8144,2,,,1,82,,8130,2,,,1
