4500,'CPHoliday1',816,,23245,18,,,1,35,,23246,18,,,1,75,,23247,18,,,1,75,,23248,18,,,1,36,,23249,18,,,1,75,,23250,18,,,1,40,,23251,18,,,1,80,,23252,18,,,1,81,,23253,18,,,1,40,,23254,18,,,1,81,,23255,18,,,1,80,,23256,18,,,1,40,,23257,18,,,1,80,,23258,18,,,1,80,,23259,18,,,1,38,,23260,18,,,1,80,,23261,18,,,1,80,,23262,18,,,1,40,,23263,18,,,1,80,,23264,18,,,1,79,,23265,18,,,1,35,,23266,18,,,1,75,,23267,18,,,1
4500,'CPSaturday',642,,23268,18,,,1,75,,23269,18,,,1,35,,23270,18,,,1,75,,23271,18,,,1,80,,23272,18,,,1,40,,23273,18,,,1,80,,23274,18,,,1,80,,23275,18,,,1,40,,23276,18,,,1,83,,23277,18,,,1,83,,23278,18,,,1,42,,23279,18,,,1,82,,23280,18,,,1,83,,23281,18,,,1,82,,23282,18,,,1,42,,23283,18,,,1,82,,23284,18,,,1,82,,23285,18,,,1,41,,23286,18,,,1,80,,23287,18,,,1,78,,23288,18,,,1,37,,23289,18,,,1,78,,23290,18,,,1,35,,23291,18,,,1,84,,23292,18,,,1
4500,'CPSunday',816,,23293,18,,,1,35,,23294,18,,,1,75,,23295,18,,,1,75,,23296,18,,,1,36,,23297,18,,,1,75,,23298,18,,,1,40,,23299,18,,,1,80,,23300,18,,,1,81,,23301,18,,,1,40,,23302,18,,,1,81,,23303,18,,,1,80,,23304,18,,,1,40,,23305,18,,,1,80,,23306,18,,,1,80,,23307,18,,,1,38,,23308,18,,,1,80,,23309,18,,,1,80,,23310,18,,,1,40,,23311,18,,,1,80,,23312,18,,,1,79,,23313,18,,,1,35,,23314,18,,,1,75,,23315,18,,,1
4500,'CPWeekday',502,,23317,18,,,1,40,,23318,18,,,1,70,,23320,18,,,1,39,,23322,18,,,1,84,,23324,18,,,1,80,,23326,18,,,1,34,,23328,18,,,1,82,,23330,18,,,1,18,,23331,18,,,1,64,,23332,18,,,1,32,,23333,18,,,1,72,,23334,18,,,1,32,,23335,18,,,1,72,,23336,18,,,1,32,,23337,18,,,1,70,,23338,18,,,1,30,,23339,18,,,1,89,,23341,18,,,1,75,,23343,18,,,1,40,,23345,18,,,1,78,,23347,18,,,1,65,,23316,18,,,1,11,,23349,18,,,1,36,,23351,18,,,1,74,,23353,18,,,1,82,,23355,18,,,1,22,,23356,18,,,1,21,,23357,18,,,1,62,,23358,18,,,1,22,,23359,18,,,1,23,,23360,18,,,1,68,,23361,18,,,1,28,,23362,18,,,1,66,,23363,18,,,1,28,,23364,18,,,1,68,,23365,18,,,1,30,,23366,18,,,1,69,,23367,18,,,1
4501,'CPHoliday1',816,,23368,31,,,1,35,,23369,31,,,1,76,,23370,31,,,1,76,,23371,31,,,1,35,,23372,31,,,1,77,,23373,31,,,1,40,,23374,31,,,1,80,,23375,31,,,1,80,,23376,31,,,1,41,,23377,31,,,1,80,,23378,31,,,1,80,,23379,31,,,1,40,,23380,31,,,1,80,,23381,31,,,1,80,,23382,31,,,1,38,,23383,31,,,1,79,,23384,31,,,1,80,,23385,31,,,1,40,,23386,31,,,1,79,,23387,31,,,1,79,,23388,31,,,1,39,,23389,31,,,1
4501,'CPSaturday',607,,23390,31,,,1,36,,23391,31,,,1,77,,23392,31,,,1,35,,23393,31,,,1,79,,23394,31,,,1,74,,23395,31,,,1,41,,23396,31,,,1,81,,23397,31,,,1,80,,23398,31,,,1,42,,23399,31,,,1,83,,23400,31,,,1,82,,23401,31,,,1,83,,23402,31,,,1,41,,23403,31,,,1,82,,23404,31,,,1,81,,23405,31,,,1,42,,23406,31,,,1,79,,23407,31,,,1,82,,23408,31,,,1,42,,23409,31,,,1,79,,23410,31,,,1,79,,23411,31,,,1,40,,23412,31,,,1,75,,23413,31,,,1,34,,23414,31,,,1
4501,'CPSunday',816,,23415,31,,,1,35,,23416,31,,,1,76,,23417,31,,,1,76,,23418,31,,,1,35,,23419,31,,,1,77,,23420,31,,,1,40,,23421,31,,,1,80,,23422,31,,,1,80,,23423,31,,,1,41,,23424,31,,,1,80,,23425,31,,,1,80,,23426,31,,,1,40,,23427,31,,,1,80,,23428,31,,,1,80,,23429,31,,,1,38,,23430,31,,,1,79,,23431,31,,,1,80,,23432,31,,,1,40,,23433,31,,,1,79,,23434,31,,,1,79,,23435,31,,,1,39,,23436,31,,,1
4501,'CPWeekday',502,,23437,31,,,1,33,,23438,31,,,1,73,,23439,31,,,1,43,,23441,31,,,1,81,,23443,31,,,1,77,,23445,31,,,1,42,,23447,31,,,1,76,,23449,31,,,1,82,,23451,31,,,1,98,,23453,31,,,1,31,,23454,31,,,1,73,,23455,31,,,1,33,,23456,31,,,1,72,,23457,31,,,1,32,,23458,31,,,1,60,,23459,31,,,1,23,,23460,31,,,1,20,,23461,31,,,1,61,,23462,31,,,1,34,,23464,31,,,1,80,,23466,31,,,1,76,,23468,31,,,1,35,,23470,31,,,1,76,,23472,31,,,1,34,,23474,31,,,1,75,,23476,31,,,1,31,,23478,31,,,1,56,,23479,31,,,1,19,,23480,31,,,1,19,,23481,31,,,1,62,,23482,31,,,1,28,,23483,31,,,1,69,,23484,31,,,1,30,,23485,31,,,1,70,,23486,31,,,1,30,,23487,31,,,1
7100,'CPWeekday',1623,,25721,5,,,1,20,,25717,5,,,1,60,,25720,5,,,1,20,,25718,5,,,1,30,,25719,5,,,1
7101,'CPWeekday',800,,25722,21,,,1,26,,25724,21,,,1,24,,25723,21,,,1
