1000,'CPHoliday1',826,,31045,47,,,1,31,,31044,47,,,1,72,,31043,47,,,1,73,,31042,47,,,1,33,,31041,47,,,1,73,,31040,47,,,1,36,,31039,47,,,1,75,,31038,47,,,1,35,,31037,47,,,1,75,,31036,47,,,1,76,,31035,47,,,1,36,,31034,47,,,1,77,,31033,47,,,1,35,,31032,47,,,1,75,,31031,47,,,1,75,,31030,47,,,1,36,,31026,47,,,1,73,,31028,47,,,1,36,,31025,47,,,1,75,,31024,47,,,1,33,,31023,47,,,1,74,,31029,47,,,1,74,,31022,47,,,1,34,,31020,47,,,1,73,,31019,47,,,1,31,,31027,47,,,1,72,,31021,47,,,1,30,,31018,47,,,1,68,,31046,47,,,1,28,,31047,47,,,1,68,,31048,47,,,1
1000,'CPSaturday',637,,31089,47,,,1,65,,31086,47,,,1,25,,31084,47,,,1,25,,31088,47,,,1,65,,31087,47,,,1,26,,31085,47,,,1,67,,31082,47,,,1,27,,31083,47,,,1,67,,31080,47,,,1,27,,31081,47,,,1,28,,31079,47,,,1,68,,31078,47,,,1,27,,31077,47,,,1,68,,31076,47,,,1,29,,31075,47,,,1,69,,31074,47,,,1,28,,31073,47,,,1,69,,31072,47,,,1,29,,31071,47,,,1,69,,31070,47,,,1,30,,31069,47,,,1,69,,31068,47,,,1,29,,31063,47,,,1,69,,31062,47,,,1,29,,31058,47,,,1,68,,31066,47,,,1,28,,31057,47,,,1,68,,31056,47,,,1,28,,31059,47,,,1,68,,31053,47,,,1,25,,31067,47,,,1,26,,31054,47,,,1,66,,31050,47,,,1,26,,31060,47,,,1,67,,31052,47,,,1,26,,31065,47,,,1,65,,31055,47,,,1,25,,31049,47,,,1,23,,31061,47,,,1,64,,31051,47,,,1,23,,31064,47,,,1
1000,'CPSunday',826,,31117,47,,,1,31,,31116,47,,,1,72,,31115,47,,,1,73,,31114,47,,,1,33,,31113,47,,,1,73,,31112,47,,,1,36,,31111,47,,,1,75,,31110,47,,,1,35,,31109,47,,,1,75,,31108,47,,,1,76,,31107,47,,,1,36,,31106,47,,,1,77,,31105,47,,,1,35,,31104,47,,,1,75,,31103,47,,,1,75,,31102,47,,,1,36,,31098,47,,,1,73,,31100,47,,,1,36,,31097,47,,,1,75,,31096,47,,,1,33,,31095,47,,,1,74,,31101,47,,,1,74,,31094,47,,,1,34,,31092,47,,,1,73,,31091,47,,,1,31,,31099,47,,,1,72,,31093,47,,,1,30,,31090,47,,,1
1000,'CPWeekday',535,,31164,47,,,1,21,,31163,47,,,1,62,,31165,47,,,1,27,,31166,47,,,1,63,,31162,47,,,1,24,,31161,47,,,1,26,,31160,47,,,1,66,,31158,47,,,1,26,,31159,47,,,1,66,,31157,47,,,1,26,,31156,47,,,1,66,,31154,47,,,1,25,,31155,47,,,1,24,,31153,47,,,1,64,,31152,47,,,1,25,,31151,47,,,1,65,,31150,47,,,1,25,,31149,47,,,1,65,,31148,47,,,1,26,,31147,47,,,1,25,,31146,47,,,1,66,,31145,47,,,1,27,,31143,47,,,1,65,,31144,47,,,1,27,,31137,47,,,1,65,,31134,47,,,1,21,,31133,47,,,1,21,,31141,47,,,1,62,,31132,47,,,1,23,,31130,47,,,1,24,,31128,47,,,1,64,,31129,47,,,1,25,,31127,47,,,1,60,,31125,47,,,1,19,,31140,47,,,1,21,,31136,47,,,1,60,,31124,47,,,1,20,,31123,47,,,1,22,,31126,47,,,1,63,,31122,47,,,1,34,,31138,47,,,1,70,,31135,47,,,1,32,,31119,47,,,1,73,,31120,47,,,1,31,,31139,47,,,1,70,,31131,47,,,1,29,,31118,47,,,1,69,,31121,47,,,1,25,,31142,47,,,1
3901,'CPHoliday1',742,,36282,41,,,1,80,,36277,41,,,1,80,,36271,41,,,1,42,,36268,41,,,1,83,,36283,41,,,1,83,,36280,41,,,1,44,,36272,41,,,1,86,,36267,41,,,1,85,,36284,41,,,1,85,,36278,41,,,1,44,,36273,41,,,1,86,,36266,41,,,1,85,,36285,41,,,1,86,,36279,41,,,1,45,,36274,41,,,1,83,,36265,41,,,1,84,,36286,41,,,1,82,,36275,41,,,1,41,,36270,41,,,1,82,,36264,41,,,1,78,,36281,41,,,1,40,,36276,41,,,1,76,,36269,41,,,1,30,,36263,41,,,1
3901,'CPSaturday',955,,36291,41,,,1,292,,36290,41,,,1,273,,36292,41,,,1,28,,36289,41,,,1,266,,36293,41,,,1,30,,36288,41,,,1,262,,36294,41,,,1,26,,36287,41,,,1
3901,'CPSunday',742,,36314,41,,,1,80,,36309,41,,,1,80,,36303,41,,,1,42,,36300,41,,,1,83,,36315,41,,,1,83,,36312,41,,,1,44,,36304,41,,,1,86,,36299,41,,,1,85,,36316,41,,,1,85,,36310,41,,,1,44,,36305,41,,,1,86,,36298,41,,,1,85,,36317,41,,,1,86,,36311,41,,,1,45,,36306,41,,,1,83,,36297,41,,,1,84,,36318,41,,,1,82,,36307,41,,,1,41,,36302,41,,,1,82,,36296,41,,,1,78,,36313,41,,,1,40,,36308,41,,,1,76,,36301,41,,,1,30,,36295,41,,,1
3901,'MASaturday',736,,36339,41,,,1,66,,36335,41,,,1,27,,36334,41,,,1,27,,36328,41,,,1,71,,36343,41,,,1,96,,36336,41,,,1,28,,36331,41,,,1,68,,36327,41,,,1,29,,36325,41,,,1,69,,36342,41,,,1,98,,36337,41,,,1,32,,36332,41,,,1,72,,36323,41,,,1,31,,36319,41,,,1,167,,36338,41,,,1,30,,36329,41,,,1,69,,36324,41,,,1,28,,36320,41,,,1,169,,36340,41,,,1,28,,36330,41,,,1,69,,36322,41,,,1,28,,36321,41,,,1,118,,36341,41,,,1,62,,36333,41,,,1,20,,36326,41,,,1
3901,'MAWeekday',507,,36344,42,,,1,17,,36345,42,,,1,16,,36346,42,,,1,17,,36347,42,,,1,57,,36348,42,,,1,19,,36349,42,,,1,21,,36350,42,,,1,65,,36351,42,,,1,24,,36352,42,,,1,67,,36353,42,,,1,22,,36354,42,,,1,21,,36355,42,,,1,58,,36356,42,,,1,19,,36357,42,,,1,18,,36358,42,,,1,63,,36359,41,,,1,33,,36360,41,,,1,76,,36361,41,,,1,35,,36362,41,,,1,75,,36363,41,,,1,75,,36364,41,,,1,35,,36365,41,,,1,80,,36366,41,,,1,25,,36367,42,,,1,65,,36368,42,,,1,20,,36369,42,,,1,22,,36370,42,,,1,64,,36371,42,,,1,21,,36372,42,,,1,64,,36373,42,,,1,22,,36374,42,,,1,22,,36375,42,,,1,57,,36376,42,,,1,15,,36377,42,,,1,16,,36378,42,,,1,18,,36379,42,,,1,59,,36380,42,,,1,18,,36381,42,,,1,21,,36382,42,,,1,59,,36383,41,,,1,21,,36384,41,,,1,72,,36385,41,,,1,39,,36386,41,,,1,77,,36387,41,,,1,38,,36388,41,,,1,77,,36389,41,,,1,76,,36390,41,,,1,36,,36391,41,,,1,78,,36392,41,,,1
4300,'CPWeekday',526,,36936,45,,,1,80,,36943,45,,,1,41,,36939,45,,,1,80,,36941,45,,,1,80,,36937,45,,,1,40,,36944,45,,,1,80,,36940,45,,,1,76,,36942,45,,,1,40,,36938,45,,,1
37600,'CPWeekday',1407,,41808,18,,,1
