1300,'CPHoliday1',643,,17910,26,,,1,76,,17911,26,,,1,34,,17912,26,,,1,76,,17913,26,,,1,76,,17914,26,,,1,40,,17915,26,,,1,78,,17916,26,,,1,79,,17917,26,,,1,41,,17918,26,,,1,80,,17919,26,,,1,80,,17920,26,,,1,40,,17921,26,,,1,82,,17922,26,,,1,83,,17923,26,,,1,42,,17924,26,,,1,82,,17925,26,,,1,81,,17926,26,,,1,42,,17927,26,,,1,81,,17928,26,,,1,79,,17929,26,,,1,40,,17930,26,,,1,80,,17931,26,,,1,80,,17932,26,,,1,38,,17933,26,,,1,84,,17934,26,,,1,93,,17935,26,,,1,90,,17936,26,,,1,87,,17937,26,,,1,48,,17938,26,,,1
1300,'CPSaturday',455,,17939,26,,,1,75,,17940,26,,,1,74,,17941,26,,,1,35,,17942,26,,,1,75,,17943,26,,,1,38,,17944,26,,,1,78,,17945,26,,,1,79,,17946,26,,,1,38,,17947,26,,,1,70,,17948,26,,,1,28,,17949,26,,,1,72,,17950,26,,,1,32,,17951,26,,,1,74,,17952,26,,,1,34,,17953,26,,,1,75,,17954,26,,,1,74,,17955,26,,,1,34,,17956,26,,,1,74,,17957,26,,,1,34,,17958,26,,,1,74,,17959,26,,,1,31,,17960,26,,,1,72,,17961,26,,,1,32,,17962,26,,,1,70,,17963,26,,,1,31,,17964,26,,,1,71,,17965,26,,,1,72,,17966,26,,,1,30,,17967,26,,,1,69,,17968,26,,,1,31,,17969,26,,,1,72,,17970,26,,,1,50,,17971,26,,,1,87,,17972,26,,,1,88,,17973,26,,,1,87,,17974,26,,,1,86,,17975,26,,,1
1300,'CPSunday',643,,17976,26,,,1,76,,17977,26,,,1,34,,17978,26,,,1,76,,17979,26,,,1,76,,17980,26,,,1,40,,17981,26,,,1,78,,17982,26,,,1,79,,17983,26,,,1,41,,17984,26,,,1,80,,17985,26,,,1,80,,17986,26,,,1,40,,17987,26,,,1,82,,17988,26,,,1,83,,17989,26,,,1,42,,17990,26,,,1,82,,17991,26,,,1,81,,17992,26,,,1,42,,17993,26,,,1,81,,17994,26,,,1,79,,17995,26,,,1,40,,17996,26,,,1,80,,17997,26,,,1,80,,17998,26,,,1,38,,17999,26,,,1,84,,18000,26,,,1,93,,18001,26,,,1,90,,18002,26,,,1,87,,18003,26,,,1,48,,18004,26,,,1
1300,'CPWeekday',453,,18005,26,,,1,65,,18006,26,,,1,26,,18007,26,,,1,64,,18008,26,,,1,27,,18009,26,,,1,65,,18010,26,,,1,24,,18011,26,,,1,30,,18012,26,,,1,68,,18013,26,,,1,29,,18014,26,,,1,67,,18015,26,,,1,26,,18016,26,,,1,65,,18017,26,,,1,24,,18018,26,,,1,23,,18019,26,,,1,64,,18020,26,,,1,24,,18021,26,,,1,66,,18022,26,,,1,26,,18023,26,,,1,67,,18024,26,,,1,27,,18025,26,,,1,26,,18026,26,,,1,66,,18027,26,,,1,14,,18053,4,,,1,13,,18028,26,,,1,54,,18054,17,,,1,14,,18029,26,,,1,26,,18030,26,,,1,66,,18031,26,,,1,24,,18032,26,,,1,23,,18033,26,,,1,63,,18034,26,,,1,23,,18035,26,,,1,64,,18036,26,,,1,22,,18037,26,,,1,23,,18038,26,,,1,63,,18039,26,,,1,21,,18040,26,,,1,18,,18041,26,,,1,60,,18042,26,,,1,28,,18043,26,,,1,69,,18044,26,,,1,30,,18045,26,,,1,67,,18046,26,,,1,52,,18047,26,,,1,89,,18048,26,,,1,92,,18049,26,,,1,90,,18050,26,,,1,90,,18051,26,,,1,88,,18052,26,,,1
1301,'CPHoliday1',726,,18055,22,,,1,77,,18056,22,,,1,36,,18057,22,,,1,76,,18058,22,,,1,38,,18059,22,,,1,80,,18060,22,,,1,79,,18061,22,,,1,40,,18062,22,,,1,81,,18063,22,,,1,81,,18064,22,,,1,41,,18065,22,,,1,81,,18066,22,,,1,82,,18067,22,,,1,82,,18068,22,,,1,41,,18069,22,,,1,81,,18070,22,,,1,82,,18071,22,,,1,42,,18072,22,,,1,80,,18073,22,,,1,80,,18074,22,,,1,40,,18075,22,,,1,80,,18076,22,,,1,74,,18077,22,,,1,36,,18078,22,,,1,88,,18079,22,,,1,88,,18080,22,,,1,88,,18081,22,,,1
1301,'CPSaturday',535,,18082,22,,,1,76,,18083,22,,,1,37,,18084,22,,,1,78,,18085,22,,,1,76,,18086,22,,,1,38,,18087,22,,,1,78,,18088,22,,,1,38,,18089,22,,,1,79,,18090,22,,,1,73,,18091,22,,,1,32,,18092,22,,,1,72,,18093,22,,,1,32,,18094,22,,,1,74,,18095,22,,,1,34,,18096,22,,,1,74,,18097,22,,,1,74,,18098,22,,,1,33,,18099,22,,,1,74,,18100,22,,,1,34,,18101,22,,,1,74,,18102,22,,,1,32,,18103,22,,,1,72,,18104,22,,,1,31,,18105,22,,,1,72,,18106,22,,,1,30,,18107,22,,,1,70,,18108,22,,,1,30,,18109,22,,,1,70,,18110,22,,,1,30,,18111,22,,,1,67,,18112,22,,,1,27,,18113,22,,,1,87,,18114,22,,,1,88,,18115,22,,,1,88,,18116,22,,,1
1301,'CPSunday',726,,18117,22,,,1,77,,18118,22,,,1,36,,18119,22,,,1,76,,18120,22,,,1,38,,18121,22,,,1,80,,18122,22,,,1,79,,18123,22,,,1,40,,18124,22,,,1,81,,18125,22,,,1,81,,18126,22,,,1,41,,18127,22,,,1,81,,18128,22,,,1,82,,18129,22,,,1,82,,18130,22,,,1,41,,18131,22,,,1,81,,18132,22,,,1,82,,18133,22,,,1,42,,18134,22,,,1,80,,18135,22,,,1,80,,18136,22,,,1,40,,18137,22,,,1,80,,18138,22,,,1,74,,18139,22,,,1,36,,18140,22,,,1,88,,18141,22,,,1,88,,18142,22,,,1,88,,18143,22,,,1
1301,'CPWeekday',441,,18144,22,,,1,61,,18145,22,,,1,22,,18146,22,,,1,20,,18147,22,,,1,64,,18148,22,,,1,27,,18149,22,,,1,67,,18150,22,,,1,27,,18151,22,,,1,7,,18194,22,,,1,20,,18152,22,,,1,55,,18195,22,,,1,2,,18193,22,,,1,9,,18153,22,,,1,27,,18154,22,,,1,67,,18155,22,,,1,27,,18156,22,,,1,67,,18157,22,,,1,26,,18158,22,,,1,66,,18159,22,,,1,24,,18160,22,,,1,24,,18161,22,,,1,64,,18162,22,,,1,24,,18163,22,,,1,64,,18164,22,,,1,24,,18165,22,,,1,27,,18166,22,,,1,68,,18167,22,,,1,23,,18168,22,,,1,60,,18169,22,,,1,22,,18170,22,,,1,24,,18171,22,,,1,66,,18172,22,,,1,25,,18173,22,,,1,66,,18174,22,,,1,25,,18175,22,,,1,24,,18176,22,,,1,64,,18177,22,,,1,21,,18178,22,,,1,62,,18179,22,,,1,21,,18180,22,,,1,21,,18181,22,,,1,62,,18182,22,,,1,24,,18183,22,,,1,69,,18184,22,,,1,29,,18185,22,,,1,30,,18186,22,,,1,67,,18187,22,,,1,28,,18188,22,,,1,90,,18189,22,,,1,89,,18190,22,,,1,90,,18191,22,,,1,88,,18192,22,,,1
4601,'CPHoliday1',742,,23583,31,,,1,80,,23584,31,,,1,84,,23585,31,,,1,40,,23586,31,,,1,80,,23587,31,,,1,80,,23588,31,,,1,40,,23589,31,,,1,82,,23590,31,,,1,80,,23591,31,,,1,42,,23592,31,,,1,82,,23593,31,,,1,82,,23594,31,,,1,42,,23595,31,,,1,83,,23596,31,,,1,82,,23597,31,,,1,82,,23598,31,,,1,42,,23599,31,,,1,82,,23600,31,,,1,82,,23601,31,,,1,42,,23602,31,,,1,86,,23603,31,,,1
4601,'CPSaturday',654,,23604,31,,,1,81,,23605,31,,,1,81,,23606,31,,,1,41,,23607,31,,,1,80,,23608,31,,,1,82,,23609,31,,,1,81,,23610,31,,,1,42,,23611,31,,,1,82,,23612,31,,,1,82,,23613,31,,,1,42,,23614,31,,,1,85,,23615,31,,,1,85,,23616,31,,,1,84,,23617,31,,,1,44,,23618,31,,,1,84,,23619,31,,,1,84,,23620,31,,,1,41,,23621,31,,,1,84,,23622,31,,,1,84,,23623,31,,,1,82,,23624,31,,,1,41,,23625,31,,,1,80,,23626,31,,,1
4601,'CPSunday',742,,23627,31,,,1,80,,23628,31,,,1,84,,23629,31,,,1,40,,23630,31,,,1,80,,23631,31,,,1,80,,23632,31,,,1,40,,23633,31,,,1,82,,23634,31,,,1,80,,23635,31,,,1,42,,23636,31,,,1,82,,23637,31,,,1,82,,23638,31,,,1,42,,23639,31,,,1,83,,23640,31,,,1,82,,23641,31,,,1,82,,23642,31,,,1,42,,23643,31,,,1,82,,23644,31,,,1,82,,23645,31,,,1,42,,23646,31,,,1,86,,23647,31,,,1
4601,'CPWeekday',437,,23673,31,,,1,85,,23674,31,,,1,82,,23668,31,,,1,41,,23675,31,,,1,86,,23676,31,,,1,79,,23677,31,,,1,5,,23669,31,,,1,86,,23670,31,,,1,45,,23672,31,,,1,86,,23671,31,,,1,86,,23651,31,,,1,84,,23652,31,,,1,45,,23648,31,,,1,84,,23650,31,,,1,84,,23653,31,,,1,86,,23654,31,,,1,47,,23658,31,,,1,88,,23649,31,,,1,88,,23655,31,,,1,88,,23666,31,,,1,88,,23665,31,,,1,44,,23663,31,,,1,84,,23659,31,,,1,84,,23664,31,,,1,42,,23656,31,,,1,82,,23657,31,,,1,82,,23661,31,,,1,40,,23667,31,,,1,76,,23660,31,,,1,80,,23662,31,,,1
4900,'CPWeekday',919,,23969,12,0,24 38 25 14 41 42,1,84,,23966,12,0,24 38 25 14 41 42,1,44,,23967,12,0,24 38 25 14 41 42,1,85,,23964,12,0,24 38 25 14 41 42,1,86,,23965,12,0,24 38 25 14 41 42,1,88,,23962,12,0,24 38 25 14 41 42,1,48,,23963,12,0,24 38 25 14 41 42,1,90,,23961,12,0,24 38 25 14 41 42,1,88,,23956,12,0,24 38 25 14 41 42,1
