900,'CPHoliday1',710,,16823,20,,,1,48,,16822,20,,,1,86,,16821,20,,,1,92,,16820,20,,,1,91,,16817,20,,,1,74,,16813,20,,,1,32,,16812,20,,,1,75,,16818,20,,,1,40,,16808,20,,,1,74,,16811,20,,,1,37,,16816,20,,,1,78,,16809,20,,,1,78,,16804,20,,,1,38,,16814,20,,,1,78,,16802,20,,,1,77,,16806,20,,,1,37,,16819,20,,,1,74,,16801,20,,,1,37,,16805,20,,,1,76,,16815,20,,,1,76,,16800,20,,,1,49,,16810,20,,,1,90,,16799,20,,,1,88,,16807,20,,,1,88,,16798,20,,,1,88,,16803,20,,,1
900,'CPSaturday',701,,16856,20,,,1,33,,16854,20,,,1,74,,16855,20,,,1,32,,16853,20,,,1,74,,16842,20,,,1,33,,16843,20,,,1,75,,16845,20,,,1,35,,16833,20,,,1,76,,16832,20,,,1,75,,16847,20,,,1,37,,16839,20,,,1,80,,16831,20,,,1,78,,16850,20,,,1,39,,16836,20,,,1,79,,16830,20,,,1,79,,16849,20,,,1,39,,16838,20,,,1,79,,16829,20,,,1,35,,16846,20,,,1,79,,16835,20,,,1,73,,16828,20,,,1,36,,16844,20,,,1,77,,16840,20,,,1,34,,16826,20,,,1,74,,16848,20,,,1,74,,16834,20,,,1,34,,16827,20,,,1,74,,16851,20,,,1,33,,16837,20,,,1,71,,16825,20,,,1,30,,16852,20,,,1,71,,16841,20,,,1
900,'CPSunday',710,,16885,20,,,1,48,,16884,20,,,1,86,,16883,20,,,1,92,,16882,20,,,1,91,,16879,20,,,1,74,,16875,20,,,1,32,,16874,20,,,1,75,,16880,20,,,1,40,,16870,20,,,1,74,,16873,20,,,1,37,,16878,20,,,1,78,,16871,20,,,1,78,,16866,20,,,1,38,,16876,20,,,1,78,,16864,20,,,1,77,,16868,20,,,1,37,,16881,20,,,1,74,,16863,20,,,1,37,,16867,20,,,1,76,,16877,20,,,1,76,,16862,20,,,1,49,,16872,20,,,1,90,,16861,20,,,1,88,,16869,20,,,1,88,,16860,20,,,1,88,,16865,20,,,1
900,'CPWeekday',428,,16929,20,,,1,22,,16933,20,,,1,61,,16931,20,,,1,21,,16934,20,,,1,20,,16935,20,,,1,61,,16930,20,,,1,21,,16932,20,,,1,25,,16923,20,,,1,68,,16925,20,,,1,19,,16928,20,,,1,66,,16922,20,,,1,20,,16924,20,,,1,27,,16926,20,,,1,63,,16927,20,,,1,24,,16920,20,,,1,61,,16917,20,,,1,27,,16918,20,,,1,68,,16919,20,,,1,30,,16921,20,,,1,70,,16913,20,,,1,30,,16914,20,,,1,70,,16915,20,,,1,30,,16916,20,,,1,70,,16911,20,,,1,31,,16912,20,,,1,71,,16910,20,,,1,27,,16909,20,,,1,23,,16908,20,,,1,62,,16907,20,,,1,30,,16906,20,,,1,70,,16905,20,,,1,30,,16904,20,,,1,59,,16903,20,,,1,24,,16902,20,,,1,23,,16901,20,,,1,69,,16896,20,,,1,27,,16895,20,,,1,66,,16894,20,,,1,26,,16897,20,,,1,68,,16893,20,,,1,27,,16891,20,,,1,67,,16888,20,,,1,27,,16898,20,,,1,27,,16892,20,,,1,65,,16890,20,,,1,26,,16887,20,,,1,71,,16899,20,,,1,86,,16889,20,,,1,45,,16900,20,,,1
4601,'CPHoliday1',743,,23583,32,,,1,80,,23584,32,,,1,84,,23585,32,,,1,40,,23586,32,,,1,81,,23587,32,,,1,80,,23588,32,,,1,40,,23589,32,,,1,81,,23590,32,,,1,80,,23591,32,,,1,42,,23592,32,,,1,82,,23593,32,,,1,82,,23594,32,,,1,42,,23595,32,,,1,83,,23596,32,,,1,82,,23597,32,,,1,82,,23598,32,,,1,42,,23599,32,,,1,82,,23600,32,,,1,82,,23601,32,,,1,42,,23602,32,,,1,86,,23603,32,,,1
4601,'CPSaturday',655,,23604,32,,,1,81,,23605,32,,,1,81,,23606,32,,,1,41,,23607,32,,,1,80,,23608,32,,,1,82,,23609,32,,,1,81,,23610,32,,,1,42,,23611,32,,,1,82,,23612,32,,,1,82,,23613,32,,,1,42,,23614,32,,,1,86,,23615,32,,,1,85,,23616,32,,,1,84,,23617,32,,,1,44,,23618,32,,,1,84,,23619,32,,,1,84,,23620,32,,,1,41,,23621,32,,,1,84,,23622,32,,,1,84,,23623,32,,,1,82,,23624,32,,,1,40,,23625,32,,,1,80,,23626,32,,,1
4601,'CPSunday',743,,23627,32,,,1,80,,23628,32,,,1,84,,23629,32,,,1,40,,23630,32,,,1,81,,23631,32,,,1,80,,23632,32,,,1,40,,23633,32,,,1,81,,23634,32,,,1,80,,23635,32,,,1,42,,23636,32,,,1,82,,23637,32,,,1,82,,23638,32,,,1,42,,23639,32,,,1,83,,23640,32,,,1,82,,23641,32,,,1,82,,23642,32,,,1,42,,23643,32,,,1,82,,23644,32,,,1,82,,23645,32,,,1,42,,23646,32,,,1,86,,23647,32,,,1
4601,'CPWeekday',438,,23673,32,,,1,85,,23674,32,,,1,82,,23668,32,,,1,41,,23675,32,,,1,87,,23676,32,,,1,79,,23677,32,,,1,5,,23669,32,,,1,86,,23670,32,,,1,45,,23672,32,,,1,86,,23671,32,,,1,86,,23651,32,,,1,84,,23652,32,,,1,45,,23648,32,,,1,84,,23650,32,,,1,84,,23653,32,,,1,86,,23654,32,,,1,47,,23658,32,,,1,88,,23649,32,,,1,88,,23655,32,,,1,88,,23666,32,,,1,88,,23665,32,,,1,44,,23663,32,,,1,83,,23659,32,,,1,84,,23664,32,,,1,42,,23656,32,,,1,82,,23657,32,,,1,82,,23661,32,,,1,40,,23667,32,,,1,76,,23660,32,,,1,80,,23662,32,,,1
4801,'CPHoliday1',539,,23817,16,,,1,75,,23818,16,,,1,35,,23819,16,,,1,75,,23820,16,,,1,35,,23821,16,,,1,75,,23822,16,,,1,76,,23823,16,,,1,36,,23824,16,,,1,76,,23825,16,,,1,35,,23826,16,,,1,80,,23827,16,,,1,79,,23828,16,,,1,38,,23829,16,,,1,77,,23830,16,,,1,78,,23831,16,,,1,38,,23832,16,,,1,77,,23833,16,,,1,78,,23834,16,,,1,38,,23835,16,,,1,78,,23836,16,,,1,38,,23837,16,,,1,78,,23838,16,,,1,77,,23839,16,,,1,38,,23840,16,,,1,74,,23841,16,,,1,36,,23842,16,,,1,73,,23843,16,,,1,72,,23844,16,,,1,40,,23845,16,,,1
4801,'CPSaturday',513,,23846,16,,,1,35,,23847,16,,,1,76,,23848,16,,,1,35,,23849,16,,,1,76,,23850,16,,,1,76,,23851,16,,,1,36,,23852,16,,,1,76,,23853,16,,,1,78,,23854,16,,,1,38,,23855,16,,,1,79,,23856,16,,,1,38,,23857,16,,,1,78,,23858,16,,,1,78,,23859,16,,,1,38,,23860,16,,,1,78,,23861,16,,,1,78,,23862,16,,,1,38,,23863,16,,,1,80,,23864,16,,,1,80,,23865,16,,,1,40,,23866,16,,,1,79,,23867,16,,,1,80,,23868,16,,,1,40,,23869,16,,,1,80,,23870,16,,,1,78,,23871,16,,,1,36,,23872,16,,,1,74,,23873,16,,,1,35,,23874,16,,,1,74,,23875,16,,,1,35,,23876,16,,,1,74,,23877,16,,,1,75,,23878,16,,,1,30,,23879,16,,,1,70,,23880,16,,,1
4801,'CPSunday',539,,23881,16,,,1,75,,23882,16,,,1,35,,23883,16,,,1,75,,23884,16,,,1,35,,23885,16,,,1,75,,23886,16,,,1,76,,23887,16,,,1,36,,23888,16,,,1,76,,23889,16,,,1,35,,23890,16,,,1,80,,23891,16,,,1,79,,23892,16,,,1,38,,23893,16,,,1,77,,23894,16,,,1,78,,23895,16,,,1,38,,23896,16,,,1,77,,23897,16,,,1,78,,23898,16,,,1,38,,23899,16,,,1,78,,23900,16,,,1,38,,23901,16,,,1,78,,23902,16,,,1,77,,23903,16,,,1,38,,23904,16,,,1,74,,23905,16,,,1,36,,23906,16,,,1,73,,23907,16,,,1,72,,23908,16,,,1,40,,23909,16,,,1
4801,'CPWeekday',428,,23910,16,,,1,85,,23911,16,,,1,45,,23912,16,,,1,66,,23913,16,,,1,22,,23914,16,,,1,63,,23915,16,,,1,23,,23916,16,,,1,22,,23917,16,,,1,62,,23918,16,,,1,24,,23919,16,,,1,64,,23920,16,,,1,28,,23921,16,,,1,70,,23922,16,,,1,30,,23923,16,,,1,71,,23924,16,,,1,28,,23925,16,,,1,28,,23926,16,,,1,68,,23927,16,,,1,28,,23928,16,,,1,70,,23929,16,,,1,28,,23930,16,,,1,68,,23931,16,,,1,28,,23932,16,,,1,65,,23933,16,,,1,24,,23934,16,,,1,64,,23935,16,,,1,24,,23936,16,,,1,24,,23937,16,,,1,64,,23938,16,,,1,24,,23939,16,,,1,64,,23940,16,,,1,23,,23941,16,,,1,79,,23942,16,,,1,39,,23943,16,,,1,77,,23944,16,,,1,36,,23945,16,,,1,75,,23946,16,,,1,74,,23947,16,,,1,45,,23948,16,,,1,84,,23949,16,,,1,84,,23950,16,,,1,85,,23951,16,,,1,40,,23952,16,,,1
