3901,'CPHoliday1',738,,8414,37,,,1,80,,8409,37,,,1,40,,8403,37,,,1,82,,8400,37,,,1,82,,8415,37,,,1,83,,8412,37,,,1,44,,8404,37,,,1,86,,8399,37,,,1,85,,8416,37,,,1,85,,8410,37,,,1,44,,8405,37,,,1,86,,8398,37,,,1,85,,8417,37,,,1,86,,8411,37,,,1,45,,8406,37,,,1,84,,8397,37,,,1,84,,8418,37,,,1,82,,8407,37,,,1,41,,8402,37,,,1,82,,8396,37,,,1,78,,8413,37,,,1,40,,8408,37,,,1,76,,8401,37,,,1,30,,8395,37,,,1
3901,'CPSaturday',923,,8424,37,,,1,28,,8423,37,,,1,261,,8425,37,,,1,30,,8422,37,,,1,273,,8426,37,,,1,28,,8421,37,,,1,266,,8427,37,,,1,30,,8420,37,,,1,263,,8428,37,,,1,26,,8419,37,,,1
3901,'CPSunday',738,,8448,37,,,1,80,,8443,37,,,1,40,,8437,37,,,1,82,,8434,37,,,1,82,,8449,37,,,1,83,,8446,37,,,1,44,,8438,37,,,1,86,,8433,37,,,1,85,,8450,37,,,1,85,,8444,37,,,1,44,,8439,37,,,1,86,,8432,37,,,1,85,,8451,37,,,1,86,,8445,37,,,1,45,,8440,37,,,1,84,,8431,37,,,1,84,,8452,37,,,1,82,,8441,37,,,1,41,,8436,37,,,1,82,,8430,37,,,1,78,,8447,37,,,1,40,,8442,37,,,1,76,,8435,37,,,1,30,,8429,37,,,1
3901,'MASaturday',732,,8473,37,,,1,26,,8469,37,,,1,67,,8468,37,,,1,27,,8462,37,,,1,167,,8470,37,,,1,28,,8465,37,,,1,68,,8461,37,,,1,28,,8459,37,,,1,167,,8471,37,,,1,32,,8466,37,,,1,72,,8457,37,,,1,31,,8453,37,,,1,167,,8472,37,,,1,30,,8463,37,,,1,69,,8458,37,,,1,28,,8454,37,,,1,169,,8474,37,,,1,29,,8464,37,,,1,69,,8456,37,,,1,28,,8455,37,,,1,118,,8475,37,,,1,63,,8467,37,,,1,20,,8460,37,,,1
3901,'MAWeekday',503,,8476,38,,,1,17,,8477,38,,,1,16,,8478,38,,,1,17,,8479,38,,,1,57,,8480,38,,,1,19,,8481,38,,,1,21,,8482,38,,,1,65,,8483,38,,,1,24,,8484,38,,,1,66,,8485,38,,,1,22,,8486,38,,,1,21,,8487,38,,,1,58,,8488,38,,,1,19,,8489,38,,,1,19,,8490,38,,,1,62,,8491,37,,,1,34,,8492,37,,,1,76,,8493,37,,,1,35,,8494,37,,,1,75,,8495,37,,,1,75,,8496,37,,,1,35,,8497,37,,,1,79,,8498,37,,,1,25,,8499,38,,,1,65,,8500,38,,,1,20,,8501,38,,,1,22,,8502,38,,,1,63,,8503,38,,,1,21,,8504,38,,,1,24,,8505,38,,,1,62,,8506,38,,,1,22,,8507,38,,,1,17,,8508,38,,,1,56,,8509,38,,,1,16,,8510,38,,,1,18,,8511,38,,,1,59,,8512,38,,,1,18,,8513,38,,,1,21,,8514,38,,,1,60,,8515,37,,,1,21,,8516,37,,,1,32,,8517,37,,,1,79,,8518,37,,,1,77,,8519,37,,,1,38,,8520,37,,,1,77,,8521,37,,,1,77,,8522,37,,,1,36,,8523,37,,,1,78,,8524,37,,,1
4300,'CPWeekday',522,,9068,41,,,1,80,,9075,41,,,1,41,,9071,41,,,1,80,,9073,41,,,1,80,,9069,41,,,1,40,,9076,41,,,1,80,,9072,41,,,1,36,,9074,41,,,1,80,,9070,41,,,1
6800,'CPHoliday1',1117,,11687,25,,,1,105,,11686,25,,,1,108,,11689,25,,,1,112,,11688,25,,,1,112,,11694,25,,,1,151,,11692,25,,,1,109,,11691,25,,,1,107,,11690,25,,,1,104,,11693,25,,,1
6800,'CPSaturday',738,,11709,25,,,1,104,,11708,25,,,1,106,,11706,25,,,1,109,,11707,25,,,1,152,,11705,25,,,1,110,,11703,25,,,1,111,,11704,25,,,1,111,,11702,25,,,1,114,,11701,25,,,1,154,,11700,25,,,1,114,,11699,25,,,1,111,,11698,25,,,1,107,,11697,25,,,1,104,,11696,25,,,1,101,,11695,25,,,1
6800,'CPSunday',1117,,11711,25,,,1,105,,11710,25,,,1,108,,11713,25,,,1,112,,11712,25,,,1,112,,11718,25,,,1,151,,11716,25,,,1,109,,11715,25,,,1,107,,11714,25,,,1,104,,11717,25,,,1
6800,'CPWeekday',535,,11719,25,,,1,111,,11720,25,,,1,154,,11721,25,,,1,118,,11722,25,,,1,117,,11723,25,,,1,117,,11724,25,,,1,157,,11725,25,,,1,117,,11726,25,,,1,120,,11727,25,,,1,160,,11728,25,,,1,120,,11729,25,,,1,116,,11730,25,,,1,112,,11731,25,,,1,149,,11732,25,,,1,107,,11733,25,,,1,105,,11734,25,,,1,100,,11735,25,,,1
31400,'CPWeekday',1532,,13850,8,,,1
