3901,'CPHoliday1',736,,8414,36,,,1,80,,8409,36,,,1,40,,8403,36,,,1,82,,8400,36,,,1,82,,8415,36,,,1,83,,8412,36,,,1,44,,8404,36,,,1,86,,8399,36,,,1,85,,8416,36,,,1,85,,8410,36,,,1,44,,8405,36,,,1,86,,8398,36,,,1,85,,8417,36,,,1,86,,8411,36,,,1,45,,8406,36,,,1,84,,8397,36,,,1,84,,8418,36,,,1,42,,8407,36,,,1,81,,8402,36,,,1,82,,8396,36,,,1,79,,8413,36,,,1,40,,8408,36,,,1,76,,8401,36,,,1,30,,8395,36,,,1
3901,'CPSaturday',921,,8424,36,,,1,28,,8423,36,,,1,261,,8425,36,,,1,30,,8422,36,,,1,273,,8426,36,,,1,28,,8421,36,,,1,266,,8427,36,,,1,30,,8420,36,,,1,263,,8428,36,,,1,26,,8419,36,,,1
3901,'CPSunday',736,,8448,36,,,1,80,,8443,36,,,1,40,,8437,36,,,1,82,,8434,36,,,1,82,,8449,36,,,1,83,,8446,36,,,1,44,,8438,36,,,1,86,,8433,36,,,1,85,,8450,36,,,1,85,,8444,36,,,1,44,,8439,36,,,1,86,,8432,36,,,1,85,,8451,36,,,1,86,,8445,36,,,1,45,,8440,36,,,1,84,,8431,36,,,1,84,,8452,36,,,1,42,,8441,36,,,1,81,,8436,36,,,1,82,,8430,36,,,1,79,,8447,36,,,1,40,,8442,36,,,1,76,,8435,36,,,1,30,,8429,36,,,1
3901,'MASaturday',731,,8473,36,,,1,26,,8469,36,,,1,67,,8468,36,,,1,27,,8462,36,,,1,166,,8470,36,,,1,28,,8465,36,,,1,68,,8461,36,,,1,28,,8459,36,,,1,167,,8471,36,,,1,32,,8466,36,,,1,72,,8457,36,,,1,31,,8453,36,,,1,167,,8472,36,,,1,30,,8463,36,,,1,69,,8458,36,,,1,28,,8454,36,,,1,169,,8474,36,,,1,29,,8464,36,,,1,69,,8456,36,,,1,28,,8455,36,,,1,118,,8475,36,,,1,63,,8467,36,,,1,20,,8460,36,,,1
3901,'MAWeekday',502,,8476,37,,,1,17,,8477,37,,,1,16,,8478,37,,,1,17,,8479,37,,,1,57,,8480,37,,,1,19,,8481,37,,,1,21,,8482,37,,,1,64,,8483,37,,,1,24,,8484,37,,,1,66,,8485,37,,,1,22,,8486,37,,,1,21,,8487,37,,,1,58,,8488,37,,,1,19,,8489,37,,,1,19,,8490,37,,,1,62,,8491,36,,,1,34,,8492,36,,,1,76,,8493,36,,,1,35,,8494,36,,,1,75,,8495,36,,,1,35,,8496,36,,,1,75,,8497,36,,,1,79,,8498,36,,,1,25,,8499,37,,,1,65,,8500,37,,,1,20,,8501,37,,,1,22,,8502,37,,,1,63,,8503,37,,,1,21,,8504,37,,,1,24,,8505,37,,,1,62,,8506,37,,,1,22,,8507,37,,,1,17,,8508,37,,,1,56,,8509,37,,,1,16,,8510,37,,,1,18,,8511,37,,,1,59,,8512,37,,,1,18,,8513,37,,,1,21,,8514,37,,,1,60,,8515,36,,,1,21,,8516,36,,,1,32,,8517,36,,,1,79,,8518,36,,,1,77,,8519,36,,,1,38,,8520,36,,,1,77,,8521,36,,,1,77,,8522,36,,,1,37,,8523,36,,,1,78,,8524,36,,,1
4300,'CPWeekday',521,,9068,40,,,1,80,,9075,40,,,1,41,,9071,40,,,1,80,,9073,40,,,1,80,,9069,40,,,1,40,,9076,40,,,1,80,,9072,40,,,1,36,,9074,40,,,1,80,,9070,40,,,1
6800,'CPHoliday1',1116,,11687,24,,,1,105,,11686,24,,,1,108,,11689,24,,,1,112,,11688,24,,,1,112,,11694,24,,,1,151,,11692,24,,,1,109,,11691,24,,,1,107,,11690,24,,,1,104,,11693,24,,,1
6800,'CPSaturday',737,,11709,24,,,1,104,,11708,24,,,1,106,,11706,24,,,1,109,,11707,24,,,1,152,,11705,24,,,1,110,,11703,24,,,1,111,,11704,24,,,1,111,,11702,24,,,1,114,,11701,24,,,1,154,,11700,24,,,1,114,,11699,24,,,1,111,,11698,24,,,1,107,,11697,24,,,1,104,,11696,24,,,1,101,,11695,24,,,1
6800,'CPSunday',1116,,11711,24,,,1,105,,11710,24,,,1,108,,11713,24,,,1,112,,11712,24,,,1,112,,11718,24,,,1,151,,11716,24,,,1,109,,11715,24,,,1,107,,11714,24,,,1,104,,11717,24,,,1
6800,'CPWeekday',534,,11719,24,,,1,111,,11720,24,,,1,114,,11721,24,,,1,158,,11722,24,,,1,117,,11723,24,,,1,117,,11724,24,,,1,157,,11725,24,,,1,117,,11726,24,,,1,120,,11727,24,,,1,160,,11728,24,,,1,120,,11729,24,,,1,116,,11730,24,,,1,112,,11731,24,,,1,149,,11732,24,,,1,107,,11733,24,,,1,105,,11734,24,,,1,100,,11735,24,,,1
31400,'CPWeekday',1530,,13850,7,,,1
