3900,'CPHoliday1',637,,22190,56,,,1,78,,22184,56,,,1,42,,22179,56,,,1,78,,22175,56,,,1,81,,22191,56,,,1,43,,22182,56,,,1,82,,22180,56,,,1,83,,22174,56,,,1,83,,22189,56,,,1,45,,22183,56,,,1,87,,22176,56,,,1,85,,22173,56,,,1,85,,22192,56,,,1,45,,22186,56,,,1,85,,22177,56,,,1,83,,22172,56,,,1,85,,22193,56,,,1,44,,22185,56,,,1,81,,22178,56,,,1,84,,22171,56,,,1,42,,22188,56,,,1,80,,22187,56,,,1,81,,22181,56,,,1,35,,22170,56,,,1
3900,'CPSaturday',819,,22199,56,,,1,25,,22198,56,,,1,258,,22200,56,,,1,29,,22197,56,,,1,270,,22201,56,,,1,30,,22196,56,,,1,272,,22202,56,,,1,30,,22195,56,,,1,222,,22203,56,,,1,68,,22194,56,,,1,208,,22204,56,,,1
3900,'CPSunday',637,,22225,56,,,1,78,,22219,56,,,1,42,,22214,56,,,1,78,,22210,56,,,1,81,,22226,56,,,1,43,,22217,56,,,1,82,,22215,56,,,1,83,,22209,56,,,1,83,,22224,56,,,1,45,,22218,56,,,1,87,,22211,56,,,1,85,,22208,56,,,1,85,,22227,56,,,1,45,,22221,56,,,1,85,,22212,56,,,1,83,,22207,56,,,1,85,,22228,56,,,1,44,,22220,56,,,1,81,,22213,56,,,1,84,,22206,56,,,1,42,,22223,56,,,1,80,,22222,56,,,1,81,,22216,56,,,1,35,,22205,56,,,1
3900,'MASaturday',635,,22252,56,,,1,65,,22251,56,,,1,28,,22245,56,,,1,26,,22244,56,,,1,156,,22246,56,,,1,28,,22239,56,,,1,66,,22237,56,,,1,30,,22238,56,,,1,166,,22250,56,,,1,31,,22240,56,,,1,70,,22234,56,,,1,30,,22232,56,,,1,170,,22249,56,,,1,30,,22243,56,,,1,71,,22235,56,,,1,30,,22230,56,,,1,170,,22247,56,,,1,28,,22242,56,,,1,29,,22233,56,,,1,70,,22229,56,,,1,122,,22248,56,,,1,65,,22241,56,,,1,26,,22236,56,,,1,65,,22231,56,,,1
3900,'MAWeekday',933,,22264,56,,,1,71,,22265,56,,,1,35,,22266,56,,,1,77,,22267,56,,,1,37,,22268,56,,,1,78,,22269,56,,,1,77,,22270,56,,,1,36,,22271,56,,,1,74,,22272,56,,,1,26,,22273,56,,,1,488,,22287,56,,,1,22,,22288,56,,,1,62,,22289,56,,,1,18,,22290,56,,,1,75,,22291,56,,,1,37,,22292,56,,,1,81,,22293,56,,,1,81,,22294,56,,,1,37,,22295,56,,,1,74,,22296,56,,,1,33,,22297,56,,,1,73,,22298,56,,,1,34,,22299,56,,,1
50101,'CRASaturday',1225,,27861,3,4,,1,10,,27848,1,,,1,80,,27848,4,4,,1,10,,27849,1,,,1,80,,27849,4,4,,1,10,,27850,1,,,1,40,,27850,4,4,,1,50,,27851,1,,,1,40,,27851,4,4,,1,10,,27852,1,,,1,80,,27852,4,4,,1,10,,27853,1,,,1,80,,27853,4,4,,1,10,,27854,1,,,1,80,,27854,4,4,,1,10,,27855,1,,,1,80,,27855,4,4,,1,10,,27856,1,,,1,40,,27856,4,4,,1,50,,27857,1,,,1,40,,27857,4,4,,1,10,,27858,1,,,1,80,,27858,4,4,,1,10,,27859,1,,,1,80,,27859,4,4,,1,10,,27860,1,,,1,80,,27862,1,,,1
50101,'CRASunday',1225,,27863,3,4,,1,10,,27864,1,,,1,80,,27864,4,4,,1,10,,27865,1,,,1,80,,27865,4,4,,1,10,,27866,1,,,1,40,,27866,4,4,,1,50,,27867,1,,,1,40,,27867,4,4,,1,10,,27868,1,,,1,80,,27868,4,4,,1,10,,27869,1,,,1,80,,27869,4,4,,1,10,,27870,1,,,1,80,,27870,4,4,,1,10,,27871,1,,,1,80,,27872,1,,,1
50200,'CRASaturday',1200,,27873,1,,,1,35,,27874,1,,,1,65,,27873,5,4,,1,10,,27875,1,,,1,25,,27874,5,4,,1,10,,27876,1,,,1,65,,27875,5,4,,1,10,,27877,1,,,1,25,,27876,5,4,,1,10,,27878,1,,,1,65,,27877,5,4,,1,10,,27879,1,,,1,25,,27878,5,4,,1,50,,27880,1,,,1,25,,27879,5,4,,1,10,,27881,1,,,1,65,,27880,5,4,,1,10,,27882,1,,,1,25,,27881,5,4,,1,10,,27883,1,,,1,65,,27882,5,4,,1,10,,27884,1,,,1,25,,27883,5,4,,1,50,,27885,1,,,1,25,,27884,5,4,,1,10,,27886,1,,,1,65,,27885,5,4,,1,10,,27887,1,,,1,25,,27886,5,4,,1,10,,27888,1,,,1,65,,27887,5,4,,1,10,,27889,1,,,1,25,,27888,5,4,,1,10,,27890,1,,,1,65,,27889,5,4,,1,10,,27891,1,,,1,25,,27890,5,4,,1,75,,27891,5,4,,1
50200,'CRASunday',1200,,27892,1,,,1,35,,27893,1,,,1,65,,27892,5,4,,1,10,,27894,1,,,1,25,,27893,5,4,,1,10,,27895,1,,,1,65,,27894,5,4,,1,10,,27896,1,,,1,25,,27895,5,4,,1,10,,27897,1,,,1,65,,27896,5,4,,1,10,,27898,1,,,1,25,,27897,5,4,,1,50,,27899,1,,,1,25,,27898,5,4,,1,10,,27900,1,,,1,65,,27899,5,4,,1,10,,27901,1,,,1,25,,27900,5,4,,1,10,,27902,1,,,1,65,,27901,5,4,,1,10,,27903,1,,,1,25,,27902,5,4,,1,50,,27904,1,,,1,25,,27903,5,4,,1,75,,27904,5,4,,1
50301,'CRASaturday',1200,,27905,1,,,1,35,,27906,1,,,1,65,,27905,5,4,,1,10,,27907,1,,,1,25,,27906,5,4,,1,10,,27908,1,,,1,65,,27907,5,4,,1,10,,27909,1,,,1,25,,27908,5,4,,1,10,,27910,1,,,1,65,,27909,5,4,,1,10,,27911,1,,,1,25,,27910,5,4,,1,50,,27912,1,,,1,25,,27911,5,4,,1,10,,27913,1,,,1,65,,27912,5,4,,1,10,,27914,1,,,1,25,,27913,5,4,,1,10,,27915,1,,,1,65,,27914,5,4,,1,10,,27916,1,,,1,25,,27915,5,4,,1,50,,27917,1,,,1,25,,27916,5,4,,1,10,,27918,1,,,1,65,,27917,5,4,,1,10,,27919,1,,,1,25,,27918,5,4,,1,10,,27920,1,,,1,65,,27919,5,4,,1,10,,27921,1,,,1,25,,27920,5,4,,1,10,,27922,1,,,1,65,,27921,5,4,,1,10,,27923,1,,,1,25,,27922,5,4,,1,75,,27923,5,4,,1
50301,'CRASunday',1200,,27924,1,,,1,35,,27925,1,,,1,65,,27924,5,4,,1,10,,27926,1,,,1,25,,27925,5,4,,1,10,,27927,1,,,1,65,,27926,5,4,,1,10,,27928,1,,,1,25,,27927,5,4,,1,10,,27929,1,,,1,65,,27928,5,4,,1,10,,27930,1,,,1,25,,27929,5,4,,1,50,,27931,1,,,1,25,,27930,5,4,,1,10,,27932,1,,,1,65,,27931,5,4,,1,10,,27933,1,,,1,25,,27932,5,4,,1,10,,27934,1,,,1,65,,27933,5,4,,1,10,,27935,1,,,1,25,,27934,5,4,,1,50,,27936,1,,,1,25,,27935,5,4,,1,75,,27936,5,4,,1
