500,'26JA05-MABlock-Holiday1-24',615,,1739,,,1,26,,1740,,,1,66,,1741,,,1,28,,1742,,,1,66,,1743,,,1,30,,1744,,,1,71,,1745,,,1,32,,1746,,,1,72,,1747,,,1,30,,1748,,,1,72,,1749,,,1,32,,1750,,,1,72,,1751,,,1,32,,1752,,,1,72,,1753,,,1,34,,1754,,,1,74,,1755,,,1,34,,1756,,,1,74,,1757,,,1,74,,1758,,,1,34,,1759,,,1,74,,1760,,,1,34,,1761,,,1,72,,1762,,,1,32,,1763,,,1,72,,1764,,,1,30,,1765,,,1,70,,1766,,,1,30,,1767,,,1
500,'26JA05-MABlock-Saturday-22',433,,1768,,,1,68,,1769,,,1,26,,1770,,,1,28,,1771,,,1,66,,1772,,,1,28,,1773,,,1,68,,1774,,,1,28,,1775,,,1,68,,1776,,,1,28,,1777,,,1,68,,1778,,,1,28,,1779,,,1,65,,1780,,,1,25,,1781,,,1,25,,1782,,,1,66,,1783,,,1,27,,1784,,,1,68,,1785,,,1,28,,1786,,,1,68,,1787,,,1,28,,1788,,,1,68,,1789,,,1,28,,1790,,,1,68,,1791,,,1,28,,1792,,,1,28,,1793,,,1,68,,1794,,,1,28,,1795,,,1,68,,1796,,,1,27,,1797,,,1,67,,1798,,,1,26,,1799,,,1,66,,1800,,,1,26,,1801,,,1,26,,1802,,,1,66,,1803,,,1,26,,1804,,,1,68,,1805,,,1,82,,1806,,,1,42,,1807,,,1,76,,1808,,,1,36,,1809,,,1,76,,1810,,,1
500,'26JA05-MABlock-Sunday-23',615,,1811,,,1,26,,1812,,,1,66,,1813,,,1,28,,1814,,,1,66,,1815,,,1,30,,1816,,,1,71,,1817,,,1,32,,1818,,,1,72,,1819,,,1,30,,1820,,,1,72,,1821,,,1,32,,1822,,,1,72,,1823,,,1,32,,1824,,,1,72,,1825,,,1,34,,1826,,,1,74,,1827,,,1,34,,1828,,,1,74,,1829,,,1,74,,1830,,,1,34,,1831,,,1,74,,1832,,,1,34,,1833,,,1,72,,1834,,,1,32,,1835,,,1,72,,1836,,,1,30,,1837,,,1,70,,1838,,,1,30,,1839,,,1
500,'26JA05-MABlock-Weekday-21',402,,1840,,,1,28,,1842,,,1,25,,1841,,,1,54,,1849,,,1,14,,1845,,,1,14,,1861,,,1,14,,1868,,,1,52,,1843,,,1,12,,1850,,,1,14,,1851,,,1,15,,1844,,,1,15,,1869,,,1,55,,1848,,,1,15,,1857,,,1,15,,1846,,,1,15,,1866,,,1,55,,1875,,,1,15,,1847,,,1,15,,1852,,,1,15,,1853,,,1,60,,1859,,,1,28,,1854,,,1,68,,1860,,,1,28,,1873,,,1,68,,1856,,,1,28,,1855,,,1,68,,1858,,,1,30,,1862,,,1,70,,1874,,,1,30,,1863,,,1,70,,1865,,,1,30,,1864,,,1,70,,1867,,,1,30,,1870,,,1,20,,1878,,,1,58,,1876,,,1,15,,1885,,,1,15,,1872,,,1,55,,1894,,,1,15,,1871,,,1,15,,1877,,,1,15,,1883,,,1,55,,1886,,,1,15,,1879,,,1,15,,1890,,,1,15,,1884,,,1,55,,1881,,,1,20,,1888,,,1,20,,1895,,,1,18,,1880,,,1,58,,1882,,,1,18,,1887,,,1,18,,1892,,,1,58,,1889,,,1,20,,1891,,,1,20,,1896,,,1,80,,1893,,,1,80,,1897,,,1,40,,1898,,,1,80,,1899,,,1,80,,1900,,,1,46,,1901,,,1
501,'26JA05-MABlock-Holiday1-24',753,,1902,4,,1,68,,1903,4,,1,29,,1904,4,,1,70,,1905,4,,1,33,,1906,4,,1,72,,1907,4,,1,32,,1908,4,,1,72,,1909,4,,1,72,,1910,4,,1,33,,1911,4,,1,74,,1912,4,,1,34,,1913,4,,1,73,,1914,4,,1,34,,1915,4,,1,74,,1916,4,,1,34,,1917,4,,1,73,,1918,4,,1,74,,1919,4,,1,32,,1920,4,,1,71,,1921,4,,1,32,,1922,4,,1,72,,1923,4,,1,32,,1924,4,,1,69,,1925,4,,1,32,,1926,4,,1,68,,1927,4,,1,29,,1928,4,,1,70,,1929,4,,1,26,,1930,4,,1
501,'26JA05-MABlock-Saturday-22',611,,1931,4,,1,28,,1932,4,,1,67,,1933,4,,1,28,,1934,4,,1,70,,1935,4,,1,28,,1936,4,,1,68,,1937,4,,1,31,,1938,4,,1,22,,1939,4,,1,60,,1940,4,,1,24,,1941,4,,1,68,,1942,4,,1,27,,1943,4,,1,68,,1944,4,,1,30,,1945,4,,1,28,,1946,4,,1,68,,1947,4,,1,28,,1948,4,,1,68,,1949,4,,1,28,,1950,4,,1,68,,1951,4,,1,28,,1952,4,,1,68,,1953,4,,1,28,,1954,4,,1,67,,1955,4,,1,26,,1956,4,,1,68,,1957,4,,1,28,,1958,4,,1,28,,1959,4,,1,65,,1960,4,,1,26,,1961,4,,1,66,,1962,4,,1,25,,1963,4,,1,64,,1964,4,,1,23,,1965,4,,1,22,,1966,4,,1,64,,1967,4,,1,22,,1968,4,,1,74,,1969,4,,1,35,,1970,4,,1,77,,1971,4,,1,36,,1972,4,,1,76,,1973,4,,1
501,'26JA05-MABlock-Sunday-23',753,,1974,4,,1,68,,1975,4,,1,29,,1976,4,,1,70,,1977,4,,1,33,,1978,4,,1,72,,1979,4,,1,32,,1980,4,,1,72,,1981,4,,1,72,,1982,4,,1,33,,1983,4,,1,74,,1984,4,,1,34,,1985,4,,1,73,,1986,4,,1,34,,1987,4,,1,74,,1988,4,,1,34,,1989,4,,1,73,,1990,4,,1,74,,1991,4,,1,32,,1992,4,,1,71,,1993,4,,1,32,,1994,4,,1,72,,1995,4,,1,32,,1996,4,,1,69,,1997,4,,1,32,,1998,4,,1,68,,1999,4,,1,29,,2000,4,,1,70,,2001,4,,1,26,,2002,4,,1
501,'26JA05-MABlock-Weekday-21',443,,2004,4,,1,70,,2007,4,,1,35,,2003,4,,1,53,,2015,4,,1,15,,2019,4,,1,17,,2005,4,,1,14,,2032,4,,1,55,,2006,4,,1,15,,2014,4,,1,15,,2011,4,,1,17,,2024,4,,1,55,,2030,4,,1,15,,2009,4,,1,16,,2021,4,,1,14,,2013,4,,1,54,,2010,4,,1,15,,2031,4,,1,15,,2008,4,,1,14,,2020,4,,1,54,,2016,4,,1,29,,2033,4,,1,70,,2022,4,,1,29,,2018,4,,1,29,,2017,4,,1,71,,2012,4,,1,30,,2034,4,,1,68,,2023,4,,1,29,,2025,4,,1,72,,2028,4,,1,72,,2026,4,,1,30,,2039,4,,1,70,,2029,4,,1,33,,2027,4,,1,67,,2035,4,,1,15,,2041,4,,1,15,,2038,4,,1,15,,2047,4,,1,55,,2036,4,,1,15,,2053,4,,1,15,,2045,4,,1,15,,2037,4,,1,55,,2048,4,,1,15,,2042,4,,1,14,,2057,4,,1,12,,2043,4,,1,13,,2046,4,,1,53,,2040,4,,1,17,,2051,4,,1,18,,2054,4,,1,60,,2044,4,,1,18,,2049,4,,1,18,,2059,4,,1,19,,2052,4,,1,59,,2050,4,,1,19,,2056,4,,1,20,,2055,4,,1,81,,2060,4,,1,81,,2058,4,,1,39,,2061,4,,1,79,,2062,4,,1,79,,2063,4,,1
2300,'26JA05-CPBlock-Holiday1-14',817,,5460,4,,1,29,,5461,4,,1,69,,5462,4,,1,28,,5463,4,,1,69,,5464,4,,1,29,,5465,4,,1,60,,5466,4,,1,20,,5467,4,,1,23,,5468,4,,1,65,,5469,4,,1,24,,5470,4,,1,25,,5471,4,,1,64,,5472,4,,1,25,,5473,4,,1,64,,5474,4,,1,24,,5475,4,,1,24,,5476,4,,1,66,,5477,4,,1,25,,5478,4,,1,65,,5479,4,,1,25,,5480,4,,1,65,,5481,4,,1,23,,5482,4,,1,24,,5483,4,,1,63,,5484,4,,1,24,,5485,4,,1,65,,5486,4,,1,25,,5452,4,,1,28,,5453,4,,1,72,,5454,4,,1,71,,5455,4,,1,32,,5456,4,,1,69,,5457,4,,1,29,,5458,4,,1,70,,5459,4,,1
2300,'26JA05-CPBlock-Saturday-12',545,,5487,4,,1,66,,5488,4,,1,29,,5489,4,,1,69,,5490,4,,1,28,,5491,4,,1,68,,5492,4,,1,29,,5493,4,,1,69,,5494,4,,1,29,,5495,4,,1,69,,5496,4,,1,29,,5497,4,,1,22,,5498,4,,1,67,,5499,4,,1,24,,5500,4,,1,65,,5501,4,,1,24,,5502,4,,1,24,,5503,4,,1,67,,5504,4,,1,26,,5505,4,,1,66,,5506,4,,1,26,,5507,4,,1,66,,5508,4,,1,26,,5509,4,,1,26,,5510,4,,1,66,,5511,4,,1,25,,5512,4,,1,65,,5513,4,,1,25,,5514,4,,1,65,,5515,4,,1,25,,5516,4,,1,25,,5517,4,,1,65,,5518,4,,1,24,,5519,4,,1,65,,5520,4,,1,30,,5521,4,,1,69,,5522,4,,1,29,,5523,4,,1,70,,5524,4,,1,27,,5525,4,,1,68,,5526,4,,1,26,,5527,4,,1,26,,5528,4,,1,65,,5529,4,,1,25,,5530,4,,1,64,,5531,4,,1
2300,'26JA05-CPBlock-Sunday-13',817,,5540,4,,1,29,,5541,4,,1,69,,5542,4,,1,28,,5543,4,,1,69,,5544,4,,1,29,,5545,4,,1,60,,5546,4,,1,20,,5547,4,,1,23,,5548,4,,1,65,,5549,4,,1,24,,5550,4,,1,25,,5551,4,,1,64,,5552,4,,1,25,,5553,4,,1,64,,5554,4,,1,24,,5555,4,,1,24,,5556,4,,1,66,,5557,4,,1,25,,5558,4,,1,65,,5559,4,,1,25,,5560,4,,1,65,,5561,4,,1,23,,5562,4,,1,24,,5563,4,,1,63,,5564,4,,1,24,,5565,4,,1,65,,5566,4,,1,25,,5532,4,,1,28,,5533,4,,1,72,,5534,4,,1,71,,5535,4,,1,32,,5536,4,,1,69,,5537,4,,1,29,,5538,4,,1,70,,5539,4,,1
2300,'26JA05-CPBlock-Weekday-11',450,,5609,4,,1,63,,5592,4,,1,20,,5590,4,,1,21,,5589,4,,1,62,,5606,4,,1,23,,5593,4,,1,63,,5588,4,,1,27,,5577,4,,1,24,,5607,4,,1,64,,5594,4,,1,27,,5575,4,,1,65,,5574,4,,1,26,,5608,4,,1,66,,5595,4,,1,27,,5578,4,,1,26,,5573,4,,1,64,,5610,4,,1,23,,5591,4,,1,65,,5576,4,,1,26,,5572,4,,1,26,,5614,4,,1,65,,5599,4,,1,27,,5580,4,,1,66,,5571,4,,1,26,,5612,4,,1,67,,5602,4,,1,27,,5582,4,,1,66,,5570,4,,1,26,,5611,4,,1,29,,5600,4,,1,68,,5581,4,,1,28,,5569,4,,1,65,,5613,4,,1,28,,5603,4,,1,65,,5579,4,,1,28,,5568,4,,1,75,,5601,4,,1,30,,5583,4,,1,70,,5567,4,,1,30,,5604,4,,1,75,,5584,4,,1,82,,5598,4,,1,42,,5585,4,,1,79,,5596,4,,1,35,,5586,4,,1,76,,5597,4,,1,74,,5587,4,,1,34,,5605,4,,1
2301,'26JA05-CPBlock-Holiday1-14',730,,5636,,,1,28,,5637,,,1,68,,5638,,,1,28,,5639,,,1,68,,5640,,,1,28,,5641,,,1,68,,5642,,,1,28,,5643,,,1,62,,5644,,,1,22,,5645,,,1,24,,5646,,,1,64,,5647,,,1,24,,5648,,,1,64,,5649,,,1,24,,5615,,,1,24,,5616,,,1,64,,5617,,,1,24,,5618,,,1,65,,5619,,,1,25,,5620,,,1,25,,5621,,,1,65,,5622,,,1,25,,5623,,,1,65,,5624,,,1,25,,5625,,,1,65,,5626,,,1,25,,5627,,,1,22,,5628,,,1,62,,5629,,,1,30,,5630,,,1,70,,5631,,,1,30,,5632,,,1,70,,5633,,,1,30,,5634,,,1,72,,5635,,,1
2301,'26JA05-CPBlock-Saturday-12',530,,5650,,,1,26,,5651,,,1,66,,5652,,,1,28,,5653,,,1,68,,5654,,,1,28,,5655,,,1,68,,5656,,,1,28,,5657,,,1,68,,5658,,,1,22,,5659,,,1,22,,5660,,,1,62,,5661,,,1,22,,5662,,,1,64,,5663,,,1,25,,5664,,,1,25,,5665,,,1,65,,5666,,,1,25,,5667,,,1,65,,5668,,,1,25,,5669,,,1,26,,5670,,,1,66,,5671,,,1,26,,5672,,,1,66,,5673,,,1,26,,5674,,,1,66,,5675,,,1,26,,5676,,,1,66,,5677,,,1,26,,5678,,,1,26,,5679,,,1,66,,5680,,,1,26,,5681,,,1,64,,5682,,,1,24,,5683,,,1,24,,5684,,,1,64,,5685,,,1,30,,5686,,,1,70,,5687,,,1,28,,5688,,,1,68,,5689,,,1,28,,5690,,,1,66,,5691,,,1,26,,5692,,,1,65,,5693,,,1,25,,5694,,,1,25,,5695,,,1,64,,5696,,,1
2301,'26JA05-CPBlock-Sunday-13',730,,5718,,,1,28,,5719,,,1,68,,5720,,,1,28,,5721,,,1,68,,5722,,,1,28,,5723,,,1,68,,5724,,,1,28,,5725,,,1,62,,5726,,,1,22,,5727,,,1,24,,5728,,,1,64,,5729,,,1,24,,5730,,,1,64,,5731,,,1,24,,5697,,,1,24,,5698,,,1,64,,5699,,,1,24,,5700,,,1,65,,5701,,,1,25,,5702,,,1,25,,5703,,,1,65,,5704,,,1,25,,5705,,,1,65,,5706,,,1,25,,5707,,,1,65,,5708,,,1,25,,5709,,,1,22,,5710,,,1,62,,5711,,,1,30,,5712,,,1,70,,5713,,,1,30,,5714,,,1,70,,5715,,,1,30,,5716,,,1,72,,5717,,,1
2301,'26JA05-CPBlock-Weekday-11',452,,5771,,,1,66,,5757,,,1,26,,5756,,,1,62,,5755,,,1,22,,5776,,,1,22,,5763,,,1,64,,5745,,,1,24,,5741,,,1,64,,5773,,,1,24,,5760,,,1,26,,5742,,,1,66,,5739,,,1,26,,5774,,,1,66,,5761,,,1,26,,5743,,,1,66,,5740,,,1,26,,5775,,,1,26,,5764,,,1,62,,5746,,,1,24,,5738,,,1,66,,5772,,,1,26,,5762,,,1,26,,5744,,,1,66,,5737,,,1,26,,5777,,,1,4,,5732,,,1,62,,5759,,,1,30,,5747,,,1,66,,5736,,,1,28,,5778,,,1,68,,5765,,,1,28,,5748,,,1,66,,5734,,,1,24,,5779,,,1,28,,5766,,,1,68,,5749,,,1,30,,5735,,,1,70,,5767,,,1,30,,5752,,,1,70,,5733,,,1,28,,5770,,,1,80,,5750,,,1,80,,5768,,,1,40,,5751,,,1,80,,5769,,,1,76,,5754,,,1,34,,5758,,,1,74,,5753,,,1
