401,'CPHoliday1',859,,1712,5,,,1,82,,1713,5,,,1,84,,1714,5,,,1,83,,1715,5,,,1,43,,1716,5,,,1,85,,1717,5,,,1,85,,1718,5,,,1,86,,1719,5,,,1,46,,1720,5,,,1,86,,1721,5,,,1,87,,1722,5,,,1,84,,1723,5,,,1,45,,1724,5,,,1,84,,1725,5,,,1,83,,1726,5,,,1,84,,1727,5,,,1,40,,1728,5,,,1
401,'CPSaturday',718,,1730,5,,,1,82,,1731,5,,,1,43,,1732,5,,,1,84,,1733,5,,,1,84,,1734,5,,,1,44,,1735,5,,,1,84,,1736,5,,,1,85,,1737,5,,,1,86,,1738,5,,,1,46,,1739,5,,,1,86,,1740,5,,,1,86,,1741,5,,,1,86,,1742,5,,,1,86,,1743,5,,,1,46,,1744,5,,,1,84,,1745,5,,,1,85,,1746,5,,,1,44,,1747,5,,,1,84,,1748,5,,,1,82,,1749,5,,,1,83,,1750,5,,,1,44,,1751,5,,,1
401,'CPSunday',859,,1754,5,,,1,82,,1755,5,,,1,84,,1756,5,,,1,83,,1757,5,,,1,43,,1758,5,,,1,85,,1759,5,,,1,85,,1760,5,,,1,86,,1761,5,,,1,46,,1762,5,,,1,86,,1763,5,,,1,87,,1764,5,,,1,84,,1765,5,,,1,45,,1766,5,,,1,84,,1767,5,,,1,83,,1768,5,,,1,84,,1769,5,,,1,40,,1770,5,,,1
401,'CPWeekday',525,,1774,5,,,1,78,,1775,5,,,1,40,,1776,5,,,1,84,,1777,5,,,1,84,,1778,5,,,1,44,,1779,5,,,1,84,,1780,5,,,1,86,,1781,5,,,1,86,,1782,5,,,1,46,,1783,5,,,1,86,,1784,5,,,1,88,,1785,5,,,1,84,,1786,5,,,1,44,,1787,5,,,1,75,,1788,5,,,1,75,,1789,5,,,1,35,,1790,5,,,1,75,,1791,5,,,1,35,,1792,5,,,1,75,,1793,5,,,1,74,,1794,5,,,1,35,,1795,5,,,1,101,,1796,5,,,1,102,,1797,5,,,1,100,,1798,5,,,1,99,,1799,5,,,1
501,'MAHoliday1',745,,1965,43,,,1,68,,1966,43,,,1,29,,1967,43,,,1,69,,1968,43,,,1,33,,1969,43,,,1,70,,1970,43,,,1,32,,1971,43,,,1,72,,1972,43,,,1,32,,1973,43,,,1,73,,1974,43,,,1,34,,1975,43,,,1,73,,1976,43,,,1,73,,1977,43,,,1,34,,1978,43,,,1,74,,1979,43,,,1,35,,1980,43,,,1,73,,1981,43,,,1,34,,1982,43,,,1,72,,1983,43,,,1,31,,1984,43,,,1,72,,1985,43,,,1,72,,1986,43,,,1,32,,1987,43,,,1,71,,1988,43,,,1,32,,1989,43,,,1,69,,1990,43,,,1,29,,1991,43,,,1,70,,1992,43,,,1,26,,1993,43,,,1,28,,1994,43,,,1
501,'MASaturday',603,,1995,43,,,1,28,,1996,43,,,1,27,,1997,43,,,1,68,,1998,43,,,1,29,,1999,43,,,1,68,,2000,43,,,1,28,,2001,43,,,1,70,,2002,43,,,1,22,,2003,43,,,1,60,,2004,43,,,1,24,,2005,43,,,1,27,,2006,43,,,1,67,,2007,43,,,1,28,,2008,43,,,1,70,,2009,43,,,1,28,,2010,43,,,1,68,,2011,43,,,1,28,,2012,43,,,1,68,,2013,43,,,1,28,,2014,43,,,1,68,,2015,43,,,1,28,,2016,43,,,1,68,,2017,43,,,1,28,,2018,43,,,1,28,,2019,43,,,1,66,,2020,43,,,1,28,,2021,43,,,1,68,,2022,43,,,1,28,,2023,43,,,1,65,,2024,43,,,1,26,,2025,43,,,1,66,,2026,43,,,1,25,,2027,43,,,1,24,,2028,43,,,1,63,,2029,43,,,1,22,,2030,43,,,1,64,,2031,43,,,1,22,,2032,43,,,1,74,,2033,43,,,1,36,,2034,43,,,1,77,,2035,43,,,1,36,,2036,43,,,1,76,,2037,43,,,1
501,'MASunday',745,,2038,43,,,1,68,,2039,43,,,1,29,,2040,43,,,1,69,,2041,43,,,1,33,,2042,43,,,1,70,,2043,43,,,1,32,,2044,43,,,1,72,,2045,43,,,1,32,,2046,43,,,1,73,,2047,43,,,1,34,,2048,43,,,1,73,,2049,43,,,1,73,,2050,43,,,1,34,,2051,43,,,1,74,,2052,43,,,1,35,,2053,43,,,1,73,,2054,43,,,1,34,,2055,43,,,1,72,,2056,43,,,1,31,,2057,43,,,1,72,,2058,43,,,1,72,,2059,43,,,1,32,,2060,43,,,1,71,,2061,43,,,1,32,,2062,43,,,1,69,,2063,43,,,1,29,,2064,43,,,1,70,,2065,43,,,1,26,,2066,43,,,1,28,,2067,43,,,1
501,'MAWeekday',432,,2069,43,,,1,69,,2072,43,,,1,35,,2068,43,,,1,13,,2080,43,,,1,53,,2084,43,,,1,17,,2070,43,,,1,14,,2097,43,,,1,15,,2071,43,,,1,55,,2079,43,,,1,15,,2076,43,,,1,17,,2089,43,,,1,15,,2095,43,,,1,55,,2074,43,,,1,16,,2086,43,,,1,14,,2078,43,,,1,14,,2075,43,,,1,55,,2096,43,,,1,15,,2073,43,,,1,14,,2085,43,,,1,14,,2081,43,,,1,69,,2098,43,,,1,30,,2087,43,,,1,69,,2083,43,,,1,29,,2082,43,,,1,71,,2077,43,,,1,30,,2099,43,,,1,68,,2088,43,,,1,29,,2090,43,,,1,72,,2093,43,,,1,32,,2091,43,,,1,70,,2104,43,,,1,30,,2094,43,,,1,73,,2092,43,,,1,27,,2100,43,,,1,55,,2106,43,,,1,15,,2103,43,,,1,15,,2112,43,,,1,15,,2101,43,,,1,55,,2118,43,,,1,15,,2110,43,,,1,15,,2102,43,,,1,15,,2113,43,,,1,55,,2107,43,,,1,14,,2122,43,,,1,13,,2108,43,,,1,13,,2111,43,,,1,13,,2105,43,,,1,57,,2116,43,,,1,18,,2119,43,,,1,20,,2109,43,,,1,59,,2114,43,,,1,18,,2124,43,,,1,19,,2117,43,,,1,60,,2115,43,,,1,19,,2121,43,,,1,20,,2120,43,,,1,81,,2125,43,,,1,81,,2123,43,,,1,39,,2126,43,,,1,79,,2127,43,,,1,80,,2128,43,,,1
3101,'CPHoliday1',656,,7209,3,,,1,100,,7210,3,,,1,70,,7211,3,,,1,30,,7212,3,,,1,70,,7213,3,,,1,30,,7214,3,,,1,70,,7215,3,,,1,30,,7216,3,,,1,70,,7217,3,,,1,30,,7218,3,,,1,70,,7219,3,,,1,30,,7220,3,,,1,68,,7221,3,,,1,32,,7222,3,,,1,70,,7223,3,,,1,30,,7224,3,,,1,73,,7225,3,,,1,30,,7226,3,,,1,70,,7227,3,,,1,30,,7228,3,,,1,70,,7229,3,,,1,30,,7230,3,,,1,70,,7231,3,,,1,30,,7232,3,,,1,70,,7233,3,,,1,30,,7234,3,,,1,70,,7235,3,,,1,30,,7236,3,,,1,70,,7237,3,,,1,30,,7238,3,,,1
3101,'CPSaturday',547,,7239,3,,,1,100,,7240,3,,,1,107,,7241,3,,,1,74,,7242,3,,,1,28,,7243,3,,,1,70,,7244,3,,,1,31,,7245,3,,,1,66,,7246,3,,,1,28,,7247,3,,,1,75,,7248,3,,,1,30,,7249,3,,,1,70,,7250,3,,,1,30,,7251,3,,,1,70,,7252,3,,,1,30,,7253,3,,,1,70,,7254,3,,,1,31,,7255,3,,,1,72,,7256,3,,,1,30,,7257,3,,,1,70,,7258,3,,,1,30,,7259,3,,,1,70,,7260,3,,,1,30,,7261,3,,,1,70,,7262,3,,,1,30,,7263,3,,,1,70,,7264,3,,,1,30,,7265,3,,,1,70,,7266,3,,,1,30,,7267,3,,,1,70,,7268,3,,,1,30,,7269,3,,,1,72,,7270,3,,,1,20,,7271,3,,,1
3101,'CPSunday',656,,7272,3,,,1,100,,7273,3,,,1,70,,7274,3,,,1,30,,7275,3,,,1,70,,7276,3,,,1,30,,7277,3,,,1,70,,7278,3,,,1,30,,7279,3,,,1,70,,7280,3,,,1,30,,7281,3,,,1,70,,7282,3,,,1,30,,7283,3,,,1,68,,7284,3,,,1,32,,7285,3,,,1,70,,7286,3,,,1,30,,7287,3,,,1,73,,7288,3,,,1,30,,7289,3,,,1,70,,7290,3,,,1,30,,7291,3,,,1,70,,7292,3,,,1,30,,7293,3,,,1,70,,7294,3,,,1,30,,7295,3,,,1,70,,7296,3,,,1,30,,7297,3,,,1,70,,7298,3,,,1,30,,7299,3,,,1,70,,7300,3,,,1,30,,7301,3,,,1
3101,'CPWeekday',411,,7302,3,,,1,30,,7303,3,,,1,70,,7304,3,,,1,30,,7305,3,,,1,70,,7306,3,,,1,32,,7307,3,,,1,66,,7308,3,,,1,18,,7309,3,,,1,18,,7310,3,,,1,68,,7311,3,,,1,16,,7312,3,,,1,23,,7313,3,,,1,63,,7314,3,,,1,34,,7315,3,,,1,70,,7316,3,,,1,30,,7317,3,,,1,70,,7318,3,,,1,30,,7319,3,,,1,70,,7320,3,,,1,30,,7321,3,,,1,70,,7322,3,,,1,30,,7323,3,,,1,70,,7324,3,,,1,30,,7325,3,,,1,60,,7326,3,,,1,20,,7327,3,,,1,20,,7328,3,,,1,63,,7329,3,,,1,19,,7330,3,,,1,18,,7331,3,,,1,63,,7332,3,,,1,17,,7333,3,,,1,20,,7334,3,,,1,59,,7335,3,,,1,23,,7336,3,,,1,18,,7337,3,,,1,72,,7338,3,,,1,32,,7339,3,,,1,70,,7340,3,,,1,30,,7341,3,,,1,70,,7342,3,,,1,30,,7343,3,,,1,70,,7344,3,,,1,30,,7345,3,,,1,70,,7346,3,,,1,30,,7347,3,,,1,70,,7348,3,,,1,30,,7349,3,,,1,70,,7350,3,,,1,30,,7351,3,,,1
