'24AP29-CPBlock-Holiday1-14',6800,105300,,'',1,9600,,'',1,9600,,'',1,9800,,'',1,10100,,'',1,10200,,'',1,10200,,'',1,10200,,'',1,10200,,'',1,9900,,'',1
'24AP29-CPBlock-Holiday1-14',6801,104600,4,'',1,9600,4,'',1,9600,4,'',1,9800,4,'',1,10100,4,'',1,10200,4,'',1,10200,4,'',1,10100,4,'',1,10100,4,'',1,9900,4,'',1
'24AP29-CPBlock-Saturday-12',6800,71700,,'',1,9100,,'',1,9300,,'',1,5600,,'',1,9600,,'',1,9600,,'',1,9600,,'',1,9800,,'',1,10100,,'',1,10200,,'',1,10200,,'',1,10200,,'',1,10200,,'',1,9900,,'',1,9700,,'',1,9700,,'',1,9800,,'',1
'24AP29-CPBlock-Saturday-12',6801,80100,4,'',1,5300,4,'',1,9600,4,'',1,9600,4,'',1,9600,4,'',1,9600,4,'',1,9800,4,'',1,10100,4,'',1,10200,4,'',1,10200,4,'',1,10100,4,'',1,10100,4,'',1,10000,4,'',1,9800,4,'',1,9800,4,'',1,9600,4,'',1,9500,4,'',1
'24AP29-CPBlock-Sunday-13',6800,105300,,'',1,9600,,'',1,9600,,'',1,9800,,'',1,10100,,'',1,10200,,'',1,10200,,'',1,10200,,'',1,10200,,'',1,9900,,'',1
'24AP29-CPBlock-Sunday-13',6801,104600,4,'',1,9600,4,'',1,9600,4,'',1,9800,4,'',1,10100,4,'',1,10200,4,'',1,10200,4,'',1,10100,4,'',1,10100,4,'',1,9900,4,'',1
'24AP29-CPBlock-Weekday-11',6800,52400,,'',1,9000,,'',1,9200,,'',1,9400,,'',1,5600,,'',1,9700,,'',1,9800,,'',1,9800,,'',1,9800,,'',1,10000,,'',1,10200,,'',1,10500,,'',1,10500,,'',1,14600,,'',1,10300,,'',1,10000,,'',1,10000,,'',1,9600,,'',1,5300,,'',1,9300,,'',1,9000,,'',1
'24AP29-CPBlock-Weekday-11',6801,60400,4,'',1,5200,4,'',1,9600,4,'',1,9700,4,'',1,9600,4,'',1,9800,4,'',1,9800,4,'',1,9800,4,'',1,9900,4,'',1,10400,4,'',1,10500,4,'',1,10500,4,'',1,10400,4,'',1,14500,4,'',1,10000,4,'',1,10000,4,'',1,5600,4,'',1,9300,4,'',1,9300,4,'',1,9000,4,'',1,8900,4,'',1
'24AP29-CPBlock-Weekday-11',7600,50900,,'',1,2300,,'',1,2400,,'',1,6500,,'',1,2500,,'',1,6700,,'',1,2600,,'',1,6700,,'',1,2700,,'',1,6700,,'',1,3800,,'',1,8400,,'',1,8400,,'',1,4400,,'',1,8200,,'',1,8200,,'',1,4200,,'',1,6200,,'',1,2200,,'',1,6200,,'',1,2100,,'',1,2300,,'',1,6300,,'',1,2100,,'',1,2100,,'',1,6500,,'',1,2500,,'',1,6300,,'',1,2200,,'',1,2300,,'',1,6500,,'',1,4000,,'',1,8000,,'',1,8000,,'',1,4000,,'',1,8000,,'',1,8000,,'',1,4400,,'',1
'24AP29-CPBlock-Weekday-11',7601,61800,4,'',1,2400,4,'',1,6700,4,'',1,2500,4,'',1,6800,4,'',1,2800,4,'',1,2700,4,'',1,6900,4,'',1,2900,4,'',1,6400,4,'',1,8200,4,'',1,4300,4,'',1,8300,4,'',1,8300,4,'',1,4300,4,'',1,8200,4,'',1,8300,4,'',1,2400,4,'',1,6400,4,'',1,2100,4,'',1,2100,4,'',1,6400,4,'',1,2400,4,'',1,6400,4,'',1,2200,4,'',1,2300,4,'',1,6400,4,'',1,2000,4,'',1,2000,4,'',1,6100,4,'',1,2000,4,'',1,7900,4,'',1,4000,4,'',1,7900,4,'',1,8200,4,'',1,4100,4,'',1,7700,4,'',1,7800,4,'',1
