901,'CPHoliday1',632,,30908,27,,,1,86,,30907,27,,,1,87,,30906,27,,,1,51,,30905,27,,,1,89,,30899,27,,,1,90,,30898,27,,,1,88,,30904,27,,,1,79,,30895,27,,,1,36,,30893,27,,,1,76,,30903,27,,,1,37,,30896,27,,,1,77,,30897,27,,,1,77,,30900,27,,,1,38,,30888,27,,,1,77,,30889,27,,,1,37,,30902,27,,,1,77,,30887,27,,,1,77,,30891,27,,,1,37,,30901,27,,,1,77,,30886,27,,,1,85,,30890,27,,,1,93,,30885,27,,,1,50,,30892,27,,,1,89,,30884,27,,,1,90,,30894,27,,,1
901,'CPSaturday',622,,30942,27,,,1,32,,30943,27,,,1,73,,30941,27,,,1,31,,30939,27,,,1,73,,30940,27,,,1,74,,30928,27,,,1,34,,30936,27,,,1,76,,30927,27,,,1,33,,30919,27,,,1,75,,30930,27,,,1,36,,30923,27,,,1,79,,30916,27,,,1,78,,30931,27,,,1,38,,30922,27,,,1,77,,30915,27,,,1,80,,30932,27,,,1,39,,30924,27,,,1,78,,30914,27,,,1,78,,30933,27,,,1,39,,30925,27,,,1,75,,30913,27,,,1,37,,30934,27,,,1,75,,30917,27,,,1,75,,30912,27,,,1,35,,30935,27,,,1,75,,30920,27,,,1,33,,30911,27,,,1,74,,30937,27,,,1,33,,30918,27,,,1,73,,30910,27,,,1,74,,30929,27,,,1,32,,30921,27,,,1,69,,30909,27,,,1,27,,30938,27,,,1,27,,30926,27,,,1
901,'CPSunday',632,,30968,27,,,1,86,,30967,27,,,1,87,,30966,27,,,1,51,,30965,27,,,1,89,,30959,27,,,1,90,,30958,27,,,1,88,,30964,27,,,1,79,,30955,27,,,1,36,,30953,27,,,1,76,,30963,27,,,1,37,,30956,27,,,1,77,,30957,27,,,1,77,,30960,27,,,1,38,,30948,27,,,1,77,,30949,27,,,1,37,,30962,27,,,1,77,,30947,27,,,1,77,,30951,27,,,1,37,,30961,27,,,1,77,,30946,27,,,1,85,,30950,27,,,1,93,,30945,27,,,1,50,,30952,27,,,1,89,,30944,27,,,1,90,,30954,27,,,1
901,'CPWeekday',526,,31013,28,,,1,27,,31014,28,,,1,63,,31015,28,,,1,23,,31016,28,,,1,63,,31017,28,,,1,20,,31007,28,,,1,23,,31009,28,,,1,62,,31011,28,,,1,27,,31010,28,,,1,19,,31012,28,,,1,68,,31008,28,,,1,27,,31002,28,,,1,66,,31005,28,,,1,24,,31004,28,,,1,20,,31006,28,,,1,59,,31001,28,,,1,29,,31003,28,,,1,70,,30999,28,,,1,30,,31000,28,,,1,71,,30997,28,,,1,29,,30998,28,,,1,68,,30996,28,,,1,19,,30995,28,,,1,20,,30994,28,,,1,67,,30993,28,,,1,30,,30992,28,,,1,70,,30991,28,,,1,28,,30990,28,,,1,65,,30989,28,,,1,27,,30988,28,,,1,60,,30987,28,,,1,28,,30986,28,,,1,29,,30985,28,,,1,68,,30979,28,,,1,24,,30980,28,,,1,62,,30976,28,,,1,31,,30975,28,,,1,68,,30974,28,,,1,29,,30981,28,,,1,69,,30977,28,,,1,27,,30971,28,,,1,66,,30970,28,,,1,27,,30982,28,,,1,23,,30978,28,,,1,67,,30972,28,,,1,25,,30969,28,,,1,67,,30983,28,,,1,44,,30973,28,,,1,84,,30984,28,,,1
1300,'CPHoliday1',643,,31858,27,,,1,75,,31859,27,,,1,36,,31860,27,,,1,75,,31861,27,,,1,76,,31862,27,,,1,37,,31863,27,,,1,79,,31864,27,,,1,79,,31865,27,,,1,37,,31866,27,,,1,81,,31867,27,,,1,40,,31868,27,,,1,81,,31869,27,,,1,80,,31870,27,,,1,39,,31871,27,,,1,81,,31872,27,,,1,80,,31873,27,,,1,39,,31874,27,,,1,80,,31875,27,,,1,80,,31876,27,,,1,39,,31877,27,,,1,78,,31878,27,,,1,79,,31879,27,,,1,40,,31880,27,,,1,80,,31881,27,,,1,85,,31882,27,,,1,95,,31883,27,,,1,94,,31884,27,,,1,94,,31885,27,,,1,54,,31886,27,,,1
1300,'CPSaturday',451,,31887,27,,,1,73,,31888,27,,,1,32,,31889,27,,,1,74,,31890,27,,,1,74,,31891,27,,,1,36,,31892,27,,,1,76,,31893,27,,,1,36,,31894,27,,,1,79,,31895,27,,,1,26,,31896,27,,,1,69,,31897,27,,,1,31,,31898,27,,,1,69,,31899,27,,,1,33,,31900,27,,,1,72,,31901,27,,,1,72,,31902,27,,,1,33,,31903,27,,,1,73,,31904,27,,,1,31,,31905,27,,,1,72,,31906,27,,,1,30,,31907,27,,,1,70,,31908,27,,,1,30,,31909,27,,,1,71,,31910,27,,,1,33,,31911,27,,,1,71,,31912,27,,,1,30,,31913,27,,,1,72,,31914,27,,,1,29,,31915,27,,,1,69,,31916,27,,,1,29,,31917,27,,,1,69,,31918,27,,,1,38,,31919,27,,,1,90,,31920,27,,,1,90,,31921,27,,,1,89,,31922,27,,,1,89,,31923,27,,,1,89,,31924,27,,,1
1300,'CPSunday',643,,31925,27,,,1,75,,31926,27,,,1,36,,31927,27,,,1,75,,31928,27,,,1,76,,31929,27,,,1,37,,31930,27,,,1,79,,31931,27,,,1,79,,31932,27,,,1,37,,31933,27,,,1,81,,31934,27,,,1,40,,31935,27,,,1,81,,31936,27,,,1,80,,31937,27,,,1,39,,31938,27,,,1,81,,31939,27,,,1,80,,31940,27,,,1,39,,31941,27,,,1,80,,31942,27,,,1,80,,31943,27,,,1,39,,31944,27,,,1,78,,31945,27,,,1,79,,31946,27,,,1,40,,31947,27,,,1,80,,31948,27,,,1,85,,31949,27,,,1,95,,31950,27,,,1,94,,31951,27,,,1,94,,31952,27,,,1,54,,31953,27,,,1
1300,'CPWeekday',452,,31954,27,,,1,60,,31955,27,,,1,28,,31956,27,,,1,65,,31957,27,,,1,27,,31958,27,,,1,26,,31959,27,,,1,66,,31960,27,,,1,28,,31961,27,,,1,70,,31962,27,,,1,27,,31963,27,,,1,66,,31964,27,,,1,25,,31965,27,,,1,65,,31966,27,,,1,23,,31967,27,,,1,25,,31968,27,,,1,65,,31969,27,,,1,25,,31970,27,,,1,66,,31971,27,,,1,26,,31972,27,,,1,24,,31973,27,,,1,64,,31974,27,,,1,26,,31975,27,,,1,66,,31976,27,,,1,29,,31977,27,,,1,66,,31978,27,,,1,25,,31979,27,,,1,65,,31980,27,,,1,24,,31981,27,,,1,24,,31982,27,,,1,64,,31983,27,,,1,23,,31984,27,,,1,22,,31985,27,,,1,64,,31986,27,,,1,23,,31987,27,,,1,63,,31988,27,,,1,20,,31989,27,,,1,22,,31990,27,,,1,63,,31991,27,,,1,25,,31992,27,,,1,68,,31993,27,,,1,30,,31994,27,,,1,70,,31995,27,,,1,50,,31996,27,,,1,87,,31997,27,,,1,90,,31998,27,,,1,89,,31999,27,,,1,95,,32000,27,,,1,95,,32001,27,,,1
1301,'CPHoliday1',726,,32002,23,,,1,76,,32003,23,,,1,37,,32004,23,,,1,76,,32005,23,,,1,36,,32006,23,,,1,78,,32007,23,,,1,78,,32008,23,,,1,42,,32009,23,,,1,80,,32010,23,,,1,80,,32011,23,,,1,40,,32012,23,,,1,80,,32013,23,,,1,80,,32014,23,,,1,40,,32015,23,,,1,80,,32016,23,,,1,80,,32017,23,,,1,40,,32018,23,,,1,80,,32019,23,,,1,80,,32020,23,,,1,39,,32021,23,,,1,78,,32022,23,,,1,80,,32023,23,,,1,35,,32024,23,,,1,75,,32025,23,,,1,95,,32026,23,,,1,94,,32027,23,,,1,95,,32028,23,,,1
1301,'CPSaturday',535,,32029,23,,,1,72,,32030,23,,,1,33,,32031,23,,,1,74,,32032,23,,,1,38,,32033,23,,,1,76,,32034,23,,,1,76,,32035,23,,,1,36,,32036,23,,,1,77,,32037,23,,,1,32,,32038,23,,,1,70,,32039,23,,,1,30,,32040,23,,,1,71,,32041,23,,,1,30,,32042,23,,,1,72,,32043,23,,,1,32,,32044,23,,,1,71,,32045,23,,,1,32,,32046,23,,,1,72,,32047,23,,,1,73,,32048,23,,,1,32,,32049,23,,,1,71,,32050,23,,,1,32,,32051,23,,,1,72,,32052,23,,,1,30,,32053,23,,,1,70,,32054,23,,,1,30,,32055,23,,,1,70,,32056,23,,,1,29,,32057,23,,,1,68,,32058,23,,,1,28,,32059,23,,,1,68,,32060,23,,,1,34,,32061,23,,,1,89,,32062,23,,,1,90,,32063,23,,,1,94,,32064,23,,,1
1301,'CPSunday',726,,32065,23,,,1,76,,32066,23,,,1,37,,32067,23,,,1,76,,32068,23,,,1,36,,32069,23,,,1,78,,32070,23,,,1,78,,32071,23,,,1,42,,32072,23,,,1,80,,32073,23,,,1,80,,32074,23,,,1,40,,32075,23,,,1,80,,32076,23,,,1,80,,32077,23,,,1,40,,32078,23,,,1,80,,32079,23,,,1,80,,32080,23,,,1,40,,32081,23,,,1,80,,32082,23,,,1,80,,32083,23,,,1,39,,32084,23,,,1,78,,32085,23,,,1,80,,32086,23,,,1,35,,32087,23,,,1,75,,32088,23,,,1,95,,32089,23,,,1,94,,32090,23,,,1,95,,32091,23,,,1
1301,'CPWeekday',442,,32092,23,,,1,61,,32093,23,,,1,22,,32094,23,,,1,20,,32095,23,,,1,66,,32096,23,,,1,26,,32097,23,,,1,65,,32098,23,,,1,27,,32099,23,,,1,27,,32100,23,,,1,64,,32101,23,,,1,27,,32102,23,,,1,68,,32103,23,,,1,25,,32104,23,,,1,64,,32105,23,,,1,26,,32106,23,,,1,25,,32107,23,,,1,65,,32108,23,,,1,26,,32109,23,,,1,65,,32110,23,,,1,24,,32111,23,,,1,24,,32112,23,,,1,65,,32113,23,,,1,25,,32114,23,,,1,68,,32115,23,,,1,20,,32116,23,,,1,20,,32117,23,,,1,62,,32118,23,,,1,24,,32119,23,,,1,64,,32120,23,,,1,25,,32121,23,,,1,25,,32122,23,,,1,65,,32123,23,,,1,24,,32124,23,,,1,64,,32125,23,,,1,24,,32126,23,,,1,24,,32127,23,,,1,63,,32128,23,,,1,22,,32129,23,,,1,61,,32130,23,,,1,25,,32131,23,,,1,30,,32132,23,,,1,69,,32133,23,,,1,29,,32134,23,,,1,64,,32135,23,,,1,25,,32136,23,,,1,90,,32137,23,,,1,89,,32138,23,,,1,95,,32139,23,,,1,95,,32140,23,,,1
4800,'CPHoliday1',611,,37637,17,,,1,30,,37638,17,,,1,70,,37639,17,,,1,36,,37640,17,,,1,75,,37641,17,,,1,35,,37642,17,,,1,76,,37643,17,,,1,76,,37644,17,,,1,35,,37645,17,,,1,79,,37646,17,,,1,78,,37647,17,,,1,38,,37648,17,,,1,78,,37649,17,,,1,38,,37650,17,,,1,78,,37651,17,,,1,78,,37652,17,,,1,38,,37653,17,,,1,77,,37654,17,,,1,78,,37655,17,,,1,38,,37656,17,,,1,78,,37657,17,,,1,38,,37658,17,,,1,78,,37659,17,,,1,76,,37660,17,,,1,35,,37661,17,,,1,74,,37662,17,,,1,31,,37663,17,,,1,70,,37664,17,,,1,32,,37665,17,,,1
4800,'CPSaturday',513,,37666,17,,,1,31,,37667,17,,,1,70,,37668,17,,,1,32,,37669,17,,,1,76,,37670,17,,,1,35,,37671,17,,,1,77,,37672,17,,,1,77,,37673,17,,,1,36,,37674,17,,,1,77,,37675,17,,,1,78,,37676,17,,,1,38,,37677,17,,,1,79,,37678,17,,,1,38,,37679,17,,,1,78,,37680,17,,,1,78,,37681,17,,,1,38,,37682,17,,,1,80,,37683,17,,,1,80,,37684,17,,,1,40,,37685,17,,,1,80,,37686,17,,,1,79,,37687,17,,,1,39,,37688,17,,,1,80,,37689,17,,,1,77,,37690,17,,,1,38,,37691,17,,,1,76,,37692,17,,,1,34,,37693,17,,,1,76,,37694,17,,,1,73,,37695,17,,,1,34,,37696,17,,,1,74,,37697,17,,,1,33,,37698,17,,,1,74,,37699,17,,,1,34,,37700,17,,,1,74,,37701,17,,,1,32,,37702,17,,,1
4800,'CPSunday',611,,37703,17,,,1,30,,37704,17,,,1,70,,37705,17,,,1,36,,37706,17,,,1,75,,37707,17,,,1,35,,37708,17,,,1,76,,37709,17,,,1,76,,37710,17,,,1,35,,37711,17,,,1,79,,37712,17,,,1,78,,37713,17,,,1,38,,37714,17,,,1,78,,37715,17,,,1,38,,37716,17,,,1,78,,37717,17,,,1,78,,37718,17,,,1,38,,37719,17,,,1,77,,37720,17,,,1,78,,37721,17,,,1,38,,37722,17,,,1,78,,37723,17,,,1,38,,37724,17,,,1,78,,37725,17,,,1,76,,37726,17,,,1,35,,37727,17,,,1,74,,37728,17,,,1,31,,37729,17,,,1,70,,37730,17,,,1,32,,37731,17,,,1
4800,'CPWeekday',439,,37732,17,,,1,85,,37733,17,,,1,81,,37734,17,,,1,19,,37735,17,,,1,18,,37736,17,,,1,61,,37737,17,,,1,21,,37738,17,,,1,23,,37739,17,,,1,62,,37740,17,,,1,22,,37741,17,,,1,22,,37742,17,,,1,62,,37743,17,,,1,24,,37744,17,,,1,65,,37745,17,,,1,29,,37746,17,,,1,68,,37747,17,,,1,30,,37748,17,,,1,70,,37749,17,,,1,30,,37750,17,,,1,28,,37751,17,,,1,68,,37752,17,,,1,28,,37753,17,,,1,63,,37754,17,,,1,22,,37755,17,,,1,64,,37756,17,,,1,25,,37757,17,,,1,24,,37758,17,,,1,64,,37759,17,,,1,24,,37760,17,,,1,64,,37761,17,,,1,24,,37762,17,,,1,24,,37763,17,,,1,64,,37764,17,,,1,28,,37765,17,,,1,79,,37766,17,,,1,80,,37767,17,,,1,37,,37768,17,,,1,77,,37769,17,,,1,34,,37770,17,,,1,75,,37771,17,,,1,75,,37772,17,,,1,42,,37773,17,,,1,84,,37774,17,,,1,80,,37775,17,,,1
37300,'CPWeekday',724,,41802,12,,,1
37301,'CPWeekday',1401,,41803,15,,,1
