'24AP29-CPBlock-Weekday-11',1800,55400,4,'',1,5200,4,'',1,1200,4,'',1,1300,4,'',1,1400,4,'',1,1300,4,'',1,7700,4,'',1,1300,4,'',1,5300,4,'',1,1300,4,'',1,1300,4,'',1,1300,4,'',1,7800,4,'',1,1300,4,'',1,1300,4,'',1,39200,4,'',1,1200,4,'',1,1100,4,'',1,5200,4,'',1,2600,4,'',1,1300,4,'',1,8000,4,'',1,1200,4,'',1,1300,4,'',1,5300,4,'',1,2600,4,'',1,1300,4,'',1,7900,4,'',1,1300,4,'',1,1200,4,'',1,5200,4,'',1,2500,4,'',1,1300,4,'',1,7600,4,'',1,1100,4,'',1
'24AP29-CPBlock-Weekday-11',1801,60000,,'',1,1200,,'',1,1300,,'',1,1300,,'',1,1300,,'',1,5300,,'',1,3900,,'',1,1300,,'',1,5300,,'',1,1300,,'',1,1300,,'',1,1300,,'',1,7800,,'',1,1200,,'',1,31800,,'',1,5200,,'',1,3600,,'',1,1200,,'',1,5200,,'',1,1200,,'',1,2400,,'',1,1300,,'',1,7900,,'',1,1300,,'',1,5300,,'',1,1300,,'',1,2600,,'',1,1300,,'',1,7900,,'',1,1200,,'',1,1200,,'',1,5200,,'',1,2600,,'',1,1300,,'',1,7500,,'',1
'24AP29-MABlock-Weekday-21',1800,53000,4,'',1,1200,4,'',1,16900,4,'',1,1200,4,'',1,13000,4,'',1,5300,4,'',1,40700,4,'',1,1100,4,'',1,9900,4,'',1,8100,4,'',1,1300,4,'',1,10400,4,'',1,7900,4,'',1,1300,4,'',1,10300,4,'',1,3800,4,'',1,5100,4,'',1
'24AP29-MABlock-Weekday-21',1801,53600,,'',1,1200,,'',1,16900,,'',1,1300,,'',1,17100,,'',1,1300,,'',1,33000,,'',1,7600,,'',1,1200,,'',1,10000,,'',1,7800,,'',1,1300,,'',1,10500,,'',1,7900,,'',1,1300,,'',1,10200,,'',1,7900,,'',1,1100,,'',1
'24AP29-CPBlock-Saturday-12',4200,62200,4,'',1,19600,4,'',1
'24AP29-CPBlock-Saturday-12',4201,63100,,'',1,19600,,'',1
'24AP29-CPBlock-Weekday-11',4200,43900,4,'',1,1100,4,'',1,5200,4,'',1,1400,4,'',1,1100,4,'',1,1100,4,'',1,1300,4,'',1,5300,4,'',1,1300,4,'',1,1300,4,'',1,1400,4,'',1,1500,4,'',1,5400,4,'',1,1400,4,'',1,1400,4,'',1,1500,4,'',1,5600,4,'',1,1500,4,'',1,1500,4,'',1,1500,4,'',1,5400,4,'',1,1500,4,'',1,1400,4,'',1,1200,4,'',1,5400,4,'',1,1400,4,'',1,1400,4,'',1,1500,4,'',1,5400,4,'',1,1400,4,'',1,1400,4,'',1,1400,4,'',1,1400,4,'',1,5500,4,'',1,1400,4,'',1,1400,4,'',1,1400,4,'',1,5500,4,'',1,1400,4,'',1,1500,4,'',1,1500,4,'',1,5500,4,'',1,1600,4,'',1,1600,4,'',1,5800,4,'',1,1800,4,'',1,1200,4,'',1,1300,4,'',1,1200,4,'',1,5500,4,'',1,1500,4,'',1,1600,4,'',1,1500,4,'',1,5400,4,'',1,1400,4,'',1,1400,4,'',1,1300,4,'',1,5400,4,'',1,1100,4,'',1,1200,4,'',1,1200,4,'',1,1300,4,'',1,5300,4,'',1,1300,4,'',1,1300,4,'',1,1400,4,'',1,1300,4,'',1,5500,4,'',1,1200,4,'',1,1300,4,'',1,1200,4,'',1,5100,4,'',1,1100,4,'',1,1200,4,'',1,1500,4,'',1,1500,4,'',1,5500,4,'',1,1500,4,'',1,1400,4,'',1,1400,4,'',1,5300,4,'',1,1400,4,'',1,1500,4,'',1,1400,4,'',1,5300,4,'',1,1400,4,'',1,1400,4,'',1,1400,4,'',1,1400,4,'',1,5400,4,'',1,1300,4,'',1,1300,4,'',1,1400,4,'',1,5300,4,'',1,1300,4,'',1,1300,4,'',1
'24AP29-CPBlock-Weekday-11',4201,41300,,'',1,1100,,'',1,1100,,'',1,1200,,'',1,1200,,'',1,5200,,'',1,1200,,'',1,1200,,'',1,1300,,'',1,5300,,'',1,1400,,'',1,1400,,'',1,1400,,'',1,1400,,'',1,5400,,'',1,1400,,'',1,1300,,'',1,1200,,'',1,5300,,'',1,1500,,'',1,1500,,'',1,1500,,'',1,5500,,'',1,1400,,'',1,1500,,'',1,1400,,'',1,5400,,'',1,1400,,'',1,1400,,'',1,1400,,'',1,1400,,'',1,5400,,'',1,1400,,'',1,1400,,'',1,1400,,'',1,5400,,'',1,1500,,'',1,1400,,'',1,1300,,'',1,5500,,'',1,1500,,'',1,1500,,'',1,1500,,'',1,5500,,'',1,1500,,'',1,1400,,'',1,1300,,'',1,1400,,'',1,5400,,'',1,1400,,'',1,1300,,'',1,1200,,'',1,5400,,'',1,1400,,'',1,1400,,'',1,1500,,'',1,5500,,'',1,1400,,'',1,1400,,'',1,1400,,'',1,1300,,'',1,5300,,'',1,1300,,'',1,1200,,'',1,1200,,'',1,5300,,'',1,1300,,'',1,1300,,'',1,1400,,'',1,1400,,'',1,5300,,'',1,1200,,'',1,1100,,'',1,1400,,'',1,1300,,'',1,5100,,'',1,1100,,'',1,1100,,'',1,1500,,'',1,5500,,'',1,1500,,'',1,1500,,'',1,1400,,'',1,5400,,'',1,1400,,'',1,1400,,'',1,1400,,'',1,1400,,'',1,5400,,'',1,1400,,'',1,1400,,'',1,1400,,'',1
'24AP29-MABlock-Holiday1-24',4200,61000,4,'',1,1700,4,'',1,1800,4,'',1,5900,4,'',1,1800,4,'',1,1900,4,'',1,1800,4,'',1,5900,4,'',1,1900,4,'',1,1900,4,'',1,5800,4,'',1,2000,4,'',1,2000,4,'',1,6000,4,'',1,2000,4,'',1,2000,4,'',1,6000,4,'',1,2000,4,'',1,2000,4,'',1,6000,4,'',1,2100,4,'',1,2100,4,'',1,6000,4,'',1,2000,4,'',1,2000,4,'',1,6100,4,'',1,2100,4,'',1,2100,4,'',1,6000,4,'',1,2000,4,'',1,2000,4,'',1,6100,4,'',1,2100,4,'',1,6000,4,'',1,2000,4,'',1,2100,4,'',1,6000,4,'',1,2100,4,'',1,2100,4,'',1,5900,4,'',1,1900,4,'',1,1900,4,'',1,5900,4,'',1,2000,4,'',1,1900,4,'',1,2000,4,'',1,5900,4,'',1,1900,4,'',1,2000,4,'',1,5800,4,'',1,1800,4,'',1,1900,4,'',1,5900,4,'',1,1800,4,'',1,1800,4,'',1,5700,4,'',1,1600,4,'',1
'24AP29-MABlock-Holiday1-24',4201,54000,,'',1,1800,,'',1,5800,,'',1,1800,,'',1,1800,,'',1,5900,,'',1,1800,,'',1,1800,,'',1,5800,,'',1,1900,,'',1,2000,,'',1,5900,,'',1,1900,,'',1,2000,,'',1,5900,,'',1,2000,,'',1,2000,,'',1,6000,,'',1,2000,,'',1,2000,,'',1,6000,,'',1,2100,,'',1,2100,,'',1,6100,,'',1,2000,,'',1,2000,,'',1,6000,,'',1,2100,,'',1,2100,,'',1,6100,,'',1,2000,,'',1,2000,,'',1,6000,,'',1,2100,,'',1,2100,,'',1,6000,,'',1,2000,,'',1,2100,,'',1,6000,,'',1,2000,,'',1,2100,,'',1,6000,,'',1,2000,,'',1,2000,,'',1,5900,,'',1,1900,,'',1,1900,,'',1,5900,,'',1,1900,,'',1,1900,,'',1,5900,,'',1,1800,,'',1,1800,,'',1,1900,,'',1,5800,,'',1,1900,,'',1
'24AP29-MABlock-Saturday-22',4200,44800,4,'',1,5300,4,'',1,1300,4,'',1,1500,4,'',1,1200,4,'',1,1400,4,'',1,5400,4,'',1,2900,4,'',1,1500,4,'',1,5400,4,'',1,1400,4,'',1,1500,4,'',1,1400,4,'',1,5400,4,'',1,3000,4,'',1,1600,4,'',1,5600,4,'',1,1600,4,'',1,1800,4,'',1,1700,4,'',1,5700,4,'',1,1800,4,'',1,2000,4,'',1,5800,4,'',1,1900,4,'',1,1800,4,'',1,5900,4,'',1,1900,4,'',1,1900,4,'',1,6000,4,'',1,1800,4,'',1,1800,4,'',1,1600,4,'',1,5400,4,'',1,1400,4,'',1,1600,4,'',1,1700,4,'',1,5800,4,'',1,1800,4,'',1,1700,4,'',1,5600,4,'',1,1600,4,'',1,1600,4,'',1,1500,4,'',1,5600,4,'',1,1600,4,'',1,1600,4,'',1,1500,4,'',1,5700,4,'',1,1700,4,'',1,1500,4,'',1,5500,4,'',1,1500,4,'',1,1600,4,'',1,1400,4,'',1,5500,4,'',1,1800,4,'',1,2700,4,'',1,6800,4,'',1,2700,4,'',1,6900,4,'',1,2800,4,'',1,6800,4,'',1,2500,4,'',1,2700,4,'',1,6600,4,'',1,2700,4,'',1,6600,4,'',1,2700,4,'',1
'24AP29-MABlock-Saturday-22',4201,45500,,'',1,5400,,'',1,1400,,'',1,1300,,'',1,1300,,'',1,5400,,'',1,1400,,'',1,2800,,'',1,5500,,'',1,1500,,'',1,1500,,'',1,1500,,'',1,5500,,'',1,1400,,'',1,2600,,'',1,1600,,'',1,5800,,'',1,1800,,'',1,1800,,'',1,5800,,'',1,1800,,'',1,1800,,'',1,5800,,'',1,1800,,'',1,1800,,'',1,1800,,'',1,5900,,'',1,1900,,'',1,1900,,'',1,5900,,'',1,1900,,'',1,1800,,'',1,5600,,'',1,1400,,'',1,1500,,'',1,1600,,'',1,5600,,'',1,1700,,'',1,1700,,'',1,1700,,'',1,5700,,'',1,1700,,'',1,1500,,'',1,5500,,'',1,1500,,'',1,1600,,'',1,1600,,'',1,5600,,'',1,1600,,'',1,1700,,'',1,1500,,'',1,5500,,'',1,1500,,'',1,1500,,'',1,1500,,'',1,5600,,'',1,1600,,'',1,2900,,'',1,6900,,'',1,2800,,'',1,6800,,'',1,2800,,'',1,6700,,'',1,2700,,'',1,6700,,'',1,2700,,'',1
'24AP29-MABlock-Sunday-23',4200,61000,4,'',1,1700,4,'',1,1800,4,'',1,5900,4,'',1,1800,4,'',1,1900,4,'',1,1800,4,'',1,5900,4,'',1,1900,4,'',1,1900,4,'',1,5800,4,'',1,2000,4,'',1,2000,4,'',1,6000,4,'',1,2000,4,'',1,2000,4,'',1,6000,4,'',1,2000,4,'',1,2000,4,'',1,6000,4,'',1,2100,4,'',1,2100,4,'',1,6000,4,'',1,2000,4,'',1,2000,4,'',1,6100,4,'',1,2100,4,'',1,2100,4,'',1,6000,4,'',1,2000,4,'',1,2000,4,'',1,6100,4,'',1,2100,4,'',1,6000,4,'',1,2000,4,'',1,2100,4,'',1,6000,4,'',1,2100,4,'',1,2100,4,'',1,5900,4,'',1,1900,4,'',1,1900,4,'',1,5900,4,'',1,2000,4,'',1,1900,4,'',1,2000,4,'',1,5900,4,'',1,1900,4,'',1,2000,4,'',1,5800,4,'',1,1800,4,'',1,1900,4,'',1,5900,4,'',1,1800,4,'',1,1800,4,'',1,5700,4,'',1,1600,4,'',1
'24AP29-MABlock-Sunday-23',4201,54000,,'',1,1800,,'',1,5800,,'',1,1800,,'',1,1800,,'',1,5900,,'',1,1800,,'',1,1800,,'',1,5800,,'',1,1900,,'',1,2000,,'',1,5900,,'',1,1900,,'',1,2000,,'',1,5900,,'',1,2000,,'',1,2000,,'',1,6000,,'',1,2000,,'',1,2000,,'',1,6000,,'',1,2100,,'',1,2100,,'',1,6100,,'',1,2000,,'',1,2000,,'',1,6000,,'',1,2100,,'',1,2100,,'',1,6100,,'',1,2000,,'',1,2000,,'',1,6000,,'',1,2100,,'',1,2100,,'',1,6000,,'',1,2000,,'',1,2100,,'',1,6000,,'',1,2000,,'',1,2100,,'',1,6000,,'',1,2000,,'',1,2000,,'',1,5900,,'',1,1900,,'',1,1900,,'',1,5900,,'',1,1900,,'',1,1900,,'',1,5900,,'',1,1800,,'',1,1800,,'',1,1900,,'',1,5800,,'',1,1900,,'',1
