1301,'CPHoliday1',741,,18055,38,,,1,77,,18056,38,,,1,37,,18057,38,,,1,76,,18058,38,,,1,80,,18059,38,,,1,40,,18060,38,,,1,79,,18061,38,,,1,80,,18062,38,,,1,41,,18063,38,,,1,81,,18064,38,,,1,81,,18065,38,,,1,41,,18066,38,,,1,82,,18067,38,,,1,82,,18068,38,,,1,41,,18069,38,,,1,81,,18070,38,,,1,82,,18071,38,,,1,82,,18072,38,,,1,40,,18073,38,,,1,79,,18074,38,,,1,79,,18075,38,,,1,40,,18076,38,,,1,74,,18077,38,,,1,35,,18078,38,,,1,88,,18079,38,,,1,88,,18080,38,,,1,88,,18081,38,,,1
1301,'CPSaturday',550,,18082,38,,,1,76,,18083,38,,,1,77,,18084,38,,,1,39,,18085,38,,,1,76,,18086,38,,,1,39,,18087,38,,,1,78,,18088,38,,,1,79,,18089,38,,,1,39,,18090,38,,,1,73,,18091,38,,,1,33,,18092,38,,,1,72,,18093,38,,,1,72,,18094,38,,,1,34,,18095,38,,,1,74,,18096,38,,,1,34,,18097,38,,,1,74,,18098,38,,,1,33,,18099,38,,,1,74,,18100,38,,,1,74,,18101,38,,,1,34,,18102,38,,,1,71,,18103,38,,,1,32,,18104,38,,,1,71,,18105,38,,,1,31,,18106,38,,,1,70,,18107,38,,,1,30,,18108,38,,,1,70,,18109,38,,,1,30,,18110,38,,,1,70,,18111,38,,,1,26,,18112,38,,,1,67,,18113,38,,,1,46,,18114,38,,,1,88,,18115,38,,,1,88,,18116,38,,,1
1301,'CPSunday',741,,18117,38,,,1,77,,18118,38,,,1,37,,18119,38,,,1,76,,18120,38,,,1,80,,18121,38,,,1,40,,18122,38,,,1,79,,18123,38,,,1,80,,18124,38,,,1,41,,18125,38,,,1,81,,18126,38,,,1,81,,18127,38,,,1,41,,18128,38,,,1,82,,18129,38,,,1,82,,18130,38,,,1,41,,18131,38,,,1,81,,18132,38,,,1,82,,18133,38,,,1,82,,18134,38,,,1,40,,18135,38,,,1,79,,18136,38,,,1,79,,18137,38,,,1,40,,18138,38,,,1,74,,18139,38,,,1,35,,18140,38,,,1,88,,18141,38,,,1,88,,18142,38,,,1,88,,18143,38,,,1
1301,'CPWeekday',457,,18144,38,,,1,62,,18145,38,,,1,22,,18146,38,,,1,61,,18147,38,,,1,25,,18148,38,,,1,27,,18149,38,,,1,69,,18150,38,,,1,27,,18151,38,,,1,7,,18194,38,,,1,60,,18152,38,,,1,15,,18195,38,,,1,2,,18193,38,,,1,9,,18153,38,,,1,66,,18154,38,,,1,27,,18155,38,,,1,67,,18156,38,,,1,25,,18157,38,,,1,26,,18158,38,,,1,66,,18159,38,,,1,24,,18160,38,,,1,64,,18161,38,,,1,24,,18162,38,,,1,25,,18163,38,,,1,64,,18164,38,,,1,24,,18165,38,,,1,67,,18166,38,,,1,29,,18167,38,,,1,63,,18168,38,,,1,20,,18169,38,,,1,22,,18170,38,,,1,65,,18171,38,,,1,26,,18172,38,,,1,65,,18173,38,,,1,25,,18174,38,,,1,24,,18175,38,,,1,64,,18176,38,,,1,24,,18177,38,,,1,61,,18178,38,,,1,22,,18179,38,,,1,20,,18180,38,,,1,61,,18181,38,,,1,22,,18182,38,,,1,24,,18183,38,,,1,69,,18184,38,,,1,29,,18185,38,,,1,69,,18186,38,,,1,25,,18187,38,,,1,68,,18188,38,,,1,50,,18189,38,,,1,89,,18190,38,,,1,90,,18191,38,,,1,88,,18192,38,,,1
2901,'CPHoliday1',659,,20780,2,,,1,86,,20781,2,,,1,90,,20782,2,,,1,90,,20783,2,,,1,90,,20784,2,,,1,90,,20785,2,,,1,50,,20786,2,,,1,90,,20787,2,,,1,90,,20788,2,,,1,90,,20789,2,,,1,90,,20790,2,,,1,90,,20791,2,,,1,50,,20792,2,,,1,90,,20793,2,,,1,90,,20794,2,,,1,90,,20795,2,,,1,90,,20796,2,,,1,90,,20797,2,,,1,50,,20798,2,,,1,90,,20799,2,,,1,90,,20800,2,,,1,90,,20801,2,,,1,85,,20802,2,,,1
2901,'CPSaturday',501,,20803,2,,,1,32,,20804,2,,,1,72,,20805,2,,,1,32,,20806,2,,,1,72,,20807,2,,,1,34,,20808,2,,,1,74,,20809,2,,,1,34,,20810,2,,,1,74,,20811,2,,,1,34,,20812,2,,,1,74,,20813,2,,,1,74,,20814,2,,,1,34,,20815,2,,,1,74,,20816,2,,,1,34,,20817,2,,,1,74,,20818,2,,,1,36,,20819,2,,,1,76,,20820,2,,,1,76,,20821,2,,,1,36,,20822,2,,,1,76,,20823,2,,,1,36,,20824,2,,,1,76,,20825,2,,,1,76,,20826,2,,,1,36,,20827,2,,,1,76,,20828,2,,,1,80,,20829,2,,,1,40,,20830,2,,,1,90,,20831,2,,,1,90,,20832,2,,,1,90,,20833,2,,,1,90,,20834,2,,,1,50,,20835,2,,,1,91,,20836,2,,,1
2901,'CPSunday',659,,20837,2,,,1,86,,20838,2,,,1,90,,20839,2,,,1,90,,20840,2,,,1,90,,20841,2,,,1,90,,20842,2,,,1,50,,20843,2,,,1,90,,20844,2,,,1,90,,20845,2,,,1,90,,20846,2,,,1,90,,20847,2,,,1,90,,20848,2,,,1,50,,20849,2,,,1,90,,20850,2,,,1,90,,20851,2,,,1,90,,20852,2,,,1,90,,20853,2,,,1,90,,20854,2,,,1,50,,20855,2,,,1,90,,20856,2,,,1,90,,20857,2,,,1,90,,20858,2,,,1,85,,20859,2,,,1
2901,'CPWeekday',421,,20860,2,,,1,32,,20861,2,,,1,74,,20862,2,,,1,74,,20863,2,,,1,36,,20864,2,,,1,70,,20892,2,,,1,6,,20865,2,,,1,36,,20866,2,,,1,78,,20867,2,,,1,78,,20868,2,,,1,38,,20869,2,,,1,78,,20870,2,,,1,38,,20871,2,,,1,78,,20872,2,,,1,78,,20873,2,,,1,38,,20874,2,,,1,78,,20875,2,,,1,78,,20876,2,,,1,38,,20877,2,,,1,78,,20878,2,,,1,80,,20879,2,,,1,40,,20880,2,,,1,80,,20881,2,,,1,80,,20882,2,,,1,38,,20883,2,,,1,78,,20884,2,,,1,90,,20885,2,,,1,91,,20886,2,,,1,51,,20887,2,,,1,91,,20888,2,,,1,91,,20889,2,,,1,91,,20890,2,,,1,91,,20891,2,,,1
4801,'CPHoliday1',555,,23817,24,,,1,76,,23818,24,,,1,76,,23819,24,,,1,35,,23820,24,,,1,75,,23821,24,,,1,35,,23822,24,,,1,77,,23823,24,,,1,76,,23824,24,,,1,37,,23825,24,,,1,75,,23826,24,,,1,40,,23827,24,,,1,79,,23828,24,,,1,78,,23829,24,,,1,37,,23830,24,,,1,78,,23831,24,,,1,79,,23832,24,,,1,37,,23833,24,,,1,78,,23834,24,,,1,78,,23835,24,,,1,38,,23836,24,,,1,77,,23837,24,,,1,38,,23838,24,,,1,76,,23839,24,,,1,78,,23840,24,,,1,33,,23841,24,,,1,74,,23842,24,,,1,33,,23843,24,,,1,72,,23844,24,,,1,80,,23845,24,,,1
4801,'CPSaturday',529,,23846,24,,,1,75,,23847,24,,,1,38,,23848,24,,,1,77,,23849,24,,,1,36,,23850,24,,,1,76,,23851,24,,,1,76,,23852,24,,,1,36,,23853,24,,,1,78,,23854,24,,,1,38,,23855,24,,,1,79,,23856,24,,,1,78,,23857,24,,,1,38,,23858,24,,,1,78,,23859,24,,,1,78,,23860,24,,,1,38,,23861,24,,,1,79,,23862,24,,,1,78,,23863,24,,,1,40,,23864,24,,,1,80,,23865,24,,,1,80,,23866,24,,,1,38,,23867,24,,,1,79,,23868,24,,,1,80,,23869,24,,,1,40,,23870,24,,,1,76,,23871,24,,,1,36,,23872,24,,,1,74,,23873,24,,,1,75,,23874,24,,,1,34,,23875,24,,,1,75,,23876,24,,,1,33,,23877,24,,,1,75,,23878,24,,,1,30,,23879,24,,,1,70,,23880,24,,,1
4801,'CPSunday',555,,23881,24,,,1,76,,23882,24,,,1,76,,23883,24,,,1,35,,23884,24,,,1,75,,23885,24,,,1,35,,23886,24,,,1,77,,23887,24,,,1,76,,23888,24,,,1,37,,23889,24,,,1,75,,23890,24,,,1,40,,23891,24,,,1,79,,23892,24,,,1,78,,23893,24,,,1,37,,23894,24,,,1,78,,23895,24,,,1,79,,23896,24,,,1,37,,23897,24,,,1,78,,23898,24,,,1,78,,23899,24,,,1,38,,23900,24,,,1,77,,23901,24,,,1,38,,23902,24,,,1,76,,23903,24,,,1,78,,23904,24,,,1,33,,23905,24,,,1,74,,23906,24,,,1,33,,23907,24,,,1,72,,23908,24,,,1,80,,23909,24,,,1
4801,'CPWeekday',444,,23910,24,,,1,85,,23911,24,,,1,86,,23912,24,,,1,26,,23913,24,,,1,62,,23914,24,,,1,26,,23915,24,,,1,23,,23916,24,,,1,62,,23917,24,,,1,22,,23918,24,,,1,64,,23919,24,,,1,24,,23920,24,,,1,28,,23921,24,,,1,70,,23922,24,,,1,30,,23923,24,,,1,71,,23924,24,,,1,28,,23925,24,,,1,68,,23926,24,,,1,28,,23927,24,,,1,68,,23928,24,,,1,31,,23929,24,,,1,68,,23930,24,,,1,28,,23931,24,,,1,69,,23932,24,,,1,25,,23933,24,,,1,64,,23934,24,,,1,24,,23935,24,,,1,24,,23936,24,,,1,64,,23937,24,,,1,24,,23938,24,,,1,64,,23939,24,,,1,22,,23940,24,,,1,23,,23941,24,,,1,78,,23942,24,,,1,79,,23943,24,,,1,37,,23944,24,,,1,75,,23945,24,,,1,35,,23946,24,,,1,74,,23947,24,,,1,85,,23948,24,,,1,43,,23949,24,,,1,84,,23950,24,,,1,84,,23951,24,,,1,40,,23952,24,,,1
