901,'CPHoliday1',631,,16960,26,,,1,86,,16959,26,,,1,87,,16958,26,,,1,51,,16957,26,,,1,89,,16951,26,,,1,90,,16950,26,,,1,88,,16956,26,,,1,78,,16947,26,,,1,36,,16945,26,,,1,76,,16955,26,,,1,37,,16948,26,,,1,77,,16949,26,,,1,77,,16952,26,,,1,38,,16940,26,,,1,77,,16941,26,,,1,37,,16954,26,,,1,77,,16939,26,,,1,77,,16943,26,,,1,37,,16953,26,,,1,78,,16938,26,,,1,85,,16942,26,,,1,93,,16937,26,,,1,50,,16944,26,,,1,89,,16936,26,,,1,90,,16946,26,,,1
901,'CPSaturday',621,,16994,26,,,1,32,,16995,26,,,1,73,,16993,26,,,1,31,,16991,26,,,1,73,,16992,26,,,1,74,,16980,26,,,1,34,,16988,26,,,1,75,,16979,26,,,1,33,,16971,26,,,1,75,,16982,26,,,1,36,,16975,26,,,1,79,,16968,26,,,1,78,,16983,26,,,1,38,,16974,26,,,1,77,,16967,26,,,1,80,,16984,26,,,1,39,,16976,26,,,1,78,,16966,26,,,1,78,,16985,26,,,1,39,,16977,26,,,1,76,,16965,26,,,1,37,,16986,26,,,1,75,,16969,26,,,1,75,,16964,26,,,1,35,,16987,26,,,1,75,,16972,26,,,1,33,,16963,26,,,1,74,,16989,26,,,1,33,,16970,26,,,1,73,,16962,26,,,1,74,,16981,26,,,1,32,,16973,26,,,1,69,,16961,26,,,1,27,,16990,26,,,1,27,,16978,26,,,1
901,'CPSunday',631,,17020,26,,,1,86,,17019,26,,,1,87,,17018,26,,,1,51,,17017,26,,,1,89,,17011,26,,,1,90,,17010,26,,,1,88,,17016,26,,,1,78,,17007,26,,,1,36,,17005,26,,,1,76,,17015,26,,,1,37,,17008,26,,,1,77,,17009,26,,,1,77,,17012,26,,,1,38,,17000,26,,,1,77,,17001,26,,,1,37,,17014,26,,,1,77,,16999,26,,,1,77,,17003,26,,,1,37,,17013,26,,,1,78,,16998,26,,,1,85,,17002,26,,,1,93,,16997,26,,,1,50,,17004,26,,,1,89,,16996,26,,,1,90,,17006,26,,,1
901,'CPWeekday',525,,17065,27,,,1,27,,17066,27,,,1,62,,17067,27,,,1,23,,17068,27,,,1,63,,17069,27,,,1,20,,17059,27,,,1,23,,17061,27,,,1,62,,17063,27,,,1,27,,17062,27,,,1,19,,17064,27,,,1,68,,17060,27,,,1,27,,17054,27,,,1,66,,17057,27,,,1,24,,17056,27,,,1,20,,17058,27,,,1,59,,17053,27,,,1,29,,17055,27,,,1,70,,17051,27,,,1,30,,17052,27,,,1,71,,17049,27,,,1,30,,17050,27,,,1,68,,17048,27,,,1,19,,17047,27,,,1,20,,17046,27,,,1,67,,17045,27,,,1,30,,17044,27,,,1,70,,17043,27,,,1,28,,17042,27,,,1,65,,17041,27,,,1,27,,17040,27,,,1,20,,17039,27,,,1,67,,17038,27,,,1,29,,17037,27,,,1,68,,17031,27,,,1,24,,17032,27,,,1,62,,17028,27,,,1,31,,17027,27,,,1,69,,17026,27,,,1,29,,17033,27,,,1,69,,17029,27,,,1,27,,17023,27,,,1,66,,17022,27,,,1,27,,17034,27,,,1,23,,17030,27,,,1,67,,17024,27,,,1,25,,17021,27,,,1,67,,17035,27,,,1,44,,17025,27,,,1,84,,17036,27,,,1
1301,'CPHoliday1',728,,18055,24,,,1,77,,18056,24,,,1,36,,18057,24,,,1,76,,18058,24,,,1,39,,18059,24,,,1,80,,18060,24,,,1,79,,18061,24,,,1,40,,18062,24,,,1,81,,18063,24,,,1,81,,18064,24,,,1,41,,18065,24,,,1,81,,18066,24,,,1,82,,18067,24,,,1,82,,18068,24,,,1,41,,18069,24,,,1,81,,18070,24,,,1,82,,18071,24,,,1,42,,18072,24,,,1,80,,18073,24,,,1,79,,18074,24,,,1,40,,18075,24,,,1,80,,18076,24,,,1,74,,18077,24,,,1,36,,18078,24,,,1,88,,18079,24,,,1,88,,18080,24,,,1,88,,18081,24,,,1
1301,'CPSaturday',537,,18082,24,,,1,76,,18083,24,,,1,37,,18084,24,,,1,78,,18085,24,,,1,76,,18086,24,,,1,39,,18087,24,,,1,78,,18088,24,,,1,38,,18089,24,,,1,79,,18090,24,,,1,73,,18091,24,,,1,32,,18092,24,,,1,72,,18093,24,,,1,32,,18094,24,,,1,74,,18095,24,,,1,34,,18096,24,,,1,74,,18097,24,,,1,74,,18098,24,,,1,33,,18099,24,,,1,74,,18100,24,,,1,34,,18101,24,,,1,74,,18102,24,,,1,32,,18103,24,,,1,72,,18104,24,,,1,31,,18105,24,,,1,72,,18106,24,,,1,30,,18107,24,,,1,70,,18108,24,,,1,30,,18109,24,,,1,70,,18110,24,,,1,30,,18111,24,,,1,66,,18112,24,,,1,27,,18113,24,,,1,87,,18114,24,,,1,88,,18115,24,,,1,88,,18116,24,,,1
1301,'CPSunday',728,,18117,24,,,1,77,,18118,24,,,1,36,,18119,24,,,1,76,,18120,24,,,1,39,,18121,24,,,1,80,,18122,24,,,1,79,,18123,24,,,1,40,,18124,24,,,1,81,,18125,24,,,1,81,,18126,24,,,1,41,,18127,24,,,1,81,,18128,24,,,1,82,,18129,24,,,1,82,,18130,24,,,1,41,,18131,24,,,1,81,,18132,24,,,1,82,,18133,24,,,1,42,,18134,24,,,1,80,,18135,24,,,1,79,,18136,24,,,1,40,,18137,24,,,1,80,,18138,24,,,1,74,,18139,24,,,1,36,,18140,24,,,1,88,,18141,24,,,1,88,,18142,24,,,1,88,,18143,24,,,1
1301,'CPWeekday',444,,18144,24,,,1,61,,18145,24,,,1,22,,18146,24,,,1,20,,18147,24,,,1,64,,18148,24,,,1,27,,18149,24,,,1,68,,18150,24,,,1,27,,18151,24,,,1,7,,18194,24,,,1,60,,18152,24,,,1,15,,18195,24,,,1,2,,18193,24,,,1,9,,18153,24,,,1,26,,18154,24,,,1,67,,18155,24,,,1,27,,18156,24,,,1,67,,18157,24,,,1,26,,18158,24,,,1,66,,18159,24,,,1,24,,18160,24,,,1,24,,18161,24,,,1,64,,18162,24,,,1,24,,18163,24,,,1,64,,18164,24,,,1,24,,18165,24,,,1,27,,18166,24,,,1,68,,18167,24,,,1,23,,18168,24,,,1,60,,18169,24,,,1,22,,18170,24,,,1,25,,18171,24,,,1,66,,18172,24,,,1,25,,18173,24,,,1,65,,18174,24,,,1,25,,18175,24,,,1,24,,18176,24,,,1,64,,18177,24,,,1,21,,18178,24,,,1,62,,18179,24,,,1,21,,18180,24,,,1,21,,18181,24,,,1,62,,18182,24,,,1,24,,18183,24,,,1,69,,18184,24,,,1,29,,18185,24,,,1,69,,18186,24,,,1,27,,18187,24,,,1,28,,18188,24,,,1,90,,18189,24,,,1,89,,18190,24,,,1,90,,18191,24,,,1,88,,18192,24,,,1
4600,'CPHoliday1',805,,23488,3,,,1,40,,23489,3,,,1,80,,23490,3,,,1,80,,23491,3,,,1,40,,23492,3,,,1,80,,23493,3,,,1,80,,23494,3,,,1,40,,23495,3,,,1,82,,23496,3,,,1,82,,23497,3,,,1,42,,23498,3,,,1,83,,23499,3,,,1,82,,23500,3,,,1,42,,23501,3,,,1,82,,23502,3,,,1,82,,23503,3,,,1,82,,23504,3,,,1,44,,23505,3,,,1,84,,23506,3,,,1,83,,23507,3,,,1
4600,'CPSaturday',716,,23508,3,,,1,41,,23509,3,,,1,80,,23510,3,,,1,81,,23511,3,,,1,40,,23512,3,,,1,80,,23513,3,,,1,82,,23514,3,,,1,82,,23515,3,,,1,42,,23516,3,,,1,83,,23517,3,,,1,84,,23518,3,,,1,44,,23519,3,,,1,84,,23520,3,,,1,84,,23521,3,,,1,84,,23522,3,,,1,43,,23523,3,,,1,84,,23524,3,,,1,84,,23525,3,,,1,84,,23526,3,,,1,41,,23527,3,,,1,80,,23528,3,,,1,80,,23529,3,,,1,40,,23530,3,,,1
4600,'CPSunday',805,,23531,3,,,1,40,,23532,3,,,1,80,,23533,3,,,1,80,,23534,3,,,1,40,,23535,3,,,1,80,,23536,3,,,1,80,,23537,3,,,1,40,,23538,3,,,1,82,,23539,3,,,1,82,,23540,3,,,1,42,,23541,3,,,1,83,,23542,3,,,1,82,,23543,3,,,1,42,,23544,3,,,1,82,,23545,3,,,1,82,,23546,3,,,1,82,,23547,3,,,1,44,,23548,3,,,1,84,,23549,3,,,1,83,,23550,3,,,1
4600,'CPWeekday',455,,23577,3,,,1,91,,23576,3,,,1,80,,23572,3,,,1,83,,23578,3,,,1,32,,23580,1,,,1,12,,23573,3,,,1,87,,23575,3,,,1,85,,23579,3,,,1,85,,23574,3,,,1,44,,23556,3,,,1,84,,23567,3,,,1,84,,23564,3,,,1,85,,23568,3,,,1,44,,23563,3,,,1,86,,23565,3,,,1,21,,23582,1,,,1,67,,23566,3,,,1,88,,23569,3,,,1,88,,23560,3,,,1,46,,23558,3,,,1,86,,23570,3,,,1,86,,23557,3,,,1,84,,23571,3,,,1,43,,23559,3,,,1,84,,23561,3,,,1,82,,23562,3,,,1,42,,23551,3,,,1,81,,23554,3,,,1,80,,23553,3,,,1,38,,23552,3,,,1,77,,23555,3,,,1
4900,'CPWeekday',921,,23969,13,4,,1,84,,23966,13,4,,1,44,,23967,13,4,,1,85,,23964,13,4,,1,86,,23965,13,4,,1,88,,23962,13,4,,1,48,,23963,13,4,,1,90,,23961,13,4,,1,88,,23956,13,4,,1
4901,'CPWeekday',934,,23994,1,0,24 18 25 14 13 26,1,85,,23995,1,0,24 18 25 14 13 26,1,85,,23993,1,0,24 18 25 14 13 26,1,45,,23992,1,0,24 18 25 14 13 26,1,86,,23990,1,0,24 18 25 14 13 26,1,86,,23991,1,0,24 18 25 14 13 26,1,86,,23989,1,0,24 18 25 14 13 26,1,48,,23988,1,0,24 18 25 14 13 26,1,88,,23982,1,0,24 18 25 14 13 26,1
