600,'CPHoliday1',815,,29991,42,,,1,42,,29992,42,,,1,81,,29993,42,,,1,84,,29994,42,,,1,82,,29995,42,,,1,45,,29996,42,,,1,87,,29997,42,,,1,86,,29998,42,,,1,89,,29999,42,,,1,48,,30000,42,,,1,87,,30001,42,,,1,89,,30002,42,,,1,88,,30003,42,,,1,87,,30004,42,,,1,43,,30005,42,,,1,82,,30006,42,,,1,81,,30007,42,,,1,41,,30008,42,,,1,79,,30009,42,,,1
600,'CPSaturday',543,,30010,42,,,1,79,,30011,42,,,1,78,,30012,42,,,1,39,,30013,42,,,1,82,,30014,42,,,1,81,,30015,42,,,1,42,,30016,42,,,1,82,,30017,42,,,1,88,,30018,42,,,1,44,,30019,42,,,1,85,,30020,42,,,1,87,,30021,42,,,1,86,,30022,42,,,1,84,,30023,42,,,1,44,,30024,42,,,1,85,,30025,42,,,1,85,,30026,42,,,1,44,,30027,42,,,1,83,,30028,42,,,1,84,,30029,42,,,1,84,,30030,42,,,1,42,,30031,42,,,1,83,,30032,42,,,1,83,,30033,42,,,1,40,,30034,42,,,1,80,,30035,42,,,1,80,,30036,42,,,1
600,'CPSunday',815,,30037,42,,,1,42,,30038,42,,,1,81,,30039,42,,,1,84,,30040,42,,,1,82,,30041,42,,,1,45,,30042,42,,,1,87,,30043,42,,,1,86,,30044,42,,,1,89,,30045,42,,,1,48,,30046,42,,,1,87,,30047,42,,,1,89,,30048,42,,,1,88,,30049,42,,,1,87,,30050,42,,,1,43,,30051,42,,,1,82,,30052,42,,,1,81,,30053,42,,,1,41,,30054,42,,,1,79,,30055,42,,,1
600,'CPWeekday',529,,30101,42,,,1,27,,30092,42,,,1,72,,30090,42,,,1,28,,30095,42,,,1,64,,30089,42,,,1,36,,30088,42,,,1,71,,30093,42,,,1,73,,30087,42,,,1,29,,30086,42,,,1,29,,30094,42,,,1,70,,30075,42,,,1,30,,30073,42,,,1,70,,30097,42,,,1,30,,30077,42,,,1,71,,30072,42,,,1,30,,30096,42,,,1,71,,30076,42,,,1,70,,30071,42,,,1,31,,30091,42,,,1,26,,30070,42,,,1,65,,30078,42,,,1,24,,30064,42,,,1,64,,30098,42,,,1,25,,30063,42,,,1,66,,30074,42,,,1,26,,30065,42,,,1,26,,30099,42,,,1,65,,30062,42,,,1,25,,30079,42,,,1,62,,30067,42,,,1,22,,30100,42,,,1,21,,30061,42,,,1,65,,30081,42,,,1,27,,30068,42,,,1,67,,30060,42,,,1,28,,30083,42,,,1,67,,30066,42,,,1,28,,30059,42,,,1,28,,30080,42,,,1,66,,30069,42,,,1,26,,30058,42,,,1,75,,30084,42,,,1,75,,30057,42,,,1,32,,30082,42,,,1,75,,30056,42,,,1,36,,30085,42,,,1
800,'CPSaturday',708,,30649,40,,,1,42,,30639,40,,,1,85,,30650,40,,,1,85,,30645,40,,,1,86,,30651,40,,,1,48,,30640,40,,,1,89,,30652,40,,,1,90,,30641,40,,,1,91,,30653,40,,,1,95,,30646,40,,,1,93,,30654,40,,,1,93,,30647,40,,,1,53,,30658,40,,,1,92,,30638,40,,,1,93,,30656,40,,,1,90,,30648,40,,,1,88,,30659,40,,,1,87,,30642,40,,,1,46,,30660,40,,,1,86,,30643,40,,,1,84,,30655,40,,,1,81,,30644,40,,,1,43,,30657,40,,,1
800,'CPWeekday',527,,30689,40,,,1,32,,30691,40,,,1,71,,30688,40,,,1,72,,30690,40,,,1,36,,30685,40,,,1,78,,30686,40,,,1,39,,30687,40,,,1,76,,30682,40,,,1,74,,30683,40,,,1,36,,30684,40,,,1,76,,30681,40,,,1,35,,30680,40,,,1,75,,30679,40,,,1,77,,30678,40,,,1,37,,30677,40,,,1,80,,30676,40,,,1,84,,30675,40,,,1,43,,30674,40,,,1,77,,30673,40,,,1,80,,30672,40,,,1,40,,30666,40,,,1,78,,30671,40,,,1,32,,30665,40,,,1,73,,30661,40,,,1,72,,30670,40,,,1,42,,30663,40,,,1,82,,30668,40,,,1,82,,30664,40,,,1,42,,30669,40,,,1,80,,30662,40,,,1,82,,30667,40,,,1
2600,'CPHoliday1',638,,33833,8,,,1,65,,33834,8,,,1,26,,33836,17,,,1,25,,33837,17,,,1,66,,33838,17,,,1,26,,33839,17,,,1,67,,33840,17,,,1,28,,33841,17,,,1,69,,33842,17,,,1,28,,33843,17,,,1,68,,33844,17,,,1,29,,33845,17,,,1,67,,33846,17,,,1,21,,33847,17,,,1,20,,33848,17,,,1,62,,33849,17,,,1,24,,33850,17,,,1,24,,33851,17,,,1,65,,33852,17,,,1,22,,33853,17,,,1,62,,33854,17,,,1,22,,33855,17,,,1,22,,33856,17,,,1,64,,33857,17,,,1,25,,33858,17,,,1,23,,33859,17,,,1,64,,33860,17,,,1,24,,33861,17,,,1,62,,33862,17,,,1,22,,33863,17,,,1,22,,33864,17,,,1,61,,33865,17,,,1,21,,33866,17,,,1,66,,33867,17,,,1,28,,33868,17,,,1,26,,33869,17,,,1,68,,33870,17,,,1,27,,33871,17,,,1,65,,33872,17,,,1,26,,33873,17,,,1,66,,33874,17,,,1,26,,33875,17,,,1,26,,33876,17,,,1,64,,33877,17,,,1,23,,33878,17,,,1,64,,33879,17,,,1
2600,'CPSaturday',450,,33880,17,,,1,60,,33881,17,,,1,21,,33882,17,,,1,20,,33883,17,,,1,64,,33884,17,,,1,22,,33885,17,,,1,22,,33886,17,,,1,63,,33887,17,,,1,22,,33888,17,,,1,63,,33889,17,,,1,22,,33890,17,,,1,22,,33891,17,,,1,65,,33892,17,,,1,24,,33893,17,,,1,65,,33894,17,,,1,25,,33895,17,,,1,18,,33896,17,,,1,59,,33897,17,,,1,19,,33898,17,,,1,20,,33899,17,,,1,60,,33900,17,,,1,19,,33901,17,,,1,18,,33902,17,,,1,58,,33903,17,,,1,16,,33904,17,,,1,16,,33905,17,,,1,16,,33906,17,,,1,56,,33907,17,,,1,14,,33908,17,,,1,14,,33909,17,,,1,14,,33910,17,,,1,54,,33911,17,,,1,14,,33912,17,,,1,14,,33913,17,,,1,14,,33914,17,,,1,14,,33915,17,,,1,54,,33916,17,,,1,14,,33917,17,,,1,14,,33918,17,,,1,15,,33919,17,,,1,55,,33920,17,,,1,14,,33921,17,,,1,15,,33922,17,,,1,15,,33923,17,,,1,54,,33924,17,,,1,14,,33925,17,,,1,14,,33926,17,,,1,14,,33927,17,,,1,52,,33928,17,,,1,12,,33929,17,,,1,12,,33930,17,,,1,16,,33931,17,,,1,63,,33932,17,,,1,24,,33933,17,,,1,24,,33934,17,,,1,63,,33935,17,,,1,20,,33936,17,,,1,18,,33937,17,,,1,57,,33938,17,,,1,17,,33939,17,,,1,18,,33940,17,,,1,62,,33941,17,,,1,24,,33942,17,,,1,24,,33943,17,,,1,66,,33944,17,,,1,28,,33945,17,,,1,65,,33946,17,,,1,22,,33947,17,,,1,20,,33948,17,,,1,59,,33949,17,,,1,20,,33950,17,0,32 44 34 35 36 37,1
2600,'CPSunday',638,,33951,8,,,1,65,,33952,8,,,1,26,,33954,17,,,1,25,,33955,17,,,1,66,,33956,17,,,1,26,,33957,17,,,1,67,,33958,17,,,1,28,,33959,17,,,1,69,,33960,17,,,1,28,,33961,17,,,1,68,,33962,17,,,1,29,,33963,17,,,1,67,,33964,17,,,1,21,,33965,17,,,1,20,,33966,17,,,1,62,,33967,17,,,1,24,,33968,17,,,1,24,,33969,17,,,1,65,,33970,17,,,1,22,,33971,17,,,1,62,,33972,17,,,1,22,,33973,17,,,1,22,,33974,17,,,1,64,,33975,17,,,1,25,,33976,17,,,1,23,,33977,17,,,1,64,,33978,17,,,1,24,,33979,17,,,1,62,,33980,17,,,1,22,,33981,17,,,1,22,,33982,17,,,1,61,,33983,17,,,1,21,,33984,17,,,1,66,,33985,17,,,1,28,,33986,17,,,1,26,,33987,17,,,1,68,,33988,17,,,1,27,,33989,17,,,1,65,,33990,17,,,1,26,,33991,17,,,1,66,,33992,17,,,1,26,,33993,17,,,1,26,,33994,17,,,1,64,,33995,17,,,1,23,,33996,17,,,1,64,,33997,17,,,1
37101,'CPWeekday',1403,,41801,28,,,1
