701,'CPHoliday1',2335,,16460,31,,,1
701,'CPSunday',2335,,16461,31,,,1
701,'CPWeekday',237,,16463,31,,,1,81,,16465,31,,,1,41,,16462,31,,,1,84,,16464,31,,,1
701,'MAHoliday1',436,,16503,31,,,1,80,,16502,31,,,1,22,,16504,31,,,1,62,,16493,31,,,1,22,,16512,31,,,1,23,,16494,31,,,1,64,,16492,31,,,1,23,,16491,31,,,1,24,,16507,31,,,1,63,,16490,31,,,1,23,,16516,31,,,1,64,,16495,31,,,1,23,,16483,31,,,1,24,,16482,31,,,1,63,,16506,31,,,1,23,,16486,31,,,1,63,,16515,31,,,1,24,,16496,31,,,1,24,,16477,31,,,1,66,,16475,31,,,1,25,,16508,31,,,1,62,,16474,31,,,1,19,,16485,31,,,1,19,,16514,31,,,1,61,,16497,31,,,1,20,,16478,31,,,1,23,,16473,31,,,1,63,,16505,31,,,1,23,,16469,31,,,1,23,,16487,31,,,1,60,,16513,31,,,1,19,,16498,31,,,1,20,,16476,31,,,1,62,,16470,31,,,1,23,,16509,31,,,1,63,,16468,31,,,1,23,,16484,31,,,1,23,,16518,31,,,1,62,,16501,31,,,1,21,,16479,31,,,1,20,,16471,31,,,1,61,,16510,31,,,1,21,,16467,31,,,1,21,,16488,31,,,1,61,,16517,31,,,1,22,,16500,31,,,1,21,,16480,31,,,1,59,,16472,31,,,1,20,,16511,31,,,1,19,,16466,31,,,1,60,,16489,31,,,1,40,,16499,31,,,1,59,,16481,31,,,1
701,'MASaturday',432,,16576,31,,,1,21,,16575,31,,,1,62,,16574,31,,,1,22,,16573,31,,,1,22,,16572,31,,,1,64,,16571,31,,,1,25,,16570,31,,,1,64,,16568,31,,,1,25,,16569,31,,,1,63,,16567,31,,,1,23,,16566,31,,,1,22,,16565,31,,,1,64,,16560,31,,,1,26,,16561,31,,,1,68,,16556,31,,,1,27,,16562,31,,,1,26,,16555,31,,,1,66,,16554,31,,,1,26,,16553,31,,,1,67,,16552,31,,,1,26,,16551,31,,,1,60,,16550,31,,,1,20,,16557,31,,,1,20,,16546,31,,,1,60,,16544,31,,,1,20,,16542,31,,,1,20,,16543,31,,,1,60,,16541,31,,,1,22,,16540,31,,,1,22,,16539,31,,,1,63,,16558,31,,,1,23,,16547,31,,,1,23,,16535,31,,,1,62,,16534,31,,,1,20,,16533,31,,,1,20,,16536,31,,,1,59,,16532,31,,,1,19,,16531,31,,,1,20,,16559,31,,,1,59,,16545,31,,,1,22,,16530,31,,,1,21,,16529,31,,,1,62,,16526,31,,,1,21,,16537,31,,,1,20,,16527,31,,,1,59,,16524,31,,,1,19,,16564,31,,,1,19,,16549,31,,,1,58,,16523,31,,,1,19,,16522,31,,,1,19,,16521,31,,,1,59,,16538,31,,,1,19,,16528,31,,,1,19,,16520,31,,,1,58,,16563,31,,,1,19,,16548,31,,,1,19,,16525,31,,,1,57,,16519,31,,,1,18,,16577,31,,,1
701,'MASunday',436,,16615,31,,,1,80,,16614,31,,,1,22,,16616,31,,,1,62,,16605,31,,,1,22,,16624,31,,,1,23,,16606,31,,,1,64,,16604,31,,,1,23,,16603,31,,,1,24,,16619,31,,,1,63,,16602,31,,,1,23,,16628,31,,,1,64,,16607,31,,,1,23,,16595,31,,,1,24,,16594,31,,,1,63,,16618,31,,,1,23,,16598,31,,,1,63,,16627,31,,,1,24,,16608,31,,,1,24,,16589,31,,,1,66,,16587,31,,,1,25,,16620,31,,,1,62,,16586,31,,,1,19,,16597,31,,,1,19,,16626,31,,,1,61,,16609,31,,,1,20,,16590,31,,,1,23,,16585,31,,,1,63,,16617,31,,,1,23,,16581,31,,,1,23,,16599,31,,,1,60,,16625,31,,,1,19,,16610,31,,,1,20,,16588,31,,,1,62,,16582,31,,,1,23,,16621,31,,,1,63,,16580,31,,,1,23,,16596,31,,,1,23,,16630,31,,,1,62,,16613,31,,,1,21,,16591,31,,,1,20,,16583,31,,,1,61,,16622,31,,,1,21,,16579,31,,,1,21,,16600,31,,,1,61,,16629,31,,,1,22,,16612,31,,,1,21,,16592,31,,,1,59,,16584,31,,,1,20,,16623,31,,,1,19,,16578,31,,,1,60,,16601,31,,,1,40,,16611,31,,,1,59,,16593,31,,,1
701,'MAWeekday',508,,16631,31,,,1,21,,16632,31,,,1,19,,16633,31,,,1,59,,16634,31,,,1,20,,16635,31,,,1,23,,16636,31,,,1,63,,16637,31,,,1,24,,16638,31,,,1,66,,16639,31,,,1,27,,16640,31,,,1,26,,16641,31,,,1,59,,16642,31,,,1,20,,16643,31,,,1,22,,16644,31,,,1,63,,16645,31,,,1,23,,16646,31,,,1,66,,16647,31,,,1,30,,16648,31,,,1,70,,16649,31,,,1,25,,16650,31,,,1,67,,16651,31,,,1,25,,16652,31,,,1,25,,16653,31,,,1,65,,16654,31,,,1,23,,16655,31,,,1,64,,16656,31,,,1,25,,16657,31,,,1,24,,16658,31,,,1,67,,16659,31,,,1,25,,16660,31,,,1,66,,16661,31,,,1,26,,16662,31,,,1,64,,16663,31,,,1,24,,16664,31,,,1,25,,16665,31,,,1,64,,16666,31,,,1,23,,16667,31,,,1,64,,16668,31,,,1,21,,16669,31,,,1,26,,16670,31,,,1,65,,16671,31,,,1,24,,16672,31,,,1,65,,16673,31,,,1,33,,16674,31,,,1,73,,16675,31,,,1,32,,16676,31,,,1,76,,16677,31,,,1,32,,16678,31,,,1,74,,16679,31,,,1,31,,16680,31,,,1
3901,'CPHoliday1',708,,22319,5,,,1,40,,22314,5,,,1,80,,22308,5,,,1,80,,22305,5,,,1,42,,22320,5,,,1,82,,22317,5,,,1,84,,22309,5,,,1,85,,22304,5,,,1,45,,22321,5,,,1,85,,22315,5,,,1,85,,22310,5,,,1,85,,22303,5,,,1,45,,22322,5,,,1,86,,22316,5,,,1,85,,22311,5,,,1,85,,22302,5,,,1,45,,22323,5,,,1,83,,22312,5,,,1,82,,22307,5,,,1,42,,22301,5,,,1,80,,22318,5,,,1,80,,22313,5,,,1,36,,22306,5,,,1,70,,22300,5,,,1
3901,'CPSaturday',851,,22329,5,,,1,68,,22328,5,,,1,220,,22330,5,,,1,68,,22327,5,,,1,229,,22331,5,,,1,70,,22326,5,,,1,230,,22332,5,,,1,70,,22325,5,,,1,227,,22333,5,,,1,26,,22324,5,,,1
3901,'CPSunday',708,,22353,5,,,1,40,,22348,5,,,1,80,,22342,5,,,1,80,,22339,5,,,1,42,,22354,5,,,1,82,,22351,5,,,1,84,,22343,5,,,1,85,,22338,5,,,1,45,,22355,5,,,1,85,,22349,5,,,1,85,,22344,5,,,1,85,,22337,5,,,1,45,,22356,5,,,1,86,,22350,5,,,1,85,,22345,5,,,1,85,,22336,5,,,1,45,,22357,5,,,1,83,,22346,5,,,1,82,,22341,5,,,1,42,,22335,5,,,1,80,,22352,5,,,1,80,,22347,5,,,1,36,,22340,5,,,1,70,,22334,5,,,1
3901,'MASaturday',705,,22378,5,,,1,26,,22374,5,,,1,26,,22373,5,,,1,66,,22367,5,,,1,124,,22375,5,,,1,68,,22370,5,,,1,28,,22366,5,,,1,68,,22364,5,,,1,124,,22376,5,,,1,70,,22371,5,,,1,31,,22362,5,,,1,70,,22358,5,,,1,130,,22377,5,,,1,70,,22368,5,,,1,30,,22363,5,,,1,70,,22359,5,,,1,130,,22379,5,,,1,70,,22369,5,,,1,29,,22361,5,,,1,70,,22360,5,,,1,120,,22380,5,,,1,24,,22372,5,,,1,60,,22365,5,,,1
3901,'MAWeekday',438,,22381,5,,,1,15,,22382,5,,,1,55,,22383,5,,,1,15,,22384,5,,,1,16,,22385,5,,,1,18,,22386,5,,,1,60,,22387,5,,,1,21,,22388,5,,,1,64,,22389,5,,,1,24,,22390,5,,,1,23,,22391,5,,,1,60,,22392,5,,,1,19,,22393,5,,,1,19,,22394,5,,,1,62,,22395,5,,,1,24,,22396,5,,,1,76,,22397,5,,,1,36,,22398,5,,,1,75,,22399,5,,,1,36,,22400,5,,,1,76,,22401,5,,,1,75,,22402,5,,,1,36,,22403,5,,,1,61,,22404,5,,,1,22,,22405,5,,,1,20,,22406,5,,,1,61,,22407,5,,,1,21,,22408,5,,,1,21,,22409,5,,,1,62,,22410,5,,,1,22,,22411,5,,,1,22,,22412,5,,,1,59,,22413,5,,,1,17,,22414,5,,,1,18,,22415,5,,,1,59,,22416,5,,,1,20,,22417,5,,,1,19,,22418,5,,,1,62,,22419,5,,,1,22,,22420,5,,,1,23,,22421,5,,,1,72,,22422,5,,,1,79,,22423,5,,,1,39,,22424,5,,,1,78,,22425,5,,,1,78,,22426,5,,,1,38,,22427,5,,,1,78,,22428,5,,,1,38,,22429,5,,,1
4300,'CPWeekday',453,,22973,6,,,1,80,,22980,6,,,1,80,,22976,6,,,1,40,,22978,6,,,1,80,,22974,6,,,1,80,,22981,6,,,1,40,,22977,6,,,1,80,,22979,6,,,1,80,,22975,6,,,1
