'25SE01-CPBlock-Holiday1-14',300,74800,4,'',1,6500,4,'',1,2600,4,'',1,6500,4,'',1,2500,4,'',1,2500,4,'',1,6500,4,'',1,2400,4,'',1,6500,4,'',1,2600,4,'',1,6700,4,'',1,2700,4,'',1,2600,4,'',1,6700,4,'',1,2900,4,'',1,6800,4,'',1,2800,4,'',1,6800,4,'',1,2800,4,'',1,6800,4,'',1,2800,4,'',1,6800,4,'',1,2600,4,'',1,6800,4,'',1,2800,4,'',1,2900,4,'',1,6800,4,'',1,2600,4,'',1,6400,4,'',1,2500,4,'',1,6400,4,'',1,2500,4,'',1,2600,4,'',1,6300,4,'',1,2300,4,'',1,6300,4,'',1,2200,4,'',1
'25SE01-CPBlock-Holiday1-14',301,73300,,'',1,2500,,'',1,6500,,'',1,2500,,'',1,6500,,'',1,2500,,'',1,6500,,'',1,2500,,'',1,2500,,'',1,6500,,'',1,2500,,'',1,6600,,'',1,2600,,'',1,6800,,'',1,2800,,'',1,2800,,'',1,6800,,'',1,2800,,'',1,6800,,'',1,2800,,'',1,6800,,'',1,2800,,'',1,6800,,'',1,2800,,'',1,6800,,'',1,2800,,'',1,6800,,'',1,2800,,'',1,6600,,'',1,2600,,'',1,2600,,'',1,6400,,'',1,2400,,'',1,6400,,'',1,2400,,'',1,2400,,'',1,6400,,'',1,2400,,'',1
'25SE01-CPBlock-Holiday1-15',300,74800,4,'',1,6500,4,'',1,2600,4,'',1,6500,4,'',1,2500,4,'',1,2500,4,'',1,6500,4,'',1,2400,4,'',1,6500,4,'',1,2600,4,'',1,6700,4,'',1,2700,4,'',1,2600,4,'',1,6700,4,'',1,2900,4,'',1,6800,4,'',1,2800,4,'',1,6800,4,'',1,2800,4,'',1,6800,4,'',1,2800,4,'',1,6800,4,'',1,2600,4,'',1,6800,4,'',1,2800,4,'',1,2900,4,'',1,6800,4,'',1,2600,4,'',1,6400,4,'',1,2500,4,'',1,6400,4,'',1,2500,4,'',1,2600,4,'',1,6300,4,'',1,2300,4,'',1,6300,4,'',1,2200,4,'',1
'25SE01-CPBlock-Holiday1-15',301,73300,,'',1,2500,,'',1,6500,,'',1,2500,,'',1,6500,,'',1,2500,,'',1,6500,,'',1,2500,,'',1,2500,,'',1,6500,,'',1,2500,,'',1,6600,,'',1,2600,,'',1,6800,,'',1,2800,,'',1,2800,,'',1,6800,,'',1,2800,,'',1,6800,,'',1,2800,,'',1,6800,,'',1,2800,,'',1,6800,,'',1,2800,,'',1,6800,,'',1,2800,,'',1,6800,,'',1,2800,,'',1,6600,,'',1,2600,,'',1,2600,,'',1,6400,,'',1,2400,,'',1,6400,,'',1,2400,,'',1,2400,,'',1,6400,,'',1,2400,,'',1
'25SE01-CPBlock-Saturday-12',300,54500,4,'',1,7000,4,'',1,3000,4,'',1,7300,4,'',1,3500,4,'',1,7300,4,'',1,3300,4,'',1,6300,4,'',1,2300,4,'',1,6800,4,'',1,2900,4,'',1,6900,4,'',1,2800,4,'',1,6800,4,'',1,2900,4,'',1,6900,4,'',1,2800,4,'',1,6800,4,'',1,2900,4,'',1,2800,4,'',1,6800,4,'',1,2900,4,'',1,6800,4,'',1,3000,4,'',1,6900,4,'',1,3000,4,'',1,6900,4,'',1,2800,4,'',1,6800,4,'',1,2600,4,'',1,6700,4,'',1,2800,4,'',1,6600,4,'',1,2600,4,'',1,2600,4,'',1,6700,4,'',1,2900,4,'',1,6900,4,'',1,3300,4,'',1,7400,4,'',1,2900,4,'',1,7000,4,'',1,3000,4,'',1
'25SE01-CPBlock-Saturday-12',301,52500,,'',1,3000,,'',1,7200,,'',1,3200,,'',1,7200,,'',1,7200,,'',1,3200,,'',1,7200,,'',1,2500,,'',1,2500,,'',1,6800,,'',1,2800,,'',1,6800,,'',1,2800,,'',1,6800,,'',1,2800,,'',1,6800,,'',1,2800,,'',1,6800,,'',1,2800,,'',1,6800,,'',1,2800,,'',1,7000,,'',1,3000,,'',1,7000,,'',1,3000,,'',1,7000,,'',1,3000,,'',1,6800,,'',1,2800,,'',1,2600,,'',1,6600,,'',1,2600,,'',1,6600,,'',1,2600,,'',1,6600,,'',1,2800,,'',1,7000,,'',1,3000,,'',1,7200,,'',1,3200,,'',1,7000,,'',1,3000,,'',1,7000,,'',1
'25SE01-CPBlock-Sunday-13',300,74800,4,'',1,6500,4,'',1,2600,4,'',1,6500,4,'',1,2500,4,'',1,2500,4,'',1,6500,4,'',1,2400,4,'',1,6500,4,'',1,2600,4,'',1,6700,4,'',1,2700,4,'',1,2600,4,'',1,6700,4,'',1,2900,4,'',1,6800,4,'',1,2800,4,'',1,6800,4,'',1,2800,4,'',1,6800,4,'',1,2800,4,'',1,6800,4,'',1,2600,4,'',1,6800,4,'',1,2800,4,'',1,2900,4,'',1,6800,4,'',1,2600,4,'',1,6400,4,'',1,2500,4,'',1,6400,4,'',1,2500,4,'',1,2600,4,'',1,6300,4,'',1,2300,4,'',1,6300,4,'',1,2200,4,'',1
'25SE01-CPBlock-Sunday-13',301,73300,,'',1,2500,,'',1,6500,,'',1,2500,,'',1,6500,,'',1,2500,,'',1,6500,,'',1,2500,,'',1,2500,,'',1,6500,,'',1,2500,,'',1,6600,,'',1,2600,,'',1,6800,,'',1,2800,,'',1,2800,,'',1,6800,,'',1,2800,,'',1,6800,,'',1,2800,,'',1,6800,,'',1,2800,,'',1,6800,,'',1,2800,,'',1,6800,,'',1,2800,,'',1,6800,,'',1,2800,,'',1,6600,,'',1,2600,,'',1,2600,,'',1,6400,,'',1,2400,,'',1,6400,,'',1,2400,,'',1,2400,,'',1,6400,,'',1,2400,,'',1
'25SE01-CPBlock-Weekday-11',300,23100,4,'',1,2800,4,'',1,7100,4,'',1,2900,4,'',1,7000,4,'',1,3000,4,'',1,5600,4,'',1,1800,4,'',1,1800,4,'',1,800,4,'',1,5000,4,'',1,800,4,'',1,900,4,'',1,800,4,'',1,900,4,'',1,800,4,'',1,800,4,'',1,5100,4,'',1,1100,4,'',1,1000,4,'',1,1100,4,'',1,800,4,'',1,800,4,'',1,4800,4,'',1,1100,4,'',1,800,4,'',1,1000,4,'',1,900,4,'',1,900,4,'',1,4900,4,'',1,900,4,'',1,1000,4,'',1,1000,4,'',1,900,4,'',1,1000,4,'',1,5000,4,'',1,1200,4,'',1,1200,4,'',1,1900,4,'',1,5900,4,'',1,1900,4,'',1,2000,4,'',1,5900,4,'',1,1800,4,'',1,1800,4,'',1,1800,4,'',1,5800,4,'',1,2000,4,'',1,2000,4,'',1,6000,4,'',1,2000,4,'',1,2000,4,'',1,5900,4,'',1,1800,4,'',1,2000,4,'',1,5600,4,'',1,1600,4,'',1,1400,4,'',1,1400,4,'',1,5600,4,'',1,1800,4,'',1,2000,4,'',1,5800,4,'',1,1800,4,'',1,1700,4,'',1,1800,4,'',1,5500,4,'',1,1500,4,'',1,1100,4,'',1,1100,4,'',1,1200,4,'',1,5500,4,'',1,1400,4,'',1,1700,4,'',1,6500,4,'',1,2800,4,'',1,7200,4,'',1,3000,4,'',1,7100,4,'',1,3000,4,'',1,7200,4,'',1,2800,4,'',1,6800,4,'',1,2600,4,'',1,6800,4,'',1
'25SE01-CPBlock-Weekday-11',301,24100,,'',1,7000,,'',1,3000,,'',1,7000,,'',1,3000,,'',1,7000,,'',1,1600,,'',1,1600,,'',1,1600,,'',1,5600,,'',1,1400,,'',1,1400,,'',1,1400,,'',1,5600,,'',1,1800,,'',1,1800,,'',1,5800,,'',1,1800,,'',1,1800,,'',1,5800,,'',1,1800,,'',1,1900,,'',1,1900,,'',1,5800,,'',1,1800,,'',1,1800,,'',1,5900,,'',1,1900,,'',1,1900,,'',1,5900,,'',1,1900,,'',1,1900,,'',1,5900,,'',1,1900,,'',1,2000,,'',1,6000,,'',1,700,,'',1,300,,'',1,1000,,'',1,1000,,'',1,1000,,'',1,1000,,'',1,4800,,'',1,800,,'',1,1000,,'',1,1000,,'',1,1000,,'',1,1000,,'',1,1000,,'',1,5000,,'',1,800,,'',1,800,,'',1,800,,'',1,1000,,'',1,1000,,'',1,4800,,'',1,800,,'',1,900,,'',1,900,,'',1,800,,'',1,800,,'',1,800,,'',1,800,,'',1,5000,,'',1,1000,,'',1,1000,,'',1,800,,'',1,800,,'',1,800,,'',1,4800,,'',1,800,,'',1,1000,,'',1,1200,,'',1,1200,,'',1,1200,,'',1,5200,,'',1,1500,,'',1,1500,,'',1,1500,,'',1,6400,,'',1,3200,,'',1,7200,,'',1,3200,,'',1,7000,,'',1,3000,,'',1,7000,,'',1,3000,,'',1,6800,,'',1,2600,,'',1,6600,,'',1
'25SE01-CPBlock-Weekday-11',30701,71200,,'',1
