501,'MAHoliday1',751,,1902,,,1,68,,1903,,,1,29,,1904,,,1,70,,1905,,,1,33,,1906,,,1,72,,1907,,,1,32,,1908,,,1,72,,1909,,,1,32,,1910,,,1,73,,1911,,,1,74,,1912,,,1,34,,1913,,,1,73,,1914,,,1,34,,1915,,,1,74,,1916,,,1,34,,1917,,,1,73,,1918,,,1,74,,1919,,,1,32,,1920,,,1,71,,1921,,,1,32,,1922,,,1,72,,1923,,,1,32,,1924,,,1,69,,1925,,,1,32,,1926,,,1,68,,1927,,,1,29,,1928,,,1,70,,1929,,,1,26,,1930,,,1
501,'MASaturday',609,,1931,,,1,28,,1932,,,1,67,,1933,,,1,28,,1934,,,1,70,,1935,,,1,28,,1936,,,1,28,,1937,,,1,71,,1938,,,1,22,,1939,,,1,60,,1940,,,1,24,,1941,,,1,68,,1942,,,1,27,,1943,,,1,28,,1944,,,1,70,,1945,,,1,28,,1946,,,1,68,,1947,,,1,28,,1948,,,1,68,,1949,,,1,28,,1950,,,1,68,,1951,,,1,28,,1952,,,1,68,,1953,,,1,28,,1954,,,1,67,,1955,,,1,26,,1956,,,1,68,,1957,,,1,28,,1958,,,1,28,,1959,,,1,65,,1960,,,1,26,,1961,,,1,66,,1962,,,1,25,,1963,,,1,64,,1964,,,1,23,,1965,,,1,22,,1966,,,1,64,,1967,,,1,22,,1968,,,1,74,,1969,,,1,35,,1970,,,1,77,,1971,,,1,36,,1972,,,1,76,,1973,,,1
501,'MASunday',751,,1974,,,1,68,,1975,,,1,29,,1976,,,1,70,,1977,,,1,33,,1978,,,1,72,,1979,,,1,32,,1980,,,1,72,,1981,,,1,32,,1982,,,1,73,,1983,,,1,74,,1984,,,1,34,,1985,,,1,73,,1986,,,1,34,,1987,,,1,74,,1988,,,1,34,,1989,,,1,73,,1990,,,1,74,,1991,,,1,32,,1992,,,1,71,,1993,,,1,32,,1994,,,1,72,,1995,,,1,32,,1996,,,1,69,,1997,,,1,32,,1998,,,1,68,,1999,,,1,29,,2000,,,1,70,,2001,,,1,26,,2002,,,1
501,'MAWeekday',441,,2004,,,1,70,,2007,,,1,35,,2003,,,1,13,,2015,,,1,55,,2019,,,1,17,,2005,,,1,14,,2032,,,1,55,,2006,,,1,15,,2014,,,1,15,,2011,,,1,17,,2024,,,1,55,,2030,,,1,15,,2009,,,1,16,,2021,,,1,14,,2013,,,1,54,,2010,,,1,15,,2031,,,1,15,,2008,,,1,14,,2020,,,1,14,,2016,,,1,69,,2033,,,1,30,,2022,,,1,69,,2018,,,1,29,,2017,,,1,71,,2012,,,1,30,,2034,,,1,68,,2023,,,1,29,,2025,,,1,72,,2028,,,1,32,,2026,,,1,70,,2039,,,1,30,,2029,,,1,73,,2027,,,1,27,,2035,,,1,55,,2041,,,1,15,,2038,,,1,15,,2047,,,1,15,,2036,,,1,55,,2053,,,1,15,,2045,,,1,15,,2037,,,1,15,,2048,,,1,55,,2042,,,1,14,,2057,,,1,12,,2043,,,1,13,,2046,,,1,53,,2040,,,1,17,,2051,,,1,18,,2054,,,1,60,,2044,,,1,18,,2049,,,1,18,,2059,,,1,19,,2052,,,1,59,,2050,,,1,19,,2056,,,1,20,,2055,,,1,81,,2060,,,1,81,,2058,,,1,39,,2061,,,1,79,,2062,,,1,79,,2063,,,1
2300,'CPHoliday1',816,,5460,,,1,29,,5461,,,1,68,,5462,,,1,28,,5463,,,1,69,,5464,,,1,29,,5465,,,1,20,,5466,,,1,60,,5467,,,1,23,,5468,,,1,65,,5469,,,1,24,,5470,,,1,25,,5471,,,1,64,,5472,,,1,25,,5473,,,1,64,,5474,,,1,24,,5475,,,1,24,,5476,,,1,66,,5477,,,1,25,,5478,,,1,65,,5479,,,1,25,,5480,,,1,65,,5481,,,1,23,,5482,,,1,24,,5483,,,1,63,,5484,,,1,24,,5485,,,1,65,,5486,,,1,25,,5452,,,1,28,,5453,,,1,72,,5454,,,1,31,,5455,,,1,72,,5456,,,1,29,,5457,,,1,70,,5458,,,1,30,,5459,,,1
2300,'CPSaturday',544,,5487,,,1,66,,5488,,,1,29,,5489,,,1,69,,5490,,,1,28,,5491,,,1,68,,5492,,,1,28,,5493,,,1,69,,5494,,,1,29,,5495,,,1,29,,5496,,,1,69,,5497,,,1,22,,5498,,,1,67,,5499,,,1,24,,5500,,,1,65,,5501,,,1,24,,5502,,,1,24,,5503,,,1,67,,5504,,,1,26,,5505,,,1,66,,5506,,,1,26,,5507,,,1,66,,5508,,,1,26,,5509,,,1,26,,5510,,,1,66,,5511,,,1,25,,5512,,,1,65,,5513,,,1,25,,5514,,,1,65,,5515,,,1,25,,5516,,,1,25,,5517,,,1,65,,5518,,,1,24,,5519,,,1,65,,5520,,,1,30,,5521,,,1,69,,5522,,,1,29,,5523,,,1,70,,5524,,,1,28,,5525,,,1,68,,5526,,,1,26,,5527,,,1,26,,5528,,,1,65,,5529,,,1,25,,5530,,,1,64,,5531,,,1
2300,'CPSunday',816,,5540,,,1,29,,5541,,,1,68,,5542,,,1,28,,5543,,,1,69,,5544,,,1,29,,5545,,,1,20,,5546,,,1,60,,5547,,,1,23,,5548,,,1,65,,5549,,,1,24,,5550,,,1,25,,5551,,,1,64,,5552,,,1,25,,5553,,,1,64,,5554,,,1,24,,5555,,,1,24,,5556,,,1,66,,5557,,,1,25,,5558,,,1,65,,5559,,,1,25,,5560,,,1,65,,5561,,,1,23,,5562,,,1,24,,5563,,,1,63,,5564,,,1,24,,5565,,,1,65,,5566,,,1,25,,5532,,,1,28,,5533,,,1,72,,5534,,,1,31,,5535,,,1,72,,5536,,,1,29,,5537,,,1,70,,5538,,,1,30,,5539,,,1
2300,'CPWeekday',449,,5609,,,1,62,,5592,,,1,20,,5590,,,1,21,,5589,,,1,62,,5606,,,1,23,,5593,,,1,63,,5588,,,1,27,,5577,,,1,24,,5607,,,1,64,,5594,,,1,27,,5575,,,1,65,,5574,,,1,26,,5608,,,1,26,,5595,,,1,67,,5578,,,1,26,,5573,,,1,64,,5610,,,1,23,,5591,,,1,65,,5576,,,1,26,,5572,,,1,26,,5614,,,1,65,,5599,,,1,27,,5580,,,1,66,,5571,,,1,26,,5612,,,1,67,,5602,,,1,27,,5582,,,1,66,,5570,,,1,26,,5611,,,1,29,,5600,,,1,68,,5581,,,1,28,,5569,,,1,65,,5613,,,1,28,,5603,,,1,65,,5579,,,1,28,,5568,,,1,75,,5601,,,1,30,,5583,,,1,70,,5567,,,1,30,,5604,,,1,75,,5584,,,1,42,,5598,,,1,83,,5585,,,1,79,,5596,,,1,35,,5586,,,1,76,,5597,,,1,74,,5587,,,1,34,,5605,,,1
3101,'CPHoliday1',712,,7050,,,1,100,,7051,,,1,30,,7052,,,1,70,,7053,,,1,30,,7054,,,1,70,,7055,,,1,30,,7056,,,1,70,,7057,,,1,30,,7058,,,1,70,,7059,,,1,30,,7060,,,1,70,,7061,,,1,28,,7062,,,1,72,,7063,,,1,30,,7064,,,1,70,,7065,,,1,33,,7066,,,1,70,,7067,,,1,30,,7068,,,1,70,,7069,,,1,30,,7070,,,1,70,,7071,,,1,30,,7072,,,1,70,,7073,,,1,30,,7074,,,1,70,,7075,,,1,30,,7076,,,1,70,,7077,,,1,30,,7078,,,1,70,,7079,,,1
3101,'CPSaturday',603,,7080,,,1,100,,7081,,,1,107,,7082,,,1,34,,7083,,,1,68,,7084,,,1,30,,7085,,,1,71,,7086,,,1,26,,7087,,,1,68,,7088,,,1,35,,7089,,,1,70,,7090,,,1,30,,7091,,,1,70,,7092,,,1,30,,7093,,,1,70,,7094,,,1,30,,7095,,,1,71,,7096,,,1,32,,7097,,,1,70,,7098,,,1,30,,7099,,,1,70,,7100,,,1,30,,7101,,,1,70,,7102,,,1,30,,7103,,,1,70,,7104,,,1,30,,7105,,,1,70,,7106,,,1,30,,7107,,,1,70,,7108,,,1,30,,7109,,,1,70,,7110,,,1,32,,7111,,,1,60,,7112,,,1
3101,'CPSunday',712,,7113,,,1,100,,7114,,,1,30,,7115,,,1,70,,7116,,,1,30,,7117,,,1,70,,7118,,,1,30,,7119,,,1,70,,7120,,,1,30,,7121,,,1,70,,7122,,,1,30,,7123,,,1,70,,7124,,,1,28,,7125,,,1,72,,7126,,,1,30,,7127,,,1,70,,7128,,,1,33,,7129,,,1,70,,7130,,,1,30,,7131,,,1,70,,7132,,,1,30,,7133,,,1,70,,7134,,,1,30,,7135,,,1,70,,7136,,,1,30,,7137,,,1,70,,7138,,,1,30,,7139,,,1,70,,7140,,,1,30,,7141,,,1,70,,7142,,,1
3101,'CPWeekday',427,,7143,,,1,30,,7144,,,1,70,,7145,,,1,30,,7146,,,1,70,,7147,,,1,32,,7148,,,1,66,,7149,,,1,18,,7150,,,1,58,,7151,,,1,28,,7152,,,1,16,,7153,,,1,63,,7154,,,1,23,,7155,,,1,74,,7156,,,1,30,,7157,,,1,70,,7158,,,1,30,,7159,,,1,70,,7160,,,1,30,,7161,,,1,70,,7162,,,1,30,,7163,,,1,70,,7164,,,1,30,,7165,,,1,70,,7166,,,1,20,,7167,,,1,20,,7168,,,1,60,,7169,,,1,23,,7170,,,1,19,,7171,,,1,58,,7172,,,1,23,,7173,,,1,17,,7174,,,1,60,,7175,,,1,19,,7176,,,1,23,,7177,,,1,58,,7178,,,1,32,,7179,,,1,72,,7180,,,1,30,,7181,,,1,70,,7182,,,1,30,,7183,,,1,70,,7184,,,1,30,,7185,,,1,70,,7186,,,1,30,,7187,,,1,70,,7188,,,1,30,,7189,,,1,70,,7190,,,1,30,,7191,,,1,70,,7192,,,1
