801,'CPSaturday',554,,2862,1,,,1,81,,2856,1,,,1,81,,2863,1,,,1,41,,2851,1,,,1,85,,2864,1,,,1,85,,2854,1,,,1,86,,2865,1,,,1,89,,2853,1,,,1,50,,2866,1,,,1,91,,2860,1,,,1,91,,2867,1,,,1,93,,2852,1,,,1,93,,2861,1,,,1,93,,2857,1,,,1,93,,2869,1,,,1,53,,2850,1,,,1,92,,2871,1,,,1,90,,2859,1,,,1,89,,2872,1,,,1,86,,2855,1,,,1,86,,2868,1,,,1,46,,2858,1,,,1,87,,2870,1,,,1
801,'CPWeekday',535,,2907,1,,,1,71,,2906,1,,,1,33,,2902,1,,,1,72,,2905,1,,,1,14,,2873,1,,,1,12,,2875,1,,,1,3,,2876,1,,,1,60,,2904,1,,,1,25,,2903,1,,,1,78,,2901,1,,,1,37,,2900,1,,,1,78,,2898,1,,,1,34,,2899,1,,,1,75,,2897,1,,,1,75,,2895,1,,,1,35,,2896,1,,,1,75,,2894,1,,,1,38,,2893,1,,,1,57,,2877,1,,,1,21,,2874,1,,,1,2,,2892,1,,,1,84,,2891,1,,,1,43,,2890,1,,,1,79,,2886,1,,,1,79,,2884,1,,,1,39,,2883,1,,,1,77,,2888,1,,,1,73,,2879,1,,,1,33,,2878,1,,,1,73,,2885,1,,,1,40,,2880,1,,,1,81,,2889,1,,,1,82,,2882,1,,,1,42,,2887,1,,,1,83,,2881,1,,,1
901,'CPHoliday1',612,,3070,1,,,1,45,,3069,1,,,1,86,,3068,1,,,1,89,,3067,1,,,1,89,,3061,1,,,1,89,,3060,1,,,1,48,,3066,1,,,1,77,,3057,1,,,1,76,,3055,1,,,1,36,,3065,1,,,1,76,,3058,1,,,1,36,,3059,1,,,1,77,,3062,1,,,1,78,,3050,1,,,1,38,,3051,1,,,1,77,,3064,1,,,1,77,,3049,1,,,1,37,,3053,1,,,1,77,,3063,1,,,1,39,,3048,1,,,1,87,,3052,1,,,1,94,,3047,1,,,1,90,,3054,1,,,1,90,,3046,1,,,1,90,,3056,1,,,1
901,'CPSaturday',602,,3104,1,,,1,30,,3105,1,,,1,71,,3103,1,,,1,31,,3101,1,,,1,73,,3102,1,,,1,34,,3090,1,,,1,74,,3098,1,,,1,35,,3089,1,,,1,73,,3081,1,,,1,35,,3092,1,,,1,76,,3085,1,,,1,77,,3078,1,,,1,37,,3093,1,,,1,77,,3084,1,,,1,77,,3077,1,,,1,40,,3094,1,,,1,79,,3086,1,,,1,38,,3076,1,,,1,78,,3095,1,,,1,79,,3087,1,,,1,37,,3075,1,,,1,77,,3096,1,,,1,75,,3079,1,,,1,35,,3074,1,,,1,75,,3097,1,,,1,35,,3082,1,,,1,75,,3073,1,,,1,34,,3099,1,,,1,74,,3080,1,,,1,73,,3072,1,,,1,34,,3091,1,,,1,74,,3083,1,,,1,30,,3071,1,,,1,67,,3100,1,,,1,27,,3088,1,,,1
901,'CPSunday',612,,3130,1,,,1,45,,3129,1,,,1,86,,3128,1,,,1,89,,3127,1,,,1,89,,3121,1,,,1,89,,3120,1,,,1,48,,3126,1,,,1,77,,3117,1,,,1,76,,3115,1,,,1,36,,3125,1,,,1,76,,3118,1,,,1,36,,3119,1,,,1,77,,3122,1,,,1,78,,3110,1,,,1,38,,3111,1,,,1,77,,3124,1,,,1,77,,3109,1,,,1,37,,3113,1,,,1,77,,3123,1,,,1,39,,3108,1,,,1,87,,3112,1,,,1,94,,3107,1,,,1,90,,3114,1,,,1,90,,3106,1,,,1,90,,3116,1,,,1
901,'CPWeekday',500,,3175,1,,,1,26,,3176,1,,,1,22,,3177,1,,,1,61,,3178,1,,,1,21,,3179,1,,,1,21,,3169,1,,,1,61,,3171,1,,,1,23,,3173,1,,,1,67,,3172,1,,,1,25,,3174,1,,,1,25,,3170,1,,,1,65,,3164,1,,,1,25,,3167,1,,,1,65,,3166,1,,,1,20,,3168,1,,,1,19,,3163,1,,,1,69,,3165,1,,,1,30,,3161,1,,,1,70,,3162,1,,,1,30,,3159,1,,,1,69,,3160,1,,,1,28,,3158,1,,,1,59,,3157,1,,,1,19,,3156,1,,,1,27,,3155,1,,,1,70,,3154,1,,,1,30,,3153,1,,,1,68,,3152,1,,,1,22,,3151,1,,,1,63,,3150,1,,,1,28,,3149,1,,,1,28,,3148,1,,,1,68,,3147,1,,,1,24,,3141,1,,,1,65,,3142,1,,,1,29,,3138,1,,,1,69,,3137,1,,,1,29,,3136,1,,,1,72,,3143,1,,,1,29,,3139,1,,,1,67,,3133,1,,,1,27,,3132,1,,,1,67,,3144,1,,,1,25,,3140,1,,,1,27,,3134,1,,,1,66,,3131,1,,,1,27,,3145,1,,,1,84,,3135,1,,,1,84,,3146,1,,,1
1000,'CPHoliday1',751,,3207,1,,,1,70,,3206,1,,,1,30,,3205,1,,,1,73,,3204,1,,,1,33,,3203,1,,,1,73,,3202,1,,,1,75,,3201,1,,,1,35,,3200,1,,,1,75,,3199,1,,,1,35,,3198,1,,,1,75,,3197,1,,,1,75,,3196,1,,,1,35,,3195,1,,,1,75,,3194,1,,,1,35,,3193,1,,,1,75,,3192,1,,,1,36,,3188,1,,,1,76,,3190,1,,,1,76,,3187,1,,,1,35,,3186,1,,,1,74,,3185,1,,,1,34,,3191,1,,,1,74,,3184,1,,,1,34,,3182,1,,,1,73,,3181,1,,,1,73,,3189,1,,,1,33,,3183,1,,,1,73,,3180,1,,,1
1000,'CPSaturday',603,,3248,1,,,1,24,,3245,1,,,1,25,,3243,1,,,1,65,,3247,1,,,1,24,,3246,1,,,1,65,,3244,1,,,1,26,,3241,1,,,1,27,,3242,1,,,1,67,,3239,1,,,1,27,,3240,1,,,1,67,,3238,1,,,1,27,,3237,1,,,1,67,,3236,1,,,1,28,,3235,1,,,1,68,,3234,1,,,1,28,,3233,1,,,1,68,,3232,1,,,1,29,,3231,1,,,1,69,,3230,1,,,1,29,,3229,1,,,1,69,,3228,1,,,1,29,,3227,1,,,1,69,,3222,1,,,1,29,,3221,1,,,1,29,,3217,1,,,1,69,,3225,1,,,1,29,,3216,1,,,1,68,,3215,1,,,1,28,,3218,1,,,1,68,,3212,1,,,1,26,,3226,1,,,1,66,,3213,1,,,1,26,,3209,1,,,1,67,,3219,1,,,1,27,,3211,1,,,1,26,,3224,1,,,1,65,,3214,1,,,1,26,,3208,1,,,1,65,,3220,1,,,1,25,,3210,1,,,1,65,,3223,1,,,1
1000,'CPSunday',751,,3276,1,,,1,70,,3275,1,,,1,30,,3274,1,,,1,73,,3273,1,,,1,33,,3272,1,,,1,73,,3271,1,,,1,75,,3270,1,,,1,35,,3269,1,,,1,75,,3268,1,,,1,35,,3267,1,,,1,75,,3266,1,,,1,75,,3265,1,,,1,35,,3264,1,,,1,75,,3263,1,,,1,35,,3262,1,,,1,75,,3261,1,,,1,36,,3257,1,,,1,76,,3259,1,,,1,76,,3256,1,,,1,35,,3255,1,,,1,74,,3254,1,,,1,34,,3260,1,,,1,74,,3253,1,,,1,34,,3251,1,,,1,73,,3250,1,,,1,73,,3258,1,,,1,33,,3252,1,,,1,73,,3249,1,,,1
1000,'CPWeekday',457,,3324,1,,,1,61,,3323,1,,,1,22,,3325,1,,,1,63,,3326,1,,,1,23,,3322,1,,,1,24,,3321,1,,,1,64,,3320,1,,,1,25,,3318,1,,,1,66,,3319,1,,,1,26,,3317,1,,,1,26,,3316,1,,,1,66,,3314,1,,,1,25,,3315,1,,,1,65,,3313,1,,,1,25,,3312,1,,,1,65,,3311,1,,,1,25,,3310,1,,,1,25,,3309,1,,,1,65,,3308,1,,,1,25,,3307,1,,,1,65,,3306,1,,,1,25,,3305,1,,,1,24,,3303,1,,,1,58,,3277,1,,,1,7,,3304,1,,,1,26,,3297,1,,,1,65,,3294,1,,,1,21,,3293,1,,,1,21,,3301,1,,,1,62,,3292,1,,,1,24,,3290,1,,,1,64,,3288,1,,,1,25,,3289,1,,,1,25,,3287,1,,,1,61,,3285,1,,,1,21,,3300,1,,,1,21,,3296,1,,,1,61,,3284,1,,,1,21,,3283,1,,,1,62,,3286,1,,,1,23,,3282,1,,,1,75,,3298,1,,,1,30,,3295,1,,,1,74,,3279,1,,,1,34,,3280,1,,,1,73,,3299,1,,,1,31,,3291,1,,,1,71,,3278,1,,,1,29,,3281,1,,,1,66,,3302,1,,,1
1001,'CPHoliday1',809,,3356,73,4,,1,30,,3355,73,4,,1,71,,3354,73,4,,1,34,,3353,73,4,,1,75,,3352,73,4,,1,34,,3351,73,4,,1,75,,3350,73,4,,1,74,,3349,73,4,,1,36,,3348,73,4,,1,75,,3346,73,4,,1,35,,3347,73,4,,1,75,,3345,73,4,,1,34,,3344,73,4,,1,75,,3342,73,4,,1,76,,3343,73,4,,1,35,,3341,73,4,,1,77,,3337,73,4,,1,36,,3339,73,4,,1,74,,3335,73,4,,1,76,,3334,73,4,,1,34,,3338,73,4,,1,74,,3331,73,4,,1,33,,3332,73,4,,1,73,,3329,73,4,,1,33,,3336,73,4,,1,73,,3333,73,4,,1,33,,3328,73,4,,1,70,,3327,73,4,,1,29,,3340,73,4,,1,69,,3330,73,4,,1
1001,'CPSaturday',701,,3396,73,4,,1,29,,3394,73,4,,1,26,,3395,73,4,,1,66,,3392,73,4,,1,26,,3393,73,4,,1,68,,3389,73,4,,1,26,,3390,73,4,,1,68,,3388,73,4,,1,27,,3391,73,4,,1,67,,3386,73,4,,1,27,,3387,73,4,,1,28,,3385,73,4,,1,68,,3384,73,4,,1,28,,3383,73,4,,1,68,,3382,73,4,,1,30,,3381,73,4,,1,69,,3380,73,4,,1,29,,3378,73,4,,1,68,,3379,73,4,,1,29,,3377,73,4,,1,69,,3376,73,4,,1,30,,3371,73,4,,1,69,,3372,73,4,,1,28,,3367,73,4,,1,70,,3366,73,4,,1,27,,3370,73,4,,1,68,,3365,73,4,,1,25,,3375,73,4,,1,68,,3364,73,4,,1,25,,3361,73,4,,1,28,,3368,73,4,,1,66,,3358,73,4,,1,26,,3374,73,4,,1,65,,3362,73,4,,1,26,,3360,73,4,,1,66,,3369,73,4,,1,25,,3359,73,4,,1,24,,3373,73,4,,1,62,,3363,73,4,,1,23,,3357,73,4,,1
1001,'CPSunday',809,,3426,73,4,,1,30,,3425,73,4,,1,71,,3424,73,4,,1,34,,3423,73,4,,1,75,,3422,73,4,,1,34,,3421,73,4,,1,75,,3420,73,4,,1,74,,3419,73,4,,1,36,,3418,73,4,,1,75,,3416,73,4,,1,35,,3417,73,4,,1,75,,3415,73,4,,1,34,,3414,73,4,,1,75,,3412,73,4,,1,76,,3413,73,4,,1,35,,3411,73,4,,1,77,,3407,73,4,,1,36,,3409,73,4,,1,74,,3405,73,4,,1,76,,3404,73,4,,1,34,,3408,73,4,,1,74,,3401,73,4,,1,33,,3402,73,4,,1,73,,3399,73,4,,1,33,,3406,73,4,,1,73,,3403,73,4,,1,33,,3398,73,4,,1,70,,3397,73,4,,1,29,,3410,73,4,,1,69,,3400,73,4,,1
1001,'CPWeekday',530,,3478,73,4,,1,24,,3474,73,4,,1,63,,3477,73,4,,1,23,,3476,73,4,,1,63,,3475,73,4,,1,24,,3472,73,4,,1,28,,3473,73,4,,1,66,,3471,73,4,,1,7,,3427,73,4,,1,20,,3470,73,4,,1,67,,3469,73,4,,1,25,,3468,73,4,,1,62,,3466,73,4,,1,25,,3467,73,4,,1,23,,3465,73,4,,1,65,,3464,73,4,,1,25,,3463,73,4,,1,64,,3462,73,4,,1,25,,3461,73,4,,1,26,,3460,73,4,,1,66,,3459,73,4,,1,27,,3458,73,4,,1,65,,3457,73,4,,1,26,,3456,73,4,,1,66,,3454,73,4,,1,8,,3428,39,4,,1,22,,3455,73,4,,1,67,,3449,73,4,,1,27,,3446,73,4,,1,27,,3448,73,4,,1,66,,3447,73,4,,1,24,,3441,73,4,,1,62,,3440,73,4,,1,19,,3451,73,4,,1,20,,3445,73,4,,1,62,,3438,73,4,,1,21,,3437,73,4,,1,22,,3439,73,4,,1,62,,3436,73,4,,1,18,,3435,73,4,,1,19,,3453,73,4,,1,62,,3442,73,4,,1,20,,3434,73,4,,1,23,,3432,73,4,,1,73,,3433,73,4,,1,72,,3450,73,4,,1,31,,3444,73,4,,1,72,,3430,73,4,,1,30,,3431,73,4,,1,66,,3452,73,4,,1,29,,3443,73,4,,1,26,,3429,73,4,,1
