700,'CPWeekday',243,,2349,24,,,1,81,,2350,24,,,1,83,,2351,24,,,1,42,,2352,24,,,1
700,'MAHoliday1',441,,2389,24,,,1,61,,2403,24,,,1,23,,2385,24,,,1,21,,2380,24,,,1,61,,2379,24,,,1,22,,2395,24,,,1,24,,2378,24,,,1,63,,2405,24,,,1,23,,2386,24,,,1,63,,2377,24,,,1,23,,2374,24,,,1,23,,2396,24,,,1,63,,2375,24,,,1,24,,2404,24,,,1,24,,2387,24,,,1,65,,2369,24,,,1,25,,2368,24,,,1,64,,2397,24,,,1,25,,2376,24,,,1,64,,2402,24,,,1,24,,2388,24,,,1,24,,2367,24,,,1,65,,2362,24,,,1,25,,2394,24,,,1,62,,2361,24,,,1,21,,2373,24,,,1,21,,2401,24,,,1,62,,2381,24,,,1,21,,2364,24,,,1,20,,2358,24,,,1,62,,2391,24,,,1,22,,2356,24,,,1,22,,2370,24,,,1,62,,2399,24,,,1,22,,2383,24,,,1,20,,2365,24,,,1,60,,2357,24,,,1,21,,2390,24,,,1,21,,2353,24,,,1,61,,2372,24,,,1,22,,2400,24,,,1,61,,2382,24,,,1,23,,2366,24,,,1,22,,2359,24,,,1,60,,2392,24,,,1,21,,2354,24,,,1,20,,2371,24,,,1,60,,2398,24,,,1,19,,2384,24,,,1,19,,2363,24,,,1,60,,2360,24,,,1,19,,2393,24,,,1,19,,2355,24,,,1,60,,2406,24,,,1
700,'MASaturday',407,,2464,24,,,1,24,,2463,24,,,1,24,,2462,24,,,1,66,,2461,24,,,1,22,,2460,24,,,1,63,,2459,24,,,1,22,,2458,24,,,1,23,,2457,24,,,1,63,,2456,24,,,1,25,,2455,24,,,1,67,,2454,24,,,1,27,,2453,24,,,1,26,,2447,24,,,1,65,,2446,24,,,1,25,,2444,24,,,1,65,,2441,24,,,1,24,,2442,24,,,1,65,,2443,24,,,1,27,,2448,24,,,1,27,,2440,24,,,1,69,,2439,24,,,1,28,,2433,24,,,1,67,,2438,24,,,1,27,,2432,24,,,1,61,,2431,24,,,1,21,,2450,24,,,1,21,,2437,24,,,1,62,,2430,24,,,1,22,,2427,24,,,1,19,,2425,24,,,1,60,,2428,24,,,1,20,,2423,24,,,1,21,,2422,24,,,1,62,,2449,24,,,1,22,,2434,24,,,1,62,,2421,24,,,1,22,,2419,24,,,1,22,,2420,24,,,1,60,,2426,24,,,1,19,,2417,24,,,1,19,,2415,24,,,1,59,,2451,24,,,1,18,,2435,24,,,1,19,,2418,24,,,1,20,,2412,24,,,1,58,,2411,24,,,1,19,,2429,24,,,1,20,,2416,24,,,1,60,,2410,24,,,1,20,,2452,24,,,1,19,,2436,24,,,1,60,,2413,24,,,1,17,,2408,24,,,1,17,,2409,24,,,1,59,,2424,24,,,1,18,,2414,24,,,1,19,,2407,24,,,1,57,,2445,24,,,1,18,,2465,24,,,1
700,'MASunday',441,,2502,24,,,1,61,,2516,24,,,1,23,,2498,24,,,1,21,,2493,24,,,1,61,,2492,24,,,1,22,,2508,24,,,1,24,,2491,24,,,1,63,,2518,24,,,1,23,,2499,24,,,1,63,,2490,24,,,1,23,,2487,24,,,1,23,,2509,24,,,1,63,,2488,24,,,1,24,,2517,24,,,1,24,,2500,24,,,1,65,,2482,24,,,1,25,,2481,24,,,1,64,,2510,24,,,1,25,,2489,24,,,1,64,,2515,24,,,1,24,,2501,24,,,1,24,,2480,24,,,1,65,,2475,24,,,1,25,,2507,24,,,1,62,,2474,24,,,1,21,,2486,24,,,1,21,,2514,24,,,1,62,,2494,24,,,1,21,,2477,24,,,1,20,,2471,24,,,1,62,,2504,24,,,1,22,,2469,24,,,1,22,,2483,24,,,1,62,,2512,24,,,1,22,,2496,24,,,1,20,,2478,24,,,1,60,,2470,24,,,1,21,,2503,24,,,1,21,,2466,24,,,1,61,,2485,24,,,1,22,,2513,24,,,1,61,,2495,24,,,1,23,,2479,24,,,1,22,,2472,24,,,1,60,,2505,24,,,1,21,,2467,24,,,1,20,,2484,24,,,1,60,,2511,24,,,1,19,,2497,24,,,1,19,,2476,24,,,1,60,,2473,24,,,1,19,,2506,24,,,1,19,,2468,24,,,1,60,,2519,24,,,1
700,'MAWeekday',513,,2520,24,,,1,24,,2521,24,,,1,64,,2522,24,,,1,24,,2523,24,,,1,22,,2524,24,,,1,61,,2525,24,,,1,20,,2526,24,,,1,24,,2527,24,,,1,64,,2528,24,,,1,26,,2529,24,,,1,65,,2530,24,,,1,28,,2531,24,,,1,70,,2532,24,,,1,30,,2533,24,,,1,65,,2534,24,,,1,25,,2535,24,,,1,25,,2536,24,,,1,65,,2537,24,,,1,25,,2538,24,,,1,60,,2539,24,,,1,20,,2540,24,,,1,22,,2541,24,,,1,64,,2542,24,,,1,25,,2543,24,,,1,25,,2544,24,,,1,66,,2545,24,,,1,25,,2546,24,,,1,65,,2547,24,,,1,26,,2548,24,,,1,65,,2549,24,,,1,25,,2550,24,,,1,25,,2551,24,,,1,65,,2552,24,,,1,26,,2553,24,,,1,66,,2554,24,,,1,25,,2555,24,,,1,24,,2556,24,,,1,64,,2557,24,,,1,22,,2558,24,,,1,62,,2559,24,,,1,24,,2560,24,,,1,73,,2561,24,,,1,27,,2562,24,,,1,26,,2563,24,,,1,68,,2564,24,,,1,34,,2565,24,,,1,74,,2566,24,,,1,72,,2567,24,,,1,29,,2568,24,,,1,69,,2569,24,,,1
3900,'CPHoliday1',649,,8285,72,,,1,78,,8279,72,,,1,83,,8274,72,,,1,38,,8270,72,,,1,81,,8286,72,,,1,84,,8277,72,,,1,42,,8275,72,,,1,83,,8269,72,,,1,83,,8284,72,,,1,85,,8278,72,,,1,47,,8271,72,,,1,85,,8268,72,,,1,86,,8287,72,,,1,85,,8281,72,,,1,45,,8272,72,,,1,83,,8267,72,,,1,85,,8288,72,,,1,84,,8280,72,,,1,40,,8273,72,,,1,84,,8266,72,,,1,82,,8283,72,,,1,40,,8282,72,,,1,81,,8276,72,,,1,75,,8265,72,,,1
3900,'CPSaturday',833,,8294,72,,,1,25,,8293,72,,,1,258,,8295,72,,,1,29,,8292,72,,,1,271,,8296,72,,,1,30,,8291,72,,,1,272,,8297,72,,,1,30,,8290,72,,,1,261,,8298,72,,,1,28,,8289,72,,,1,206,,8299,72,,,1
3900,'CPSunday',649,,8320,72,,,1,78,,8314,72,,,1,83,,8309,72,,,1,38,,8305,72,,,1,81,,8321,72,,,1,84,,8312,72,,,1,42,,8310,72,,,1,83,,8304,72,,,1,83,,8319,72,,,1,85,,8313,72,,,1,47,,8306,72,,,1,85,,8303,72,,,1,86,,8322,72,,,1,85,,8316,72,,,1,45,,8307,72,,,1,83,,8302,72,,,1,85,,8323,72,,,1,84,,8315,72,,,1,40,,8308,72,,,1,84,,8301,72,,,1,82,,8318,72,,,1,40,,8317,72,,,1,81,,8311,72,,,1,75,,8300,72,,,1
3900,'MASaturday',648,,8347,72,,,1,66,,8346,72,,,1,28,,8340,72,,,1,66,,8339,72,,,1,116,,8341,72,,,1,28,,8334,72,,,1,66,,8332,72,,,1,30,,8333,72,,,1,166,,8345,72,,,1,31,,8335,72,,,1,70,,8329,72,,,1,30,,8327,72,,,1,171,,8344,72,,,1,30,,8338,72,,,1,71,,8330,72,,,1,30,,8325,72,,,1,170,,8342,72,,,1,27,,8337,72,,,1,69,,8328,72,,,1,30,,8324,72,,,1,162,,8343,72,,,1,25,,8336,72,,,1,26,,8331,72,,,1,64,,8326,72,,,1
3900,'MAWeekday',521,,8394,40,,,1,91,,8349,73,,,1,26,,8350,73,,,1,64,,8351,73,,,1,22,,8352,73,,,1,19,,8353,73,,,1,61,,8354,73,,,1,19,,8355,73,,,1,20,,8356,73,,,1,63,,8357,73,,,1,24,,8358,73,,,1,20,,8359,72,,,1,71,,8360,72,,,1,35,,8361,72,,,1,77,,8362,72,,,1,77,,8363,72,,,1,38,,8364,72,,,1,77,,8365,72,,,1,76,,8366,72,,,1,34,,8367,72,,,1,65,,8368,72,,,1,29,,8369,73,,,1,20,,8370,73,,,1,61,,8371,73,,,1,21,,8372,73,,,1,22,,8373,73,,,1,58,,8374,73,,,1,19,,8375,73,,,1,17,,8376,73,,,1,59,,8377,73,,,1,21,,8378,73,,,1,22,,8379,73,,,1,60,,8380,73,,,1,21,,8381,73,,,1,16,,8382,72,,,1,62,,8383,72,,,1,22,,8384,72,,,1,18,,8385,72,,,1,75,,8386,72,,,1,77,,8387,72,,,1,41,,8388,72,,,1,80,,8389,72,,,1,37,,8390,72,,,1,75,,8391,72,,,1,73,,8392,72,,,1,33,,8393,72,,,1,74,,8348,72,,,1
4301,'CPWeekday',1516,,9079,65,,,1,42,,9077,65,,,1,83,,9082,65,,,1,81,,9084,65,,,1,81,,9080,65,,,1,40,,9078,65,,,1,80,,9083,65,,,1,80,,9085,65,,,1,39,,9081,65,,,1
