701,'CPWeekday',237,,30425,35,,,1,77,,30426,35,,,1,87,,30427,35,,,1,41,,30428,35,,,1,67,,30438,35,,,1,24,,30435,35,,,1,175,,30429,35,,,1,42,,30437,35,,,1,63,,30436,35,,,1,132,,30430,35,,,1,278,,30431,35,,,1,284,,30432,35,,,1,299,,30433,35,,,1,240,,30434,35,,,1
701,'MAHoliday1',437,,30439,35,,,1,79,,30440,35,,,1,23,,30441,35,,,1,62,,30442,35,,,1,21,,30443,35,,,1,24,,30444,35,,,1,62,,30445,35,,,1,23,,30446,35,,,1,22,,30447,35,,,1,62,,30448,35,,,1,23,,30449,35,,,1,21,,30450,35,,,1,62,,30451,35,,,1,23,,30452,35,,,1,62,,30453,35,,,1,22,,30454,35,,,1,21,,30455,35,,,1,63,,30456,35,,,1,21,,30457,35,,,1,24,,30458,35,,,1,65,,30459,35,,,1,24,,30460,35,,,1,64,,30461,35,,,1,24,,30462,35,,,1,24,,30463,35,,,1,65,,30464,35,,,1,24,,30465,35,,,1,64,,30466,35,,,1,24,,30467,35,,,1,23,,30468,35,,,1,64,,30469,35,,,1,24,,30470,35,,,1,64,,30471,35,,,1,24,,30472,35,,,1,24,,30473,35,,,1,62,,30474,35,,,1,24,,30475,35,,,1,64,,30476,35,,,1,23,,30477,35,,,1,24,,30478,35,,,1,61,,30479,35,,,1,22,,30480,35,,,1,62,,30481,35,,,1,23,,30482,35,,,1,23,,30483,35,,,1,62,,30484,35,,,1,22,,30485,35,,,1,22,,30486,35,,,1,61,,30487,35,,,1,22,,30488,35,,,1,20,,30489,35,,,1,59,,30490,35,,,1
701,'MASaturday',430,,30491,35,,,1,20,,30492,35,,,1,60,,30493,35,,,1,22,,30494,35,,,1,21,,30495,35,,,1,62,,30496,35,,,1,23,,30497,35,,,1,64,,30498,35,,,1,23,,30499,35,,,1,22,,30500,35,,,1,61,,30501,35,,,1,21,,30502,35,,,1,23,,30503,35,,,1,66,,30504,35,,,1,24,,30505,35,,,1,65,,30506,35,,,1,27,,30507,35,,,1,25,,30508,35,,,1,63,,30509,35,,,1,25,,30510,35,,,1,65,,30511,35,,,1,24,,30512,35,,,1,65,,30513,35,,,1,27,,30514,35,,,1,25,,30515,35,,,1,64,,30516,35,,,1,24,,30517,35,,,1,66,,30518,35,,,1,26,,30519,35,,,1,25,,30520,35,,,1,65,,30521,35,,,1,25,,30522,35,,,1,64,,30523,35,,,1,24,,30524,35,,,1,23,,30525,35,,,1,64,,30526,35,,,1,25,,30527,35,,,1,65,,30528,35,,,1,24,,30529,35,,,1,22,,30530,35,,,1,62,,30531,35,,,1,22,,30532,35,,,1,60,,30533,35,,,1,21,,30534,35,,,1,23,,30535,35,,,1,63,,30536,35,,,1,23,,30537,35,,,1,22,,30538,35,,,1,61,,30539,35,,,1,20,,30540,35,,,1,20,,30541,35,,,1,60,,30542,35,,,1,21,,30543,35,,,1,21,,30544,35,,,1,60,,30545,35,,,1
701,'MASunday',437,,30546,35,,,1,79,,30547,35,,,1,23,,30548,35,,,1,62,,30549,35,,,1,21,,30550,35,,,1,24,,30551,35,,,1,62,,30552,35,,,1,23,,30553,35,,,1,22,,30554,35,,,1,62,,30555,35,,,1,23,,30556,35,,,1,21,,30557,35,,,1,62,,30558,35,,,1,23,,30559,35,,,1,62,,30560,35,,,1,22,,30561,35,,,1,21,,30562,35,,,1,63,,30563,35,,,1,21,,30564,35,,,1,24,,30565,35,,,1,65,,30566,35,,,1,24,,30567,35,,,1,64,,30568,35,,,1,24,,30569,35,,,1,24,,30570,35,,,1,65,,30571,35,,,1,24,,30572,35,,,1,64,,30573,35,,,1,24,,30574,35,,,1,23,,30575,35,,,1,64,,30576,35,,,1,24,,30577,35,,,1,64,,30578,35,,,1,24,,30579,35,,,1,24,,30580,35,,,1,62,,30581,35,,,1,24,,30582,35,,,1,64,,30583,35,,,1,23,,30584,35,,,1,24,,30585,35,,,1,61,,30586,35,,,1,22,,30587,35,,,1,62,,30588,35,,,1,23,,30589,35,,,1,23,,30590,35,,,1,62,,30591,35,,,1,22,,30592,35,,,1,22,,30593,35,,,1,61,,30594,35,,,1,22,,30595,35,,,1,20,,30596,35,,,1,59,,30597,35,,,1
701,'MAWeekday',555,,30598,35,,,1,64,,30599,35,,,1,27,,30635,35,,,1,83,,30600,35,,,1,106,,30601,35,,,1,24,,30602,35,,,1,63,,30634,35,,,1,92,,30603,35,,,1,28,,30636,35,,,1,65,,30604,35,,,1,26,,30605,35,,,1,25,,30606,35,,,1,91,,30607,35,,,1,64,,30608,35,,,1,19,,30637,35,,,1,20,,30609,35,,,1,64,,30610,35,,,1,25,,30611,35,,,1,91,,30612,35,,,1,68,,30613,35,,,1,27,,30614,35,,,1,25,,30615,35,,,1,65,,30616,35,,,1,26,,30617,35,,,1,88,,30618,35,,,1,23,,30619,35,,,1,64,,30620,35,,,1,23,,30621,35,,,1,62,,30622,35,,,1,20,,30623,35,,,1,86,,30624,35,,,1,22,,30625,35,,,1,22,,30626,35,,,1,75,,30627,35,,,1,73,,30628,35,,,1,33,,30629,35,,,1,76,,30630,35,,,1,37,,30631,35,,,1,72,,30632,35,,,1,38,,30633,35,,,1
3901,'CPHoliday1',711,,36282,9,,,1,40,,36277,9,,,1,80,,36271,9,,,1,80,,36268,9,,,1,42,,36283,9,,,1,82,,36280,9,,,1,84,,36272,9,,,1,85,,36267,9,,,1,45,,36284,9,,,1,85,,36278,9,,,1,85,,36273,9,,,1,85,,36266,9,,,1,45,,36285,9,,,1,85,,36279,9,,,1,85,,36274,9,,,1,85,,36265,9,,,1,45,,36286,9,,,1,84,,36275,9,,,1,82,,36270,9,,,1,42,,36264,9,,,1,79,,36281,9,,,1,80,,36276,9,,,1,36,,36269,9,,,1,70,,36263,9,,,1
3901,'CPSaturday',922,,36291,9,,,1,288,,36290,9,,,1,229,,36292,9,,,1,70,,36289,9,,,1,229,,36293,9,,,1,70,,36288,9,,,1,228,,36294,9,,,1,66,,36287,9,,,1
3901,'CPSunday',711,,36314,9,,,1,40,,36309,9,,,1,80,,36303,9,,,1,80,,36300,9,,,1,42,,36315,9,,,1,82,,36312,9,,,1,84,,36304,9,,,1,85,,36299,9,,,1,45,,36316,9,,,1,85,,36310,9,,,1,85,,36305,9,,,1,85,,36298,9,,,1,45,,36317,9,,,1,85,,36311,9,,,1,85,,36306,9,,,1,85,,36297,9,,,1,45,,36318,9,,,1,84,,36307,9,,,1,82,,36302,9,,,1,42,,36296,9,,,1,79,,36313,9,,,1,80,,36308,9,,,1,36,,36301,9,,,1,70,,36295,9,,,1
3901,'MASaturday',707,,36339,9,,,1,26,,36335,9,,,1,26,,36334,9,,,1,67,,36328,9,,,1,28,,36343,9,,,1,96,,36336,9,,,1,68,,36331,9,,,1,28,,36327,9,,,1,68,,36325,9,,,1,28,,36342,9,,,1,96,,36337,9,,,1,70,,36332,9,,,1,30,,36323,9,,,1,71,,36319,9,,,1,129,,36338,9,,,1,70,,36329,9,,,1,30,,36324,9,,,1,70,,36320,9,,,1,130,,36340,9,,,1,70,,36330,9,,,1,30,,36322,9,,,1,70,,36321,9,,,1,119,,36341,9,,,1,24,,36333,9,,,1,60,,36326,9,,,1
3901,'MAWeekday',440,,36344,9,,,1,15,,36345,9,,,1,56,,36346,9,,,1,15,,36347,9,,,1,16,,36348,9,,,1,58,,36349,9,,,1,19,,36350,9,,,1,22,,36351,9,,,1,64,,36352,9,,,1,24,,36353,9,,,1,23,,36354,9,,,1,60,,36355,9,,,1,19,,36356,9,,,1,19,,36357,9,,,1,62,,36358,9,,,1,24,,36359,9,,,1,75,,36360,9,,,1,36,,36361,9,,,1,76,,36362,9,,,1,36,,36363,9,,,1,76,,36364,9,,,1,75,,36365,9,,,1,36,,36366,9,,,1,61,,36367,9,,,1,22,,36368,9,,,1,20,,36369,9,,,1,61,,36370,9,,,1,21,,36371,9,,,1,21,,36372,9,,,1,62,,36373,9,,,1,22,,36374,9,,,1,22,,36375,9,,,1,59,,36376,9,,,1,17,,36377,9,,,1,18,,36378,9,,,1,59,,36379,9,,,1,20,,36380,9,,,1,19,,36381,9,,,1,61,,36382,9,,,1,22,,36383,9,,,1,23,,36384,9,,,1,73,,36385,9,,,1,79,,36386,9,,,1,39,,36387,9,,,1,78,,36388,9,,,1,77,,36389,9,,,1,38,,36390,9,,,1,78,,36391,9,,,1,38,,36392,9,,,1
4300,'CPWeekday',456,,36936,10,,,1,80,,36943,10,,,1,80,,36939,10,,,1,40,,36941,10,,,1,80,,36937,10,,,1,80,,36944,10,,,1,40,,36940,10,,,1,79,,36942,10,,,1,80,,36938,10,,,1
