3800,'CPHoliday1',839,,8064,69,,,1,94,,8075,69,,,1,94,,8065,69,,,1,91,,8066,69,,,1,98,,8071,69,,,1,97,,8068,69,,,1,96,,8067,69,,,1,95,,8074,69,,,1,97,,8069,69,,,1,55,,8073,69,,,1,93,,8070,69,,,1,94,,8072,69,,,1,93,,8076,69,,,1,92,,8078,69,,,1,88,,8077,69,,,1
3800,'CPSaturday',727,,8093,69,,,1,78,,8094,69,,,1,30,,8095,69,,,1,73,,8096,69,,,1,31,,8097,69,,,1,71,,8098,69,,,1,34,,8099,69,,,1,74,,8100,69,,,1,31,,8101,69,,,1,74,,8102,69,,,1,34,,8103,69,,,1,74,,8104,69,,,1,75,,8105,69,,,1,34,,8106,69,,,1,77,,8107,69,,,1,35,,8108,69,,,1,75,,8109,69,,,1,76,,8110,69,,,1,34,,8079,69,,,1,73,,8080,69,,,1,34,,8081,69,,,1,73,,8082,69,,,1,33,,8083,69,,,1,70,,8084,69,,,1,31,,8085,69,,,1,72,,8086,69,,,1,32,,8087,69,,,1,68,,8088,69,,,1,30,,8089,69,,,1,68,,8090,69,,,1,27,,8091,69,,,1,63,,8092,69,,,1
3800,'CPSunday',839,,8111,69,,,1,94,,8122,69,,,1,94,,8112,69,,,1,91,,8113,69,,,1,98,,8118,69,,,1,97,,8115,69,,,1,96,,8114,69,,,1,95,,8121,69,,,1,97,,8116,69,,,1,55,,8120,69,,,1,93,,8117,69,,,1,94,,8119,69,,,1,93,,8123,69,,,1,92,,8125,69,,,1,88,,8124,69,,,1
3800,'CPWeekday',504,,8158,8,,,1,21,,8162,76,,,1,31,,8151,76,,,1,63,,8150,76,,,1,30,,8148,76,,,1,68,,8147,76,,,1,30,,8149,76,,,1,74,,8159,76,,,1,27,,8126,59,,,1,5,,8153,76,,,1,75,,8142,76,,,1,75,,8140,76,,,1,38,,8139,76,,,1,78,,8163,76,,,1,40,,8154,76,,,1,78,,8141,76,,,1,77,,8136,76,,,1,36,,8135,76,,,1,75,,8160,76,,,1,78,,8155,76,,,1,16,,8134,76,,,1,35,,8145,76,,,1,73,,8137,76,,,1,30,,8132,76,,,1,69,,8133,76,,,1,28,,8164,76,,,1,68,,8156,76,,,1,30,,8131,76,,,1,67,,8146,76,,,1,31,,8138,76,,,1,69,,8128,76,,,1,33,,8161,76,,,1,73,,8152,76,,,1,25,,8127,76,,,1,66,,8143,76,,,1,84,,8129,76,,,1,44,,8157,76,,,1,83,,8144,76,,,1,81,,8130,76,,,1
3901,'CPHoliday1',807,,8414,74,,,1,41,,8409,74,,,1,81,,8403,74,,,1,82,,8400,74,,,1,44,,8415,74,,,1,83,,8412,74,,,1,85,,8404,74,,,1,86,,8399,74,,,1,45,,8416,74,,,1,84,,8410,74,,,1,85,,8405,74,,,1,86,,8398,74,,,1,45,,8417,74,,,1,85,,8411,74,,,1,85,,8406,74,,,1,82,,8397,74,,,1,43,,8418,74,,,1,80,,8407,74,,,1,81,,8402,74,,,1,42,,8396,74,,,1,78,,8413,74,,,1,79,,8408,74,,,1,36,,8401,74,,,1,70,,8395,74,,,1
3901,'CPSaturday',952,,8424,74,,,1,69,,8423,74,,,1,225,,8425,74,,,1,70,,8422,74,,,1,234,,8426,74,,,1,68,,8421,74,,,1,225,,8427,74,,,1,70,,8420,74,,,1,218,,8428,74,,,1,26,,8419,74,,,1
3901,'CPSunday',807,,8448,74,,,1,41,,8443,74,,,1,81,,8437,74,,,1,82,,8434,74,,,1,44,,8449,74,,,1,83,,8446,74,,,1,85,,8438,74,,,1,86,,8433,74,,,1,45,,8450,74,,,1,84,,8444,74,,,1,85,,8439,74,,,1,86,,8432,74,,,1,45,,8451,74,,,1,85,,8445,74,,,1,85,,8440,74,,,1,82,,8431,74,,,1,43,,8452,74,,,1,80,,8441,74,,,1,81,,8436,74,,,1,42,,8430,74,,,1,78,,8447,74,,,1,79,,8442,74,,,1,36,,8435,74,,,1,70,,8429,74,,,1
3901,'MASaturday',800,,8473,74,,,1,27,,8469,74,,,1,27,,8468,74,,,1,67,,8462,74,,,1,128,,8470,74,,,1,69,,8465,74,,,1,28,,8461,74,,,1,70,,8459,74,,,1,128,,8471,74,,,1,73,,8466,74,,,1,32,,8457,74,,,1,71,,8453,74,,,1,127,,8472,74,,,1,70,,8463,74,,,1,29,,8458,74,,,1,67,,8454,74,,,1,127,,8474,74,,,1,67,,8464,74,,,1,29,,8456,74,,,1,67,,8455,74,,,1,116,,8475,74,,,1,22,,8467,74,,,1,59,,8460,74,,,1
3901,'MAWeekday',531,,8476,75,,,1,17,,8477,75,,,1,59,,8478,75,,,1,19,,8479,75,,,1,17,,8480,75,,,1,59,,8481,75,,,1,23,,8482,75,,,1,25,,8483,75,,,1,64,,8484,75,,,1,26,,8485,75,,,1,62,,8486,75,,,1,21,,8487,75,,,1,17,,8488,75,,,1,19,,8489,75,,,1,58,,8490,75,,,1,23,,8491,74,,,1,73,,8492,74,,,1,35,,8493,74,,,1,75,,8494,74,,,1,32,,8495,74,,,1,74,,8496,74,,,1,77,,8497,74,,,1,43,,8498,74,,,1,68,,8499,75,,,1,25,,8500,75,,,1,60,,8501,75,,,1,22,,8502,75,,,1,24,,8503,75,,,1,60,,8504,75,,,1,24,,8505,75,,,1,21,,8506,75,,,1,62,,8507,75,,,1,17,,8508,75,,,1,15,,8509,75,,,1,56,,8510,75,,,1,17,,8511,75,,,1,19,,8512,75,,,1,18,,8513,75,,,1,60,,8514,75,,,1,19,,8515,74,,,1,20,,8516,74,,,1,71,,8517,74,,,1,78,,8518,74,,,1,35,,8519,74,,,1,78,,8520,74,,,1,37,,8521,74,,,1,76,,8522,74,,,1,74,,8523,74,,,1,38,,8524,74,,,1
4300,'CPWeekday',546,,9068,66,,,1,82,,9075,66,,,1,81,,9071,66,,,1,40,,9073,66,,,1,80,,9069,66,,,1,80,,9076,66,,,1,37,,9072,66,,,1,76,,9074,66,,,1,80,,9070,66,,,1
9001,'CPWeekday',452,,11914,21,,,1,65,,11915,21,,,1,25,,11916,21,,,1,73,,11917,21,,,1,30,,11918,21,,,1,72,,11919,21,,,1,30,,11920,21,,,1,70,,11921,21,,,1,30,,11922,21,,,1,67,,11923,21,,,1,89,,11924,21,,,1,50,,11925,21,,,1,90,,11926,21,,,1,90,,11927,21,,,1,91,,11928,21,,,1,92,,11929,21,,,1,32,,11930,21,,,1,70,,11931,21,,,1,30,,11932,21,,,1,71,,11933,21,,,1,30,,11934,21,,,1,70,,11935,21,,,1,30,,11936,21,,,1,69,,11937,21,,,1,30,,11938,21,,,1,68,,11939,21,,,1,30,,11940,21,,,1,71,,11941,21,,,1,33,,11942,21,,,1,84,,11943,21,,,1,85,,11944,21,,,1,87,,11945,21,,,1,44,,11946,21,,,1
