1000,'CPHoliday1',828,,31045,50,,,1,31,,31044,50,,,1,72,,31043,50,,,1,73,,31042,50,,,1,33,,31041,50,,,1,73,,31040,50,,,1,36,,31039,50,,,1,75,,31038,50,,,1,35,,31037,50,,,1,75,,31036,50,,,1,76,,31035,50,,,1,36,,31034,50,,,1,77,,31033,50,,,1,35,,31032,50,,,1,75,,31031,50,,,1,75,,31030,50,,,1,36,,31026,50,,,1,73,,31028,50,,,1,36,,31025,50,,,1,75,,31024,50,,,1,33,,31023,50,,,1,74,,31029,50,,,1,74,,31022,50,,,1,34,,31020,50,,,1,73,,31019,50,,,1,31,,31027,50,,,1,72,,31021,50,,,1,30,,31018,50,,,1,68,,31046,50,,,1,28,,31047,50,,,1,68,,31048,50,,,1
1000,'CPSaturday',639,,31089,50,,,1,65,,31086,50,,,1,25,,31084,50,,,1,25,,31088,50,,,1,65,,31087,50,,,1,26,,31085,50,,,1,67,,31082,50,,,1,27,,31083,50,,,1,67,,31080,50,,,1,27,,31081,50,,,1,68,,31079,50,,,1,28,,31078,50,,,1,27,,31077,50,,,1,68,,31076,50,,,1,29,,31075,50,,,1,69,,31074,50,,,1,28,,31073,50,,,1,69,,31072,50,,,1,30,,31071,50,,,1,69,,31070,50,,,1,30,,31069,50,,,1,69,,31068,50,,,1,28,,31063,50,,,1,69,,31062,50,,,1,29,,31058,50,,,1,68,,31066,50,,,1,28,,31057,50,,,1,68,,31056,50,,,1,28,,31059,50,,,1,68,,31053,50,,,1,25,,31067,50,,,1,26,,31054,50,,,1,66,,31050,50,,,1,26,,31060,50,,,1,67,,31052,50,,,1,26,,31065,50,,,1,65,,31055,50,,,1,25,,31049,50,,,1,23,,31061,50,,,1,64,,31051,50,,,1,23,,31064,50,,,1
1000,'CPSunday',828,,31117,50,,,1,31,,31116,50,,,1,72,,31115,50,,,1,73,,31114,50,,,1,33,,31113,50,,,1,73,,31112,50,,,1,36,,31111,50,,,1,75,,31110,50,,,1,35,,31109,50,,,1,75,,31108,50,,,1,76,,31107,50,,,1,36,,31106,50,,,1,77,,31105,50,,,1,35,,31104,50,,,1,75,,31103,50,,,1,75,,31102,50,,,1,36,,31098,50,,,1,73,,31100,50,,,1,36,,31097,50,,,1,75,,31096,50,,,1,33,,31095,50,,,1,74,,31101,50,,,1,74,,31094,50,,,1,34,,31092,50,,,1,73,,31091,50,,,1,31,,31099,50,,,1,72,,31093,50,,,1,30,,31090,50,,,1
1000,'CPWeekday',537,,31164,50,,,1,21,,31163,50,,,1,62,,31165,50,,,1,28,,31166,50,,,1,63,,31162,50,,,1,24,,31161,50,,,1,66,,31160,50,,,1,26,,31158,50,,,1,26,,31159,50,,,1,66,,31157,50,,,1,25,,31156,50,,,1,66,,31154,50,,,1,25,,31155,50,,,1,24,,31153,50,,,1,64,,31152,50,,,1,25,,31151,50,,,1,65,,31150,50,,,1,25,,31149,50,,,1,66,,31148,50,,,1,26,,31147,50,,,1,25,,31146,50,,,1,66,,31145,50,,,1,27,,31143,50,,,1,65,,31144,50,,,1,27,,31137,50,,,1,65,,31134,50,,,1,21,,31133,50,,,1,21,,31141,50,,,1,62,,31132,50,,,1,23,,31130,50,,,1,24,,31128,50,,,1,64,,31129,50,,,1,25,,31127,50,,,1,59,,31125,50,,,1,19,,31140,50,,,1,21,,31136,50,,,1,60,,31124,50,,,1,20,,31123,50,,,1,22,,31126,50,,,1,63,,31122,50,,,1,34,,31138,50,,,1,70,,31135,50,,,1,32,,31119,50,,,1,73,,31120,50,,,1,31,,31139,50,,,1,70,,31131,50,,,1,29,,31118,50,,,1,69,,31121,50,,,1,25,,31142,50,,,1
3901,'CPHoliday1',745,,36282,44,,,1,80,,36277,44,,,1,80,,36271,44,,,1,42,,36268,44,,,1,83,,36283,44,,,1,83,,36280,44,,,1,44,,36272,44,,,1,86,,36267,44,,,1,85,,36284,44,,,1,85,,36278,44,,,1,44,,36273,44,,,1,86,,36266,44,,,1,85,,36285,44,,,1,86,,36279,44,,,1,45,,36274,44,,,1,83,,36265,44,,,1,84,,36286,44,,,1,81,,36275,44,,,1,41,,36270,44,,,1,82,,36264,44,,,1,78,,36281,44,,,1,40,,36276,44,,,1,76,,36269,44,,,1,30,,36263,44,,,1
3901,'CPSaturday',958,,36291,44,,,1,292,,36290,44,,,1,273,,36292,44,,,1,28,,36289,44,,,1,266,,36293,44,,,1,30,,36288,44,,,1,261,,36294,44,,,1,26,,36287,44,,,1
3901,'CPSunday',745,,36314,44,,,1,80,,36309,44,,,1,80,,36303,44,,,1,42,,36300,44,,,1,83,,36315,44,,,1,83,,36312,44,,,1,44,,36304,44,,,1,86,,36299,44,,,1,85,,36316,44,,,1,85,,36310,44,,,1,44,,36305,44,,,1,86,,36298,44,,,1,85,,36317,44,,,1,86,,36311,44,,,1,45,,36306,44,,,1,83,,36297,44,,,1,84,,36318,44,,,1,81,,36307,44,,,1,41,,36302,44,,,1,82,,36296,44,,,1,78,,36313,44,,,1,40,,36308,44,,,1,76,,36301,44,,,1,30,,36295,44,,,1
3901,'MASaturday',739,,36339,44,,,1,66,,36335,44,,,1,27,,36334,44,,,1,27,,36328,44,,,1,71,,36343,44,,,1,96,,36336,44,,,1,28,,36331,44,,,1,68,,36327,44,,,1,29,,36325,44,,,1,69,,36342,44,,,1,98,,36337,44,,,1,32,,36332,44,,,1,72,,36323,44,,,1,31,,36319,44,,,1,167,,36338,44,,,1,30,,36329,44,,,1,69,,36324,44,,,1,28,,36320,44,,,1,168,,36340,44,,,1,28,,36330,44,,,1,69,,36322,44,,,1,28,,36321,44,,,1,118,,36341,44,,,1,62,,36333,44,,,1,20,,36326,44,,,1
3901,'MAWeekday',510,,36344,45,,,1,17,,36345,45,,,1,16,,36346,45,,,1,57,,36347,45,,,1,17,,36348,45,,,1,19,,36349,45,,,1,21,,36350,45,,,1,65,,36351,45,,,1,24,,36352,45,,,1,67,,36353,45,,,1,22,,36354,45,,,1,21,,36355,45,,,1,58,,36356,45,,,1,19,,36357,45,,,1,18,,36358,45,,,1,63,,36359,44,,,1,33,,36360,44,,,1,76,,36361,44,,,1,35,,36362,44,,,1,74,,36363,44,,,1,75,,36364,44,,,1,36,,36365,44,,,1,80,,36366,44,,,1,25,,36367,45,,,1,65,,36368,45,,,1,20,,36369,45,,,1,22,,36370,45,,,1,64,,36371,45,,,1,21,,36372,45,,,1,64,,36373,45,,,1,22,,36374,45,,,1,22,,36375,45,,,1,57,,36376,45,,,1,15,,36377,45,,,1,16,,36378,45,,,1,18,,36379,45,,,1,59,,36380,45,,,1,18,,36381,45,,,1,21,,36382,45,,,1,59,,36383,44,,,1,21,,36384,44,,,1,72,,36385,44,,,1,39,,36386,44,,,1,76,,36387,44,,,1,38,,36388,44,,,1,77,,36389,44,,,1,76,,36390,44,,,1,36,,36391,44,,,1,78,,36392,44,,,1
37600,'CPWeekday',1410,,41808,21,,,1
