1001,'CPHoliday1',736,,31196,25,,,1,70,,31195,25,,,1,30,,31194,25,,,1,72,,31193,25,,,1,34,,31192,25,,,1,74,,31191,25,,,1,33,,31190,25,,,1,73,,31189,25,,,1,35,,31188,25,,,1,75,,31186,25,,,1,75,,31187,25,,,1,35,,31185,25,,,1,75,,31184,25,,,1,35,,31182,25,,,1,76,,31183,25,,,1,76,,31181,25,,,1,37,,31177,25,,,1,76,,31179,25,,,1,36,,31175,25,,,1,76,,31174,25,,,1,74,,31178,25,,,1,34,,31171,25,,,1,73,,31172,25,,,1,34,,31169,25,,,1,74,,31176,25,,,1,34,,31173,25,,,1,73,,31168,25,,,1,32,,31167,25,,,1,71,,31180,25,,,1,29,,31170,25,,,1
1001,'CPSaturday',629,,31236,25,,,1,26,,31234,25,,,1,65,,31235,25,,,1,25,,31232,25,,,1,65,,31233,25,,,1,27,,31229,25,,,1,65,,31230,25,,,1,27,,31228,25,,,1,27,,31231,25,,,1,67,,31226,25,,,1,27,,31227,25,,,1,68,,31225,25,,,1,28,,31224,25,,,1,68,,31223,25,,,1,28,,31222,25,,,1,70,,31221,25,,,1,29,,31220,25,,,1,69,,31218,25,,,1,28,,31219,25,,,1,69,,31217,25,,,1,29,,31216,25,,,1,70,,31211,25,,,1,30,,31212,25,,,1,69,,31207,25,,,1,30,,31206,25,,,1,67,,31210,25,,,1,28,,31205,25,,,1,27,,31215,25,,,1,68,,31204,25,,,1,28,,31201,25,,,1,68,,31208,25,,,1,26,,31198,25,,,1,66,,31214,25,,,1,25,,31202,25,,,1,66,,31200,25,,,1,26,,31209,25,,,1,26,,31199,25,,,1,66,,31213,25,,,1,23,,31203,25,,,1,64,,31197,25,,,1
1001,'CPSunday',736,,31266,25,,,1,70,,31265,25,,,1,30,,31264,25,,,1,72,,31263,25,,,1,34,,31262,25,,,1,74,,31261,25,,,1,33,,31260,25,,,1,73,,31259,25,,,1,35,,31258,25,,,1,75,,31256,25,,,1,75,,31257,25,,,1,35,,31255,25,,,1,75,,31254,25,,,1,35,,31252,25,,,1,76,,31253,25,,,1,76,,31251,25,,,1,37,,31247,25,,,1,76,,31249,25,,,1,36,,31245,25,,,1,76,,31244,25,,,1,74,,31248,25,,,1,34,,31241,25,,,1,73,,31242,25,,,1,34,,31239,25,,,1,74,,31246,25,,,1,34,,31243,25,,,1,73,,31238,25,,,1,32,,31237,25,,,1,71,,31250,25,,,1,29,,31240,25,,,1
1001,'CPWeekday',455,,31316,25,,,1,62,,31312,25,,,1,20,,31315,25,,,1,63,,31314,25,,,1,22,,31313,25,,,1,22,,31310,25,,,1,66,,31311,25,,,1,25,,31309,25,,,1,65,,31308,25,,,1,27,,31307,25,,,1,26,,31306,25,,,1,64,,31304,25,,,1,25,,31305,25,,,1,64,,31303,25,,,1,26,,31302,25,,,1,25,,31301,25,,,1,64,,31300,25,,,1,25,,31299,25,,,1,65,,31298,25,,,1,25,,31297,25,,,1,65,,31296,25,,,1,25,,31295,25,,,1,25,,31294,25,,,1,66,,31292,25,,,1,28,,31293,25,,,1,67,,31287,25,,,1,27,,31284,25,,,1,67,,31286,25,,,1,27,,31285,25,,,1,24,,31279,25,,,1,62,,31278,25,,,1,21,,31289,25,,,1,62,,31283,25,,,1,22,,31276,25,,,1,22,,31275,25,,,1,63,,31277,25,,,1,23,,31274,25,,,1,19,,31273,25,,,1,60,,31291,25,,,1,22,,31280,25,,,1,22,,31272,25,,,1,63,,31270,25,,,1,34,,31271,25,,,1,74,,31288,25,,,1,31,,31282,25,,,1,72,,31268,25,,,1,71,,31269,25,,,1,28,,31290,25,,,1,29,,31281,25,,,1,67,,31267,25,,,1
3900,'CPHoliday1',616,,36153,34,,,1,38,,36147,34,,,1,82,,36142,34,,,1,78,,36138,34,,,1,40,,36154,34,,,1,82,,36145,34,,,1,82,,36143,34,,,1,83,,36137,34,,,1,43,,36152,34,,,1,84,,36146,34,,,1,86,,36139,34,,,1,45,,36136,34,,,1,85,,36155,34,,,1,85,,36149,34,,,1,85,,36140,34,,,1,44,,36135,34,,,1,85,,36156,34,,,1,85,,36148,34,,,1,84,,36141,34,,,1,44,,36134,34,,,1,82,,36151,34,,,1,80,,36150,34,,,1,41,,36144,34,,,1,75,,36133,34,,,1
3900,'CPSaturday',823,,36161,34,,,1,284,,36160,34,,,1,299,,36159,34,,,1,231,,36162,34,,,1,70,,36158,34,,,1,227,,36163,34,,,1,69,,36157,34,,,1,210,,36164,34,,,1
3900,'CPSunday',616,,36185,34,,,1,38,,36179,34,,,1,82,,36174,34,,,1,78,,36170,34,,,1,40,,36186,34,,,1,82,,36177,34,,,1,82,,36175,34,,,1,83,,36169,34,,,1,43,,36184,34,,,1,84,,36178,34,,,1,86,,36171,34,,,1,45,,36168,34,,,1,85,,36187,34,,,1,85,,36181,34,,,1,85,,36172,34,,,1,44,,36167,34,,,1,85,,36188,34,,,1,85,,36180,34,,,1,84,,36173,34,,,1,44,,36166,34,,,1,82,,36183,34,,,1,80,,36182,34,,,1,41,,36176,34,,,1,75,,36165,34,,,1
3900,'MASaturday',616,,36212,34,,,1,25,,36211,34,,,1,67,,36205,34,,,1,25,,36204,34,,,1,25,,36215,34,,,1,91,,36206,34,,,1,66,,36199,34,,,1,26,,36197,34,,,1,69,,36198,34,,,1,28,,36214,34,,,1,97,,36210,34,,,1,71,,36200,34,,,1,30,,36194,34,,,1,70,,36192,34,,,1,30,,36213,34,,,1,100,,36209,34,,,1,70,,36203,34,,,1,31,,36195,34,,,1,70,,36190,34,,,1,129,,36207,34,,,1,70,,36202,34,,,1,30,,36193,34,,,1,70,,36189,34,,,1,126,,36208,34,,,1,25,,36201,34,,,1,66,,36196,34,,,1,25,,36191,34,,,1
3900,'MAWeekday',444,,36216,1,,,1,91,,36217,34,,,1,22,,36218,34,,,1,64,,36219,34,,,1,20,,36220,34,,,1,18,,36221,34,,,1,61,,36222,34,,,1,19,,36223,34,,,1,20,,36224,34,,,1,63,,36225,34,,,1,23,,36226,34,,,1,61,,36227,34,,,1,31,,36228,34,,,1,77,,36229,34,,,1,37,,36230,34,,,1,78,,36231,34,,,1,77,,36232,34,,,1,37,,36233,34,,,1,75,,36234,34,,,1,34,,36235,34,,,1,66,,36236,34,,,1,28,,36237,34,,,1,59,,36238,34,,,1,20,,36239,34,,,1,21,,36240,34,,,1,62,,36241,34,,,1,18,,36242,34,,,1,19,,36243,34,,,1,58,,36244,34,,,1,19,,36245,34,,,1,22,,36246,34,,,1,62,,36247,34,,,1,21,,36248,34,,,1,23,,36249,34,,,1,58,,36250,34,,,1,22,,36251,34,,,1,23,,36252,34,,,1,59,,36253,34,,,1,35,,36254,34,,,1,78,,36255,34,,,1,82,,36256,34,,,1,41,,36257,34,,,1,77,,36258,34,,,1,34,,36259,34,,,1,73,,36260,34,,,1,75,,36261,34,,,1,34,,36262,34,,,1
4301,'CPWeekday',1444,,36947,26,,,1,82,,36945,26,,,1,81,,36950,26,,,1,40,,36952,26,,,1,80,,36948,26,,,1,81,,36946,26,,,1,42,,36951,26,,,1,82,,36953,26,,,1,79,,36949,26,,,1
37601,'CPWeekday',724,,41809,25,,,1
