4500,'CPHoliday1',815,,9377,17,,,1,36,,9378,17,,,1,76,,9379,17,,,1,75,,9375,17,,,1,38,,9376,17,,,1,78,,9366,17,,,1,38,,9367,17,,,1,81,,9371,17,,,1,80,,9368,17,,,1,40,,9370,17,,,1,80,,9369,17,,,1,80,,9365,17,,,1,40,,9364,17,,,1,80,,9374,17,,,1,80,,9361,17,,,1,40,,9362,17,,,1,79,,9372,17,,,1,80,,9359,17,,,1,38,,9363,17,,,1,78,,9373,17,,,1,78,,9358,17,,,1,36,,9360,17,,,1
4500,'CPSaturday',644,,9403,17,,,1,75,,9402,17,,,1,35,,9401,17,,,1,75,,9400,17,,,1,78,,9399,17,,,1,38,,9398,17,,,1,80,,9397,17,,,1,81,,9392,17,,,1,40,,9390,17,,,1,80,,9394,17,,,1,81,,9389,17,,,1,42,,9388,17,,,1,82,,9393,17,,,1,83,,9387,17,,,1,42,,9385,17,,,1,82,,9395,17,,,1,82,,9384,17,,,1,80,,9381,17,,,1,38,,9396,17,,,1,79,,9386,17,,,1,40,,9380,17,,,1,80,,9391,17,,,1,80,,9383,17,,,1,35,,9382,17,,,1
4500,'CPSunday',815,,9423,17,,,1,36,,9424,17,,,1,76,,9425,17,,,1,75,,9421,17,,,1,38,,9422,17,,,1,78,,9412,17,,,1,38,,9413,17,,,1,81,,9417,17,,,1,80,,9414,17,,,1,40,,9416,17,,,1,80,,9415,17,,,1,80,,9411,17,,,1,40,,9410,17,,,1,80,,9420,17,,,1,80,,9407,17,,,1,40,,9408,17,,,1,79,,9418,17,,,1,80,,9405,17,,,1,38,,9409,17,,,1,78,,9419,17,,,1,78,,9404,17,,,1,36,,9406,17,,,1
4500,'CPWeekday',503,,9427,17,,,1,40,,9428,17,,,1,78,,9430,17,,,1,32,,9432,17,,,1,81,,9434,17,,,1,78,,9436,17,,,1,40,,9438,17,,,1,80,,9440,17,,,1,19,,9441,17,,,1,60,,9442,17,,,1,30,,9443,17,,,1,75,,9444,17,,,1,32,,9445,17,,,1,72,,9446,17,,,1,32,,9447,17,,,1,74,,9448,17,,,1,32,,9449,17,,,1,97,,9451,17,,,1,79,,9453,17,,,1,72,,9455,17,,,1,40,,9457,17,,,1,55,,9426,17,,,1,25,,9459,17,,,1,75,,9461,17,,,1,35,,9463,17,,,1,80,,9465,17,,,1,25,,9466,17,,,1,66,,9467,17,,,1,19,,9468,17,,,1,19,,9469,17,,,1,60,,9470,17,,,1,20,,9471,17,,,1,20,,9472,17,,,1,75,,9473,17,,,1,36,,9474,17,,,1,75,,9475,17,,,1,76,,9476,17,,,1
4501,'CPHoliday1',816,,9497,30,,,1,35,,9494,30,,,1,78,,9496,30,,,1,78,,9495,30,,,1,38,,9493,30,,,1,78,,9488,30,,,1,79,,9489,30,,,1,40,,9486,30,,,1,78,,9485,30,,,1,80,,9490,30,,,1,40,,9487,30,,,1,80,,9483,30,,,1,80,,9491,30,,,1,39,,9482,30,,,1,80,,9480,30,,,1,39,,9492,30,,,1,80,,9478,30,,,1,80,,9481,30,,,1,40,,9484,30,,,1,77,,9477,30,,,1,78,,9479,30,,,1
4501,'CPSaturday',611,,9521,30,,,1,36,,9520,30,,,1,74,,9519,30,,,1,36,,9518,30,,,1,77,,9517,30,,,1,75,,9516,30,,,1,39,,9515,30,,,1,78,,9514,30,,,1,83,,9511,30,,,1,42,,9510,30,,,1,80,,9507,30,,,1,80,,9506,30,,,1,43,,9508,30,,,1,82,,9505,30,,,1,81,,9504,30,,,1,41,,9512,30,,,1,82,,9501,30,,,1,81,,9500,30,,,1,81,,9509,30,,,1,42,,9503,30,,,1,81,,9498,30,,,1,78,,9513,30,,,1,37,,9502,30,,,1,77,,9499,30,,,1
4501,'CPSunday',816,,9542,30,,,1,35,,9539,30,,,1,78,,9541,30,,,1,78,,9540,30,,,1,38,,9538,30,,,1,78,,9533,30,,,1,79,,9534,30,,,1,40,,9531,30,,,1,78,,9530,30,,,1,80,,9535,30,,,1,40,,9532,30,,,1,80,,9528,30,,,1,80,,9536,30,,,1,39,,9527,30,,,1,80,,9525,30,,,1,39,,9537,30,,,1,80,,9523,30,,,1,80,,9526,30,,,1,40,,9529,30,,,1,77,,9522,30,,,1,78,,9524,30,,,1
4501,'CPWeekday',505,,9543,30,,,1,32,,9544,30,,,1,73,,9545,30,,,1,42,,9547,30,,,1,81,,9549,30,,,1,80,,9551,30,,,1,40,,9553,30,,,1,78,,9555,30,,,1,80,,9557,30,,,1,99,,9559,30,,,1,31,,9560,30,,,1,72,,9561,30,,,1,32,,9562,30,,,1,72,,9563,30,,,1,32,,9564,30,,,1,64,,9565,30,,,1,22,,9566,30,,,1,20,,9567,30,,,1,88,,9569,30,,,1,81,,9571,30,,,1,76,,9573,30,,,1,36,,9575,30,,,1,75,,9577,30,,,1,35,,9579,30,,,1,74,,9581,30,,,1,30,,9583,30,,,1,58,,9584,30,,,1,18,,9585,30,,,1,21,,9586,30,,,1,62,,9587,30,,,1,38,,9588,30,,,1,77,,9589,30,,,1,76,,9590,30,,,1,36,,9591,30,,,1
7100,'CPWeekday',1642,,11812,4,,,1,60,,11815,4,,,1,20,,11813,4,,,1,30,,11814,4,,,1
7101,'CPWeekday',800,,11816,20,,,1,26,,11818,20,,,1,24,,11817,20,,,1
