701,'CPHoliday1',2327,,16460,24,,,1
701,'CPSunday',2327,,16461,24,,,1
701,'CPWeekday',229,,16463,24,,,1,81,,16465,24,,,1,40,,16462,24,,,1,84,,16464,24,,,1
701,'MAHoliday1',428,,16503,24,,,1,80,,16502,24,,,1,22,,16504,24,,,1,22,,16493,24,,,1,62,,16512,24,,,1,23,,16494,24,,,1,63,,16492,24,,,1,23,,16491,24,,,1,24,,16507,24,,,1,63,,16490,24,,,1,23,,16516,24,,,1,23,,16495,24,,,1,63,,16483,24,,,1,24,,16482,24,,,1,63,,16506,24,,,1,23,,16486,24,,,1,23,,16515,24,,,1,64,,16496,24,,,1,24,,16477,24,,,1,66,,16475,24,,,1,25,,16508,24,,,1,22,,16474,24,,,1,59,,16485,24,,,1,19,,16514,24,,,1,21,,16497,24,,,1,60,,16478,24,,,1,23,,16473,24,,,1,23,,16505,24,,,1,63,,16469,24,,,1,23,,16487,24,,,1,60,,16513,24,,,1,20,,16498,24,,,1,20,,16476,24,,,1,62,,16470,24,,,1,23,,16509,24,,,1,23,,16468,24,,,1,63,,16484,24,,,1,23,,16518,24,,,1,62,,16501,24,,,1,21,,16479,24,,,1,20,,16471,24,,,1,61,,16510,24,,,1,21,,16467,24,,,1,21,,16488,24,,,1,61,,16517,24,,,1,22,,16500,24,,,1,21,,16480,24,,,1,60,,16472,24,,,1,20,,16511,24,,,1,19,,16466,24,,,1,60,,16489,24,,,1,40,,16499,24,,,1,59,,16481,24,,,1
701,'MASaturday',422,,16576,24,,,1,21,,16575,24,,,1,62,,16574,24,,,1,22,,16573,24,,,1,22,,16572,24,,,1,64,,16571,24,,,1,25,,16570,24,,,1,64,,16568,24,,,1,25,,16569,24,,,1,23,,16567,24,,,1,63,,16566,24,,,1,22,,16565,24,,,1,24,,16560,24,,,1,66,,16561,24,,,1,28,,16556,24,,,1,67,,16562,24,,,1,26,,16555,24,,,1,66,,16554,24,,,1,26,,16553,24,,,1,67,,16552,24,,,1,26,,16551,24,,,1,20,,16550,24,,,1,60,,16557,24,,,1,20,,16546,24,,,1,20,,16544,24,,,1,60,,16542,24,,,1,20,,16543,24,,,1,20,,16541,24,,,1,62,,16540,24,,,1,22,,16539,24,,,1,23,,16558,24,,,1,63,,16547,24,,,1,23,,16535,24,,,1,62,,16534,24,,,1,20,,16533,24,,,1,20,,16536,24,,,1,59,,16532,24,,,1,19,,16531,24,,,1,20,,16559,24,,,1,59,,16545,24,,,1,22,,16530,24,,,1,21,,16529,24,,,1,62,,16526,24,,,1,21,,16537,24,,,1,20,,16527,24,,,1,59,,16524,24,,,1,19,,16564,24,,,1,19,,16549,24,,,1,59,,16523,24,,,1,19,,16522,24,,,1,19,,16521,24,,,1,59,,16538,24,,,1,19,,16528,24,,,1,19,,16520,24,,,1,18,,16563,24,,,1,59,,16548,24,,,1,19,,16525,24,,,1,17,,16519,24,,,1,58,,16577,24,,,1
701,'MASunday',428,,16615,24,,,1,80,,16614,24,,,1,22,,16616,24,,,1,22,,16605,24,,,1,62,,16624,24,,,1,23,,16606,24,,,1,63,,16604,24,,,1,23,,16603,24,,,1,24,,16619,24,,,1,63,,16602,24,,,1,23,,16628,24,,,1,23,,16607,24,,,1,63,,16595,24,,,1,24,,16594,24,,,1,63,,16618,24,,,1,23,,16598,24,,,1,23,,16627,24,,,1,64,,16608,24,,,1,24,,16589,24,,,1,66,,16587,24,,,1,25,,16620,24,,,1,22,,16586,24,,,1,59,,16597,24,,,1,19,,16626,24,,,1,21,,16609,24,,,1,60,,16590,24,,,1,23,,16585,24,,,1,23,,16617,24,,,1,63,,16581,24,,,1,23,,16599,24,,,1,60,,16625,24,,,1,20,,16610,24,,,1,20,,16588,24,,,1,62,,16582,24,,,1,23,,16621,24,,,1,23,,16580,24,,,1,63,,16596,24,,,1,23,,16630,24,,,1,62,,16613,24,,,1,21,,16591,24,,,1,20,,16583,24,,,1,61,,16622,24,,,1,21,,16579,24,,,1,21,,16600,24,,,1,61,,16629,24,,,1,22,,16612,24,,,1,21,,16592,24,,,1,60,,16584,24,,,1,20,,16623,24,,,1,19,,16578,24,,,1,60,,16601,24,,,1,40,,16611,24,,,1,59,,16593,24,,,1
701,'MAWeekday',458,,16631,24,,,1,61,,16632,24,,,1,19,,16633,24,,,1,19,,16634,24,,,1,60,,16635,24,,,1,23,,16636,24,,,1,62,,16637,24,,,1,24,,16638,24,,,1,26,,16639,24,,,1,67,,16640,24,,,1,26,,16641,24,,,1,59,,16642,24,,,1,20,,16643,24,,,1,22,,16644,24,,,1,64,,16645,24,,,1,23,,16646,24,,,1,26,,16647,24,,,1,70,,16648,24,,,1,30,,16649,24,,,1,65,,16650,24,,,1,26,,16651,24,,,1,65,,16652,24,,,1,25,,16653,24,,,1,65,,16654,24,,,1,23,,16655,24,,,1,24,,16656,24,,,1,64,,16657,24,,,1,24,,16658,24,,,1,67,,16659,24,,,1,25,,16660,24,,,1,26,,16661,24,,,1,66,,16662,24,,,1,25,,16663,24,,,1,64,,16664,24,,,1,25,,16665,24,,,1,65,,16666,24,,,1,23,,16667,24,,,1,24,,16668,24,,,1,61,,16669,24,,,1,26,,16670,24,,,1,65,,16671,24,,,1,24,,16672,24,,,1,25,,16673,24,,,1,73,,16674,24,,,1,34,,16675,24,,,1,73,,16676,24,,,1,76,,16677,24,,,1,32,,16678,24,,,1,74,,16679,24,,,1,31,,16680,24,,,1
2401,'MAWeekday',513,,19846,45,,,1,32,,19847,45,,,1,80,,19848,45,,,1,31,,19849,45,,,1,78,,19850,45,,,1,73,,19851,45,,,1,37,,19852,45,,,1,76,,19853,45,,,1,32,,19854,45,,,1,71,,19855,45,,,1,333,,19856,45,,,1,77,,19857,45,,,1,77,,19858,45,,,1,35,,19859,45,,,1,76,,19860,45,,,1,36,,19861,45,,,1,75,,19862,45,,,1,73,,19863,45,,,1,34,,19864,45,,,1
10701,'MAHoliday1',832,,26761,12,,,1,70,,26770,12,,,1,29,,26787,12,,,1,70,,26759,12,,,1,19,,26758,12,,,1,18,,26760,12,,,1,18,,26771,12,,,1,58,,26762,12,,,1,19,,26782,12,,,1,18,,26790,12,,,1,58,,26764,12,,,1,18,,26763,12,,,1,18,,26765,12,,,1,59,,26772,12,,,1,19,,26766,12,,,1,20,,26783,12,,,1,61,,26791,12,,,1,20,,26768,12,,,1,20,,26769,12,,,1,60,,26767,12,,,1,20,,26774,12,,,1,21,,26775,12,,,1,60,,26784,12,,,1,20,,26792,12,,,1,20,,26773,12,,,1,60,,26778,12,,,1,21,,26781,12,,,1,20,,26777,12,,,1,59,,26776,12,,,1,20,,26785,12,,,1,18,,26793,12,,,1,59,,26780,12,,,1,19,,26779,12,,,1,20,,26786,12,,,1,74,,26788,12,,,1,35,,26794,12,,,1,66,,26789,12,,,1
10701,'MASaturday',832,,26801,12,,,1,70,,26807,12,,,1,29,,26822,12,,,1,70,,26795,12,,,1,19,,26796,12,,,1,18,,26797,12,,,1,18,,26815,12,,,1,58,,26804,12,,,1,19,,26820,12,,,1,18,,26827,12,,,1,58,,26800,12,,,1,18,,26799,12,,,1,18,,26798,12,,,1,59,,26808,12,,,1,19,,26802,12,,,1,20,,26823,12,,,1,61,,26828,12,,,1,20,,26803,12,,,1,20,,26806,12,,,1,60,,26805,12,,,1,20,,26812,12,,,1,21,,26816,12,,,1,60,,26821,12,,,1,20,,26830,12,,,1,20,,26814,12,,,1,60,,26809,12,,,1,21,,26811,12,,,1,20,,26810,12,,,1,59,,26813,12,,,1,20,,26824,12,,,1,18,,26829,12,,,1,59,,26817,12,,,1,19,,26818,12,,,1,20,,26819,12,,,1,74,,26825,12,,,1,35,,26831,12,,,1,66,,26826,12,,,1
10701,'MASunday',832,,26835,12,,,1,70,,26844,12,,,1,29,,26861,12,,,1,70,,26833,12,,,1,19,,26832,12,,,1,18,,26834,12,,,1,18,,26845,12,,,1,58,,26836,12,,,1,19,,26856,12,,,1,18,,26864,12,,,1,58,,26838,12,,,1,18,,26837,12,,,1,18,,26839,12,,,1,59,,26846,12,,,1,19,,26840,12,,,1,20,,26857,12,,,1,61,,26865,12,,,1,20,,26842,12,,,1,20,,26843,12,,,1,60,,26841,12,,,1,20,,26848,12,,,1,21,,26849,12,,,1,60,,26858,12,,,1,20,,26866,12,,,1,20,,26847,12,,,1,60,,26852,12,,,1,21,,26855,12,,,1,20,,26851,12,,,1,59,,26850,12,,,1,20,,26859,12,,,1,18,,26867,12,,,1,59,,26854,12,,,1,19,,26853,12,,,1,20,,26860,12,,,1,74,,26862,12,,,1,35,,26868,12,,,1,66,,26863,12,,,1
10701,'MAWeekday',522,,26936,12,,,1,30,,26918,12,,,1,56,,26917,12,,,1,15,,26916,12,,,1,16,,26929,12,,,1,16,,26915,12,,,1,57,,26922,12,,,1,16,,26910,12,,,1,15,,26935,12,,,1,13,,26908,12,,,1,52,,26902,12,,,1,12,,26919,12,,,1,14,,26905,12,,,1,15,,26900,12,,,1,54,,26931,12,,,1,14,,26901,12,,,1,15,,26924,12,,,1,15,,26914,12,,,1,55,,26941,12,,,1,15,,26889,12,,,1,15,,26898,12,,,1,15,,26903,12,,,1,55,,26890,12,,,1,15,,26932,12,,,1,15,,26884,12,,,1,15,,26921,12,,,1,55,,26911,12,,,1,15,,26942,12,,,1,15,,26892,12,,,1,15,,26883,12,,,1,55,,26906,12,,,1,15,,26893,12,,,1,15,,26930,12,,,1,16,,26885,12,,,1,56,,26926,12,,,1,15,,26913,12,,,1,15,,26940,12,,,1,17,,26897,12,,,1,56,,26877,12,,,1,15,,26880,12,,,1,15,,26904,12,,,1,12,,26895,12,,,1,52,,26928,12,,,1,12,,26888,12,,,1,12,,26875,12,,,1,11,,26923,12,,,1,12,,26912,12,,,1,52,,26937,12,,,1,12,,26869,12,,,1,10,,26894,12,,,1,13,,26876,12,,,1,12,,26879,12,,,1,12,,26870,12,,,1,50,,26907,12,,,1,10,,26891,12,,,1,10,,26933,12,,,1,11,,26887,12,,,1,12,,26873,12,,,1,52,,26925,12,,,1,11,,26909,12,,,1,11,,26934,12,,,1,10,,26871,12,,,1,19,,26878,12,,,1,59,,26882,12,,,1,20,,26899,12,,,1,20,,26886,12,,,1,60,,26920,12,,,1,20,,26938,12,,,1,21,,26872,12,,,1,60,,26874,12,,,1,19,,26881,12,,,1,25,,26896,12,,,1,65,,26927,12,,,1,23,,26939,12,,,1
