600,'CPHoliday1',816,,29991,45,,,1,42,,29992,45,,,1,81,,29993,45,,,1,85,,29994,45,,,1,82,,29995,45,,,1,45,,29996,45,,,1,87,,29997,45,,,1,86,,29998,45,,,1,89,,29999,45,,,1,88,,30000,45,,,1,47,,30001,45,,,1,89,,30002,45,,,1,88,,30003,45,,,1,87,,30004,45,,,1,43,,30005,45,,,1,81,,30006,45,,,1,81,,30007,45,,,1,41,,30008,45,,,1,79,,30009,45,,,1
600,'CPSaturday',544,,30010,45,,,1,79,,30011,45,,,1,78,,30012,45,,,1,39,,30013,45,,,1,82,,30014,45,,,1,81,,30015,45,,,1,42,,30016,45,,,1,83,,30017,45,,,1,88,,30018,45,,,1,84,,30019,45,,,1,45,,30020,45,,,1,87,,30021,45,,,1,86,,30022,45,,,1,84,,30023,45,,,1,44,,30024,45,,,1,85,,30025,45,,,1,85,,30026,45,,,1,84,,30027,45,,,1,43,,30028,45,,,1,84,,30029,45,,,1,84,,30030,45,,,1,42,,30031,45,,,1,83,,30032,45,,,1,82,,30033,45,,,1,40,,30034,45,,,1,80,,30035,45,,,1,80,,30036,45,,,1
600,'CPSunday',816,,30037,45,,,1,42,,30038,45,,,1,81,,30039,45,,,1,85,,30040,45,,,1,82,,30041,45,,,1,45,,30042,45,,,1,87,,30043,45,,,1,86,,30044,45,,,1,89,,30045,45,,,1,88,,30046,45,,,1,47,,30047,45,,,1,89,,30048,45,,,1,88,,30049,45,,,1,87,,30050,45,,,1,43,,30051,45,,,1,81,,30052,45,,,1,81,,30053,45,,,1,41,,30054,45,,,1,79,,30055,45,,,1
600,'CPWeekday',530,,30101,45,,,1,27,,30092,45,,,1,72,,30090,45,,,1,28,,30095,45,,,1,65,,30089,45,,,1,36,,30088,45,,,1,71,,30093,45,,,1,73,,30087,45,,,1,29,,30086,45,,,1,69,,30094,45,,,1,30,,30075,45,,,1,70,,30073,45,,,1,30,,30097,45,,,1,70,,30077,45,,,1,31,,30072,45,,,1,70,,30096,45,,,1,31,,30076,45,,,1,70,,30071,45,,,1,31,,30091,45,,,1,26,,30070,45,,,1,65,,30078,45,,,1,24,,30064,45,,,1,64,,30098,45,,,1,25,,30063,45,,,1,66,,30074,45,,,1,26,,30065,45,,,1,26,,30099,45,,,1,65,,30062,45,,,1,25,,30079,45,,,1,62,,30067,45,,,1,22,,30100,45,,,1,21,,30061,45,,,1,65,,30081,45,,,1,27,,30068,45,,,1,67,,30060,45,,,1,27,,30083,45,,,1,67,,30066,45,,,1,28,,30059,45,,,1,28,,30080,45,,,1,66,,30069,45,,,1,26,,30058,45,,,1,75,,30084,45,,,1,75,,30057,45,,,1,32,,30082,45,,,1,75,,30056,45,,,1,36,,30085,45,,,1
800,'CPSaturday',709,,30649,43,,,1,42,,30639,43,,,1,85,,30650,43,,,1,85,,30645,43,,,1,86,,30651,43,,,1,48,,30640,43,,,1,90,,30652,43,,,1,90,,30641,43,,,1,91,,30653,43,,,1,95,,30646,43,,,1,93,,30654,43,,,1,93,,30647,43,,,1,93,,30658,43,,,1,52,,30638,43,,,1,93,,30656,43,,,1,90,,30648,43,,,1,88,,30659,43,,,1,86,,30642,43,,,1,46,,30660,43,,,1,86,,30643,43,,,1,84,,30655,43,,,1,81,,30644,43,,,1,43,,30657,43,,,1
800,'CPWeekday',528,,30689,43,,,1,72,,30691,43,,,1,31,,30688,43,,,1,73,,30690,43,,,1,36,,30685,43,,,1,78,,30686,43,,,1,39,,30687,43,,,1,76,,30682,43,,,1,74,,30683,43,,,1,36,,30684,43,,,1,76,,30681,43,,,1,35,,30680,43,,,1,75,,30679,43,,,1,77,,30678,43,,,1,37,,30677,43,,,1,80,,30676,43,,,1,84,,30675,43,,,1,43,,30674,43,,,1,77,,30673,43,,,1,80,,30672,43,,,1,40,,30666,43,,,1,78,,30671,43,,,1,32,,30665,43,,,1,73,,30661,43,,,1,72,,30670,43,,,1,41,,30663,43,,,1,82,,30668,43,,,1,82,,30664,43,,,1,42,,30669,43,,,1,80,,30662,43,,,1,82,,30667,43,,,1
2600,'CPHoliday1',639,,33833,11,,,1,65,,33834,11,,,1,26,,33836,20,,,1,25,,33837,20,,,1,67,,33838,20,,,1,26,,33839,20,,,1,67,,33840,20,,,1,28,,33841,20,,,1,69,,33842,20,,,1,28,,33843,20,,,1,68,,33844,20,,,1,29,,33845,20,,,1,67,,33846,20,,,1,20,,33847,20,,,1,20,,33848,20,,,1,63,,33849,20,,,1,24,,33850,20,,,1,24,,33851,20,,,1,65,,33852,20,,,1,22,,33853,20,,,1,62,,33854,20,,,1,22,,33855,20,,,1,22,,33856,20,,,1,64,,33857,20,,,1,25,,33858,20,,,1,63,,33859,20,,,1,23,,33860,20,,,1,24,,33861,20,,,1,62,,33862,20,,,1,22,,33863,20,,,1,22,,33864,20,,,1,62,,33865,20,,,1,21,,33866,20,,,1,66,,33867,20,,,1,28,,33868,20,,,1,26,,33869,20,,,1,68,,33870,20,,,1,27,,33871,20,,,1,65,,33872,20,,,1,26,,33873,20,,,1,65,,33874,20,,,1,26,,33875,20,,,1,26,,33876,20,,,1,64,,33877,20,,,1,23,,33878,20,,,1,64,,33879,20,,,1
2600,'CPSaturday',451,,33880,20,,,1,60,,33881,20,,,1,21,,33882,20,,,1,20,,33883,20,,,1,64,,33884,20,,,1,22,,33885,20,,,1,62,,33886,20,,,1,23,,33887,20,,,1,22,,33888,20,,,1,64,,33889,20,,,1,22,,33890,20,,,1,22,,33891,20,,,1,65,,33892,20,,,1,24,,33893,20,,,1,65,,33894,20,,,1,25,,33895,20,,,1,18,,33896,20,,,1,58,,33897,20,,,1,19,,33898,20,,,1,20,,33899,20,,,1,61,,33900,20,,,1,19,,33901,20,,,1,18,,33902,20,,,1,58,,33903,20,,,1,16,,33904,20,,,1,16,,33905,20,,,1,16,,33906,20,,,1,56,,33907,20,,,1,14,,33908,20,,,1,14,,33909,20,,,1,14,,33910,20,,,1,54,,33911,20,,,1,14,,33912,20,,,1,14,,33913,20,,,1,14,,33914,20,,,1,14,,33915,20,,,1,54,,33916,20,,,1,14,,33917,20,,,1,14,,33918,20,,,1,15,,33919,20,,,1,55,,33920,20,,,1,14,,33921,20,,,1,15,,33922,20,,,1,15,,33923,20,,,1,54,,33924,20,,,1,14,,33925,20,,,1,14,,33926,20,,,1,14,,33927,20,,,1,52,,33928,20,,,1,11,,33929,20,,,1,12,,33930,20,,,1,16,,33931,20,,,1,64,,33932,20,,,1,24,,33933,20,,,1,24,,33934,20,,,1,63,,33935,20,,,1,20,,33936,20,,,1,18,,33937,20,,,1,57,,33938,20,,,1,17,,33939,20,,,1,18,,33940,20,,,1,61,,33941,20,,,1,24,,33942,20,,,1,24,,33943,20,,,1,66,,33944,20,,,1,28,,33945,20,,,1,65,,33946,20,,,1,22,,33947,20,,,1,20,,33948,20,,,1,59,,33949,20,,,1,20,,33950,20,0,32 44 34 35 36 37,1
2600,'CPSunday',639,,33951,11,,,1,65,,33952,11,,,1,26,,33954,20,,,1,25,,33955,20,,,1,67,,33956,20,,,1,26,,33957,20,,,1,67,,33958,20,,,1,28,,33959,20,,,1,69,,33960,20,,,1,28,,33961,20,,,1,68,,33962,20,,,1,29,,33963,20,,,1,67,,33964,20,,,1,20,,33965,20,,,1,20,,33966,20,,,1,63,,33967,20,,,1,24,,33968,20,,,1,24,,33969,20,,,1,65,,33970,20,,,1,22,,33971,20,,,1,62,,33972,20,,,1,22,,33973,20,,,1,22,,33974,20,,,1,64,,33975,20,,,1,25,,33976,20,,,1,63,,33977,20,,,1,23,,33978,20,,,1,24,,33979,20,,,1,62,,33980,20,,,1,22,,33981,20,,,1,22,,33982,20,,,1,62,,33983,20,,,1,21,,33984,20,,,1,66,,33985,20,,,1,28,,33986,20,,,1,26,,33987,20,,,1,68,,33988,20,,,1,27,,33989,20,,,1,65,,33990,20,,,1,26,,33991,20,,,1,65,,33992,20,,,1,26,,33993,20,,,1,26,,33994,20,,,1,64,,33995,20,,,1,23,,33996,20,,,1,64,,33997,20,,,1
37101,'CPWeekday',1404,,41801,31,,,1
