3801,'CPHoliday1',831,,22072,26,,,1,90,,22070,26,,,1,97,,22076,26,,,1,95,,22073,26,,,1,96,,22071,26,,,1,95,,22081,26,,,1,96,,22075,26,,,1,56,,22074,26,,,1,95,,22080,26,,,1,96,,22078,26,,,1,93,,22079,26,,,1,93,,22082,26,,,1,94,,22077,26,,,1,93,,22083,26,,,1
3801,'CPSaturday',624,,22084,26,,,1,25,,22085,26,,,1,65,,22086,26,,,1,33,,22087,26,,,1,70,,22088,26,,,1,30,,22089,26,,,1,70,,22090,26,,,1,31,,22091,26,,,1,73,,22092,26,,,1,34,,22093,26,,,1,74,,22094,26,,,1,74,,22095,26,,,1,34,,22096,26,,,1,75,,22097,26,,,1,34,,22098,26,,,1,74,,22099,26,,,1,34,,22100,26,,,1,74,,22101,26,,,1,74,,22102,26,,,1,34,,22103,26,,,1,75,,22104,26,,,1,34,,22105,26,,,1,74,,22106,26,,,1,34,,22107,26,,,1,73,,22108,26,,,1,74,,22109,26,,,1,32,,22110,26,,,1,71,,22111,26,,,1,29,,22112,26,,,1,70,,22113,26,,,1,30,,22114,26,,,1,27,,22115,26,,,1,66,,22116,26,,,1,28,,22117,26,,,1
3801,'CPSunday',831,,22120,26,,,1,90,,22118,26,,,1,97,,22124,26,,,1,95,,22121,26,,,1,96,,22119,26,,,1,95,,22129,26,,,1,96,,22123,26,,,1,56,,22122,26,,,1,95,,22128,26,,,1,96,,22126,26,,,1,93,,22127,26,,,1,93,,22130,26,,,1,94,,22125,26,,,1,93,,22131,26,,,1
3801,'CPWeekday',537,,22155,31,,,1,71,,22163,31,,,1,30,,22156,31,,,1,70,,22153,31,,,1,30,,22146,31,,,1,71,,22145,31,,,1,32,,22154,31,,,1,70,,22165,31,,,1,32,,22160,31,,,1,74,,22148,31,,,1,36,,22144,31,,,1,77,,22140,31,,,1,79,,22167,31,,,1,40,,22159,31,,,1,80,,22147,31,,,1,72,,22141,31,,,1,19,,22169,31,,,1,7,,22168,31,,,1,1,,22139,31,,,1,26,,22138,31,,,1,72,,22164,31,,,1,31,,22157,31,,,1,71,,22136,31,,,1,31,,22152,31,,,1,68,,22143,31,,,1,28,,22135,31,,,1,69,,22137,31,,,1,27,,22166,31,,,1,67,,22158,31,,,1,26,,22133,31,,,1,68,,22151,31,,,1,28,,22142,31,,,1,78,,22132,31,,,1,89,,22161,31,,,1,47,,22149,31,,,1,85,,22134,31,,,1,85,,22162,31,,,1,80,,22150,31,,,1
4301,'CPWeekday',1438,,22984,21,,,1,82,,22982,21,,,1,80,,22987,21,,,1,40,,22989,21,,,1,80,,22985,21,,,1,82,,22983,21,,,1,42,,22988,21,,,1,82,,22990,21,,,1,79,,22986,21,,,1
4401,'CPHoliday1',737,,23140,13,,,1,82,,23141,13,,,1,82,,23139,13,,,1,44,,23138,13,,,1,84,,23137,13,,,1,72,,23135,13,,,1,34,,23136,13,,,1,71,,23133,13,,,1,31,,23134,13,,,1,71,,23131,13,,,1,31,,23132,13,,,1,71,,23130,13,,,1,31,,23129,13,,,1,71,,23128,13,,,1,31,,23127,13,,,1,71,,23126,13,,,1,31,,23125,13,,,1,70,,23124,13,,,1,31,,23119,13,,,1,71,,23120,13,,,1,85,,23118,13,,,1,44,,23123,13,,,1,82,,23117,13,,,1,81,,23121,13,,,1,42,,23116,13,,,1,80,,23122,13,,,1
4401,'CPSaturday',742,,23167,13,,,1,85,,23165,13,,,1,86,,23166,13,,,1,45,,23163,13,,,1,85,,23164,13,,,1,85,,23162,13,,,1,85,,23160,13,,,1,30,,23161,13,,,1,70,,23158,13,,,1,30,,23159,13,,,1,70,,23157,13,,,1,32,,23156,13,,,1,72,,23155,13,,,1,32,,23154,13,,,1,72,,23153,13,,,1,32,,23150,13,,,1,72,,23149,13,,,1,32,,23151,13,,,1,72,,23148,13,,,1,72,,23146,13,,,1,31,,23152,13,,,1,68,,23144,13,,,1,44,,23143,13,,,1,84,,23145,13,,,1,82,,23142,13,,,1,42,,23147,13,,,1
4401,'CPSunday',737,,23192,13,,,1,82,,23193,13,,,1,82,,23191,13,,,1,44,,23190,13,,,1,84,,23189,13,,,1,72,,23187,13,,,1,34,,23188,13,,,1,71,,23185,13,,,1,31,,23186,13,,,1,71,,23183,13,,,1,31,,23184,13,,,1,71,,23182,13,,,1,31,,23181,13,,,1,71,,23180,13,,,1,31,,23179,13,,,1,71,,23178,13,,,1,31,,23177,13,,,1,70,,23176,13,,,1,31,,23171,13,,,1,71,,23172,13,,,1,85,,23170,13,,,1,44,,23175,13,,,1,82,,23169,13,,,1,81,,23173,13,,,1,42,,23168,13,,,1,80,,23174,13,,,1
4401,'CPWeekday',501,,23194,13,,,1,20,,23195,13,,,1,22,,23196,13,,,1,62,,23197,13,,,1,17,,23198,13,,,1,15,,23199,13,,,1,15,,23200,13,,,1,56,,23201,13,,,1,16,,23202,13,,,1,16,,23203,13,,,1,16,,23204,13,,,1,56,,23205,13,,,1,16,,23206,13,,,1,16,,23207,13,,,1,56,,23208,13,,,1,16,,23209,13,,,1,15,,23210,13,,,1,15,,23211,13,,,1,55,,23212,13,,,1,15,,23213,13,,,1,15,,23214,13,,,1,22,,23215,13,,,1,66,,23216,13,,,1,26,,23217,13,,,1,66,,23218,13,,,1,26,,23219,13,,,1,66,,23220,13,,,1,26,,23221,13,,,1,26,,23222,13,,,1,66,,23223,13,,,1,28,,23224,13,,,1,68,,23225,13,,,1,28,,23226,13,,,1,68,,23227,13,,,1,26,,23228,13,,,1,66,,23229,13,,,1,26,,23230,13,,,1,26,,23231,13,,,1,66,,23232,13,,,1,26,,23233,13,,,1,66,,23234,13,,,1,26,,23235,13,,,1,66,,23236,13,,,1,26,,23237,13,,,1,70,,23238,13,,,1,40,,23239,13,,,1,85,,23240,13,,,1,83,,23241,13,,,1,45,,23242,13,,,1,90,,23243,13,,,1,90,,23244,13,,,1
10800,'CPWeekday',548,,26943,24,,,1,72,,26944,24,,,1,33,,26945,24,,,1,72,,26946,24,,,1,23,,26947,24,,,1,65,,26948,24,,,1,22,,26949,24,,,1,12,,26955,24,,,1,11,,26950,24,,,1,63,,26951,24,,,1,28,,26952,24,,,1,68,,26953,24,,,1,26,,26954,24,,,1
