1001,'CPHoliday1',737,,17246,26,,,1,70,,17245,26,,,1,30,,17244,26,,,1,72,,17243,26,,,1,34,,17242,26,,,1,74,,17241,26,,,1,33,,17240,26,,,1,73,,17239,26,,,1,35,,17238,26,,,1,75,,17236,26,,,1,75,,17237,26,,,1,35,,17235,26,,,1,75,,17234,26,,,1,35,,17232,26,,,1,76,,17233,26,,,1,76,,17231,26,,,1,37,,17227,26,,,1,76,,17229,26,,,1,36,,17225,26,,,1,76,,17224,26,,,1,74,,17228,26,,,1,34,,17221,26,,,1,73,,17222,26,,,1,34,,17219,26,,,1,74,,17226,26,,,1,34,,17223,26,,,1,73,,17218,26,,,1,32,,17217,26,,,1,70,,17230,26,,,1,29,,17220,26,,,1
1001,'CPSaturday',630,,17286,26,,,1,26,,17284,26,,,1,65,,17285,26,,,1,25,,17282,26,,,1,65,,17283,26,,,1,27,,17279,26,,,1,65,,17280,26,,,1,27,,17278,26,,,1,27,,17281,26,,,1,67,,17276,26,,,1,27,,17277,26,,,1,68,,17275,26,,,1,28,,17274,26,,,1,68,,17273,26,,,1,28,,17272,26,,,1,70,,17271,26,,,1,29,,17270,26,,,1,69,,17268,26,,,1,28,,17269,26,,,1,69,,17267,26,,,1,29,,17266,26,,,1,70,,17261,26,,,1,30,,17262,26,,,1,69,,17257,26,,,1,30,,17256,26,,,1,67,,17260,26,,,1,28,,17255,26,,,1,27,,17265,26,,,1,68,,17254,26,,,1,28,,17251,26,,,1,68,,17258,26,,,1,26,,17248,26,,,1,66,,17264,26,,,1,25,,17252,26,,,1,66,,17250,26,,,1,26,,17259,26,,,1,26,,17249,26,,,1,65,,17263,26,,,1,23,,17253,26,,,1,64,,17247,26,,,1
1001,'CPSunday',737,,17316,26,,,1,70,,17315,26,,,1,30,,17314,26,,,1,72,,17313,26,,,1,34,,17312,26,,,1,74,,17311,26,,,1,33,,17310,26,,,1,73,,17309,26,,,1,35,,17308,26,,,1,75,,17306,26,,,1,75,,17307,26,,,1,35,,17305,26,,,1,75,,17304,26,,,1,35,,17302,26,,,1,76,,17303,26,,,1,76,,17301,26,,,1,37,,17297,26,,,1,76,,17299,26,,,1,36,,17295,26,,,1,76,,17294,26,,,1,74,,17298,26,,,1,34,,17291,26,,,1,73,,17292,26,,,1,34,,17289,26,,,1,74,,17296,26,,,1,34,,17293,26,,,1,73,,17288,26,,,1,32,,17287,26,,,1,70,,17300,26,,,1,29,,17290,26,,,1
1001,'CPWeekday',456,,17366,26,,,1,62,,17362,26,,,1,20,,17365,26,,,1,63,,17364,26,,,1,22,,17363,26,,,1,22,,17360,26,,,1,66,,17361,26,,,1,25,,17359,26,,,1,7,,17367,26,,,1,58,,17358,26,,,1,27,,17357,26,,,1,26,,17356,26,,,1,64,,17354,26,,,1,25,,17355,26,,,1,64,,17353,26,,,1,26,,17352,26,,,1,25,,17351,26,,,1,64,,17350,26,,,1,25,,17349,26,,,1,65,,17348,26,,,1,25,,17347,26,,,1,65,,17346,26,,,1,25,,17345,26,,,1,25,,17344,26,,,1,66,,17342,26,,,1,28,,17343,26,,,1,67,,17337,26,,,1,27,,17334,26,,,1,67,,17336,26,,,1,27,,17335,26,,,1,24,,17329,26,,,1,62,,17328,26,,,1,21,,17339,26,,,1,62,,17333,26,,,1,22,,17326,26,,,1,22,,17325,26,,,1,63,,17327,26,,,1,23,,17324,26,,,1,19,,17323,26,,,1,60,,17341,26,,,1,22,,17330,26,,,1,22,,17322,26,,,1,63,,17320,26,,,1,34,,17321,26,,,1,74,,17338,26,,,1,31,,17332,26,,,1,72,,17318,26,,,1,70,,17319,26,,,1,28,,17340,26,,,1,29,,17331,26,,,1,67,,17317,26,,,1
3900,'CPHoliday1',617,,22190,35,,,1,38,,22184,35,,,1,82,,22179,35,,,1,78,,22175,35,,,1,40,,22191,35,,,1,82,,22182,35,,,1,82,,22180,35,,,1,83,,22174,35,,,1,43,,22189,35,,,1,84,,22183,35,,,1,86,,22176,35,,,1,85,,22173,35,,,1,45,,22192,35,,,1,85,,22186,35,,,1,85,,22177,35,,,1,44,,22172,35,,,1,85,,22193,35,,,1,85,,22185,35,,,1,84,,22178,35,,,1,44,,22171,35,,,1,82,,22188,35,,,1,80,,22187,35,,,1,81,,22181,35,,,1,35,,22170,35,,,1
3900,'CPSaturday',759,,22199,35,,,1,65,,22198,35,,,1,215,,22200,35,,,1,69,,22197,35,,,1,229,,22201,35,,,1,70,,22196,35,,,1,231,,22202,35,,,1,70,,22195,35,,,1,227,,22203,35,,,1,69,,22194,35,,,1,209,,22204,35,,,1
3900,'CPSunday',617,,22225,35,,,1,38,,22219,35,,,1,82,,22214,35,,,1,78,,22210,35,,,1,40,,22226,35,,,1,82,,22217,35,,,1,82,,22215,35,,,1,83,,22209,35,,,1,43,,22224,35,,,1,84,,22218,35,,,1,86,,22211,35,,,1,85,,22208,35,,,1,45,,22227,35,,,1,85,,22221,35,,,1,85,,22212,35,,,1,44,,22207,35,,,1,85,,22228,35,,,1,85,,22220,35,,,1,84,,22213,35,,,1,44,,22206,35,,,1,82,,22223,35,,,1,80,,22222,35,,,1,81,,22216,35,,,1,35,,22205,35,,,1
3900,'MASaturday',616,,22252,35,,,1,25,,22251,35,,,1,67,,22245,35,,,1,26,,22244,35,,,1,116,,22246,35,,,1,66,,22239,35,,,1,26,,22237,35,,,1,69,,22238,35,,,1,125,,22250,35,,,1,71,,22240,35,,,1,30,,22234,35,,,1,70,,22232,35,,,1,130,,22249,35,,,1,70,,22243,35,,,1,31,,22235,35,,,1,70,,22230,35,,,1,129,,22247,35,,,1,70,,22242,35,,,1,30,,22233,35,,,1,70,,22229,35,,,1,125,,22248,35,,,1,25,,22241,35,,,1,66,,22236,35,,,1,25,,22231,35,,,1
3900,'MAWeekday',445,,22253,2,,,1,91,,22254,35,,,1,22,,22255,35,,,1,64,,22256,35,,,1,20,,22257,35,,,1,58,,22258,35,,,1,21,,22259,35,,,1,19,,22260,35,,,1,60,,22261,35,,,1,23,,22262,35,,,1,23,,22263,35,,,1,61,,22264,35,,,1,31,,22265,35,,,1,77,,22266,35,,,1,37,,22267,35,,,1,78,,22268,35,,,1,77,,22269,35,,,1,37,,22270,35,,,1,75,,22271,35,,,1,34,,22272,35,,,1,66,,22273,35,,,1,28,,22274,35,,,1,59,,22275,35,,,1,20,,22276,35,,,1,21,,22277,35,,,1,62,,22278,35,,,1,18,,22279,35,,,1,19,,22280,35,,,1,58,,22281,35,,,1,19,,22282,35,,,1,22,,22283,35,,,1,62,,22284,35,,,1,21,,22285,35,,,1,23,,22286,35,,,1,58,,22287,35,,,1,22,,22288,35,,,1,23,,22289,35,,,1,59,,22290,35,,,1,35,,22291,35,,,1,78,,22292,35,,,1,82,,22293,35,,,1,41,,22294,35,,,1,77,,22295,35,,,1,74,,22296,35,,,1,33,,22297,35,,,1,74,,22298,35,,,1,34,,22299,35,,,1
4301,'CPWeekday',1445,,22984,27,,,1,82,,22982,27,,,1,81,,22987,27,,,1,40,,22989,27,,,1,80,,22985,27,,,1,81,,22983,27,,,1,42,,22988,27,,,1,82,,22990,27,,,1,79,,22986,27,,,1
30601,'CPWeekday',1447,,27830,10,,,1
