700,'CPHoliday1',2205,,16239,18,,,1
700,'CPSunday',2205,,16240,18,,,1
700,'CPWeekday',240,,16241,18,,,1,80,,16242,18,,,1,83,,16243,18,,,1,42,,16244,18,,,1
700,'MAHoliday1',437,,16281,18,,,1,21,,16294,18,,,1,63,,16277,18,,,1,21,,16272,18,,,1,61,,16271,18,,,1,22,,16287,18,,,1,24,,16270,18,,,1,63,,16296,18,,,1,23,,16278,18,,,1,23,,16269,18,,,1,63,,16266,18,,,1,23,,16288,18,,,1,63,,16267,18,,,1,24,,16295,18,,,1,24,,16279,18,,,1,65,,16261,18,,,1,24,,16260,18,,,1,64,,16289,18,,,1,25,,16268,18,,,1,24,,16293,18,,,1,64,,16280,18,,,1,24,,16259,18,,,1,65,,16254,18,,,1,25,,16286,18,,,1,22,,16253,18,,,1,61,,16265,18,,,1,21,,16292,18,,,1,62,,16273,18,,,1,21,,16256,18,,,1,21,,16250,18,,,1,62,,16283,18,,,1,22,,16248,18,,,1,22,,16262,18,,,1,62,,16290,18,,,1,22,,16275,18,,,1,20,,16257,18,,,1,60,,16249,18,,,1,21,,16282,18,,,1,21,,16245,18,,,1,61,,16264,18,,,1,22,,16291,18,,,1,21,,16274,18,,,1,63,,16258,18,,,1,22,,16251,18,,,1,60,,16284,18,,,1,21,,16246,18,,,1,20,,16263,18,,,1,79,,16276,18,,,1,19,,16255,18,,,1,60,,16252,18,,,1,19,,16285,18,,,1,19,,16247,18,,,1,60,,16297,18,,,1
700,'MASaturday',403,,16355,18,,,1,24,,16354,18,,,1,24,,16353,18,,,1,66,,16352,18,,,1,22,,16351,18,,,1,63,,16350,18,,,1,22,,16349,18,,,1,23,,16348,18,,,1,63,,16347,18,,,1,25,,16346,18,,,1,66,,16345,18,,,1,27,,16344,18,,,1,26,,16338,18,,,1,65,,16337,18,,,1,25,,16335,18,,,1,65,,16332,18,,,1,24,,16333,18,,,1,25,,16334,18,,,1,67,,16339,18,,,1,27,,16331,18,,,1,69,,16330,18,,,1,28,,16324,18,,,1,67,,16329,18,,,1,27,,16323,18,,,1,61,,16322,18,,,1,21,,16341,18,,,1,21,,16328,18,,,1,62,,16321,18,,,1,22,,16318,18,,,1,19,,16316,18,,,1,60,,16319,18,,,1,20,,16314,18,,,1,21,,16313,18,,,1,62,,16340,18,,,1,22,,16325,18,,,1,22,,16312,18,,,1,62,,16310,18,,,1,22,,16311,18,,,1,60,,16317,18,,,1,19,,16308,18,,,1,19,,16306,18,,,1,19,,16342,18,,,1,59,,16326,18,,,1,19,,16309,18,,,1,20,,16303,18,,,1,58,,16302,18,,,1,19,,16320,18,,,1,20,,16307,18,,,1,60,,16301,18,,,1,20,,16343,18,,,1,19,,16327,18,,,1,60,,16304,18,,,1,17,,16299,18,,,1,17,,16300,18,,,1,59,,16315,18,,,1,18,,16305,18,,,1,19,,16298,18,,,1,17,,16336,18,,,1,58,,16356,18,,,1
700,'MASunday',437,,16393,18,,,1,21,,16406,18,,,1,63,,16389,18,,,1,21,,16384,18,,,1,61,,16383,18,,,1,22,,16399,18,,,1,24,,16382,18,,,1,63,,16408,18,,,1,23,,16390,18,,,1,23,,16381,18,,,1,63,,16378,18,,,1,23,,16400,18,,,1,63,,16379,18,,,1,24,,16407,18,,,1,24,,16391,18,,,1,65,,16373,18,,,1,24,,16372,18,,,1,64,,16401,18,,,1,25,,16380,18,,,1,24,,16405,18,,,1,64,,16392,18,,,1,24,,16371,18,,,1,65,,16366,18,,,1,25,,16398,18,,,1,22,,16365,18,,,1,61,,16377,18,,,1,21,,16404,18,,,1,62,,16385,18,,,1,21,,16368,18,,,1,21,,16362,18,,,1,62,,16395,18,,,1,22,,16360,18,,,1,22,,16374,18,,,1,62,,16402,18,,,1,22,,16387,18,,,1,20,,16369,18,,,1,60,,16361,18,,,1,21,,16394,18,,,1,21,,16357,18,,,1,61,,16376,18,,,1,22,,16403,18,,,1,21,,16386,18,,,1,63,,16370,18,,,1,22,,16363,18,,,1,60,,16396,18,,,1,21,,16358,18,,,1,20,,16375,18,,,1,79,,16388,18,,,1,19,,16367,18,,,1,60,,16364,18,,,1,19,,16397,18,,,1,19,,16359,18,,,1,60,,16409,18,,,1
700,'MAWeekday',508,,16410,18,,,1,24,,16411,18,,,1,24,,16412,18,,,1,64,,16413,18,,,1,22,,16414,18,,,1,61,,16415,18,,,1,20,,16416,18,,,1,24,,16417,18,,,1,64,,16418,18,,,1,26,,16419,18,,,1,65,,16420,18,,,1,28,,16421,18,,,1,70,,16422,18,,,1,30,,16423,18,,,1,25,,16424,18,,,1,65,,16425,18,,,1,25,,16426,18,,,1,65,,16427,18,,,1,25,,16428,18,,,1,20,,16429,18,,,1,60,,16430,18,,,1,22,,16431,18,,,1,64,,16432,18,,,1,25,,16433,18,,,1,25,,16434,18,,,1,66,,16435,18,,,1,25,,16436,18,,,1,65,,16437,18,,,1,26,,16438,18,,,1,25,,16439,18,,,1,65,,16440,18,,,1,25,,16441,18,,,1,65,,16442,18,,,1,26,,16443,18,,,1,66,,16444,18,,,1,25,,16445,18,,,1,24,,16446,18,,,1,64,,16447,18,,,1,22,,16448,18,,,1,62,,16449,18,,,1,24,,16450,18,,,1,74,,16451,18,,,1,27,,16452,18,,,1,26,,16453,18,,,1,68,,16454,18,,,1,34,,16455,18,,,1,74,,16456,18,,,1,72,,16457,18,,,1,30,,16458,18,,,1,69,,16459,18,,,1
3900,'CPHoliday1',646,,22190,66,,,1,78,,22184,66,,,1,83,,22179,66,,,1,38,,22175,66,,,1,81,,22191,66,,,1,83,,22182,66,,,1,42,,22180,66,,,1,83,,22174,66,,,1,83,,22189,66,,,1,85,,22183,66,,,1,47,,22176,66,,,1,85,,22173,66,,,1,86,,22192,66,,,1,85,,22186,66,,,1,45,,22177,66,,,1,83,,22172,66,,,1,85,,22193,66,,,1,84,,22185,66,,,1,40,,22178,66,,,1,84,,22171,66,,,1,82,,22188,66,,,1,40,,22187,66,,,1,81,,22181,66,,,1,75,,22170,66,,,1
3900,'CPSaturday',829,,22199,66,,,1,25,,22198,66,,,1,258,,22200,66,,,1,29,,22197,66,,,1,271,,22201,66,,,1,30,,22196,66,,,1,272,,22202,66,,,1,30,,22195,66,,,1,261,,22203,66,,,1,28,,22194,66,,,1,207,,22204,66,,,1
3900,'CPSunday',646,,22225,66,,,1,78,,22219,66,,,1,83,,22214,66,,,1,38,,22210,66,,,1,81,,22226,66,,,1,83,,22217,66,,,1,42,,22215,66,,,1,83,,22209,66,,,1,83,,22224,66,,,1,85,,22218,66,,,1,47,,22211,66,,,1,85,,22208,66,,,1,86,,22227,66,,,1,85,,22221,66,,,1,45,,22212,66,,,1,83,,22207,66,,,1,85,,22228,66,,,1,84,,22220,66,,,1,40,,22213,66,,,1,84,,22206,66,,,1,82,,22223,66,,,1,40,,22222,66,,,1,81,,22216,66,,,1,75,,22205,66,,,1
3900,'MASaturday',645,,22252,66,,,1,65,,22251,66,,,1,28,,22245,66,,,1,66,,22244,66,,,1,116,,22246,66,,,1,28,,22239,66,,,1,66,,22237,66,,,1,30,,22238,66,,,1,166,,22250,66,,,1,31,,22240,66,,,1,70,,22234,66,,,1,30,,22232,66,,,1,171,,22249,66,,,1,30,,22243,66,,,1,71,,22235,66,,,1,30,,22230,66,,,1,170,,22247,66,,,1,27,,22242,66,,,1,69,,22233,66,,,1,30,,22229,66,,,1,162,,22248,66,,,1,25,,22241,66,,,1,26,,22236,66,,,1,64,,22231,66,,,1
3900,'MAWeekday',517,,22253,34,,,1,91,,22254,67,,,1,25,,22255,67,,,1,24,,22256,67,,,1,62,,22257,67,,,1,19,,22258,67,,,1,21,,22259,67,,,1,59,,22260,67,,,1,20,,22261,67,,,1,63,,22262,67,,,1,24,,22263,67,,,1,20,,22264,66,,,1,71,,22265,66,,,1,35,,22266,66,,,1,77,,22267,66,,,1,77,,22268,66,,,1,38,,22269,66,,,1,77,,22270,66,,,1,36,,22271,66,,,1,74,,22272,66,,,1,25,,22273,66,,,1,69,,22274,67,,,1,20,,22275,67,,,1,61,,22276,67,,,1,21,,22277,67,,,1,22,,22278,67,,,1,58,,22279,67,,,1,19,,22280,67,,,1,17,,22281,67,,,1,59,,22282,67,,,1,21,,22283,67,,,1,22,,22284,67,,,1,61,,22285,67,,,1,21,,22286,67,,,1,16,,22287,66,,,1,62,,22288,66,,,1,22,,22289,66,,,1,18,,22290,66,,,1,75,,22291,66,,,1,37,,22292,66,,,1,81,,22293,66,,,1,80,,22294,66,,,1,37,,22295,66,,,1,75,,22296,66,,,1,73,,22297,66,,,1,33,,22298,66,,,1,74,,22299,66,,,1
4301,'CPWeekday',1513,,22984,59,,,1,42,,22982,59,,,1,83,,22987,59,,,1,81,,22989,59,,,1,81,,22985,59,,,1,40,,22983,59,,,1,80,,22988,59,,,1,80,,22990,59,,,1,39,,22986,59,,,1
7400,'CPWeekday',528,,25759,10,,,1,81,,25760,10,,,1,46,,25761,10,,,1,87,,25762,10,,,1,86,,25763,10,,,1,86,,25764,10,,,1,86,,25765,10,,,1,424,,25766,10,,,1,83,,25767,10,,,1,47,,25768,10,,,1,87,,25769,10,,,1,87,,25770,10,,,1,84,,25771,10,,,1,44,,25772,10,,,1,84,,25773,10,,,1,85,,25774,10,,,1
