1000,'CPHoliday1',825,,3207,46,,,1,31,,3206,46,,,1,72,,3205,46,,,1,73,,3204,46,,,1,33,,3203,46,,,1,73,,3202,46,,,1,36,,3201,46,,,1,75,,3200,46,,,1,35,,3199,46,,,1,75,,3198,46,,,1,76,,3197,46,,,1,36,,3196,46,,,1,77,,3195,46,,,1,35,,3194,46,,,1,75,,3193,46,,,1,75,,3192,46,,,1,36,,3188,46,,,1,73,,3190,46,,,1,36,,3187,46,,,1,75,,3186,46,,,1,33,,3185,46,,,1,74,,3191,46,,,1,74,,3184,46,,,1,34,,3182,46,,,1,73,,3181,46,,,1,31,,3189,46,,,1,72,,3183,46,,,1,30,,3180,46,,,1
1000,'CPSaturday',636,,3248,46,,,1,65,,3245,46,,,1,25,,3243,46,,,1,25,,3247,46,,,1,65,,3246,46,,,1,26,,3244,46,,,1,67,,3241,46,,,1,27,,3242,46,,,1,67,,3239,46,,,1,27,,3240,46,,,1,28,,3238,46,,,1,68,,3237,46,,,1,27,,3236,46,,,1,68,,3235,46,,,1,29,,3234,46,,,1,69,,3233,46,,,1,28,,3232,46,,,1,69,,3231,46,,,1,29,,3230,46,,,1,69,,3229,46,,,1,30,,3228,46,,,1,69,,3227,46,,,1,29,,3222,46,,,1,69,,3221,46,,,1,29,,3217,46,,,1,68,,3225,46,,,1,28,,3216,46,,,1,68,,3215,46,,,1,28,,3218,46,,,1,68,,3212,46,,,1,25,,3226,46,,,1,26,,3213,46,,,1,66,,3209,46,,,1,26,,3219,46,,,1,67,,3211,46,,,1,26,,3224,46,,,1,65,,3214,46,,,1,25,,3208,46,,,1,23,,3220,46,,,1,64,,3210,46,,,1,23,,3223,46,,,1
1000,'CPSunday',825,,3276,46,,,1,31,,3275,46,,,1,72,,3274,46,,,1,73,,3273,46,,,1,33,,3272,46,,,1,73,,3271,46,,,1,36,,3270,46,,,1,75,,3269,46,,,1,35,,3268,46,,,1,75,,3267,46,,,1,76,,3266,46,,,1,36,,3265,46,,,1,77,,3264,46,,,1,35,,3263,46,,,1,75,,3262,46,,,1,75,,3261,46,,,1,36,,3257,46,,,1,73,,3259,46,,,1,36,,3256,46,,,1,75,,3255,46,,,1,33,,3254,46,,,1,74,,3260,46,,,1,74,,3253,46,,,1,34,,3251,46,,,1,73,,3250,46,,,1,31,,3258,46,,,1,72,,3252,46,,,1,30,,3249,46,,,1
1000,'CPWeekday',534,,3324,46,,,1,21,,3323,46,,,1,62,,3325,46,,,1,27,,3326,46,,,1,63,,3322,46,,,1,24,,3321,46,,,1,26,,3320,46,,,1,66,,3318,46,,,1,26,,3319,46,,,1,66,,3317,46,,,1,26,,3316,46,,,1,66,,3314,46,,,1,25,,3315,46,,,1,24,,3313,46,,,1,64,,3312,46,,,1,25,,3311,46,,,1,65,,3310,46,,,1,25,,3309,46,,,1,65,,3308,46,,,1,26,,3307,46,,,1,25,,3306,46,,,1,66,,3305,46,,,1,27,,3303,46,,,1,58,,3277,46,,,1,7,,3304,46,,,1,27,,3297,46,,,1,65,,3294,46,,,1,21,,3293,46,,,1,21,,3301,46,,,1,62,,3292,46,,,1,23,,3290,46,,,1,24,,3288,46,,,1,64,,3289,46,,,1,25,,3287,46,,,1,60,,3285,46,,,1,19,,3300,46,,,1,21,,3296,46,,,1,60,,3284,46,,,1,20,,3283,46,,,1,22,,3286,46,,,1,63,,3282,46,,,1,34,,3298,46,,,1,70,,3295,46,,,1,32,,3279,46,,,1,73,,3280,46,,,1,31,,3299,46,,,1,70,,3291,46,,,1,29,,3278,46,,,1,69,,3281,46,,,1,25,,3302,46,,,1
3901,'CPHoliday1',741,,8414,40,,,1,80,,8409,40,,,1,80,,8403,40,,,1,42,,8400,40,,,1,83,,8415,40,,,1,83,,8412,40,,,1,44,,8404,40,,,1,86,,8399,40,,,1,85,,8416,40,,,1,85,,8410,40,,,1,44,,8405,40,,,1,86,,8398,40,,,1,85,,8417,40,,,1,86,,8411,40,,,1,45,,8406,40,,,1,83,,8397,40,,,1,84,,8418,40,,,1,82,,8407,40,,,1,41,,8402,40,,,1,82,,8396,40,,,1,78,,8413,40,,,1,40,,8408,40,,,1,76,,8401,40,,,1,30,,8395,40,,,1
3901,'CPSaturday',926,,8424,40,,,1,28,,8423,40,,,1,262,,8425,40,,,1,30,,8422,40,,,1,273,,8426,40,,,1,28,,8421,40,,,1,266,,8427,40,,,1,30,,8420,40,,,1,262,,8428,40,,,1,26,,8419,40,,,1
3901,'CPSunday',741,,8448,40,,,1,80,,8443,40,,,1,80,,8437,40,,,1,42,,8434,40,,,1,83,,8449,40,,,1,83,,8446,40,,,1,44,,8438,40,,,1,86,,8433,40,,,1,85,,8450,40,,,1,85,,8444,40,,,1,44,,8439,40,,,1,86,,8432,40,,,1,85,,8451,40,,,1,86,,8445,40,,,1,45,,8440,40,,,1,83,,8431,40,,,1,84,,8452,40,,,1,82,,8441,40,,,1,41,,8436,40,,,1,82,,8430,40,,,1,78,,8447,40,,,1,40,,8442,40,,,1,76,,8435,40,,,1,30,,8429,40,,,1
3901,'MASaturday',735,,8473,40,,,1,66,,8469,40,,,1,27,,8468,40,,,1,27,,8462,40,,,1,167,,8470,40,,,1,28,,8465,40,,,1,68,,8461,40,,,1,29,,8459,40,,,1,167,,8471,40,,,1,32,,8466,40,,,1,72,,8457,40,,,1,31,,8453,40,,,1,167,,8472,40,,,1,30,,8463,40,,,1,69,,8458,40,,,1,28,,8454,40,,,1,169,,8474,40,,,1,28,,8464,40,,,1,69,,8456,40,,,1,28,,8455,40,,,1,118,,8475,40,,,1,62,,8467,40,,,1,20,,8460,40,,,1
3901,'MAWeekday',506,,8476,41,,,1,17,,8477,41,,,1,16,,8478,41,,,1,17,,8479,41,,,1,57,,8480,41,,,1,19,,8481,41,,,1,21,,8482,41,,,1,65,,8483,41,,,1,24,,8484,41,,,1,67,,8485,41,,,1,22,,8486,41,,,1,21,,8487,41,,,1,58,,8488,41,,,1,19,,8489,41,,,1,18,,8490,41,,,1,63,,8491,40,,,1,33,,8492,40,,,1,76,,8493,40,,,1,35,,8494,40,,,1,75,,8495,40,,,1,75,,8496,40,,,1,35,,8497,40,,,1,80,,8498,40,,,1,25,,8499,41,,,1,65,,8500,41,,,1,20,,8501,41,,,1,22,,8502,41,,,1,64,,8503,41,,,1,21,,8504,41,,,1,64,,8505,41,,,1,22,,8506,41,,,1,22,,8507,41,,,1,57,,8508,41,,,1,15,,8509,41,,,1,16,,8510,41,,,1,18,,8511,41,,,1,59,,8512,41,,,1,18,,8513,41,,,1,21,,8514,41,,,1,59,,8515,40,,,1,21,,8516,40,,,1,72,,8517,40,,,1,39,,8518,40,,,1,77,,8519,40,,,1,38,,8520,40,,,1,77,,8521,40,,,1,76,,8522,40,,,1,36,,8523,40,,,1,78,,8524,40,,,1
4300,'CPWeekday',525,,9068,44,,,1,80,,9075,44,,,1,41,,9071,44,,,1,80,,9073,44,,,1,80,,9069,44,,,1,40,,9076,44,,,1,80,,9072,44,,,1,76,,9074,44,,,1,40,,9070,44,,,1
