700,'CPWeekday',226,,2349,1,,,1,80,,2350,1,,,1,40,,2351,1,,,1,80,,2352,1,,,1
700,'MAHoliday1',420,,2389,1,,,1,21,,2403,1,,,1,61,,2385,1,,,1,21,,2380,1,,,1,21,,2379,1,,,1,63,,2395,1,,,1,23,,2378,1,,,1,23,,2405,1,,,1,63,,2386,1,,,1,23,,2377,1,,,1,63,,2374,1,,,1,23,,2396,1,,,1,23,,2375,1,,,1,63,,2404,1,,,1,24,,2387,1,,,1,24,,2369,1,,,1,64,,2368,1,,,1,24,,2397,1,,,1,64,,2376,1,,,1,24,,2402,1,,,1,24,,2388,1,,,1,64,,2367,1,,,1,25,,2362,1,,,1,65,,2394,1,,,1,22,,2361,1,,,1,21,,2373,1,,,1,61,,2401,1,,,1,21,,2381,1,,,1,21,,2364,1,,,1,62,,2358,1,,,1,22,,2391,1,,,1,62,,2356,1,,,1,22,,2370,1,,,1,22,,2399,1,,,1,62,,2383,1,,,1,20,,2365,1,,,1,20,,2357,1,,,1,61,,2390,1,,,1,21,,2353,1,,,1,22,,2372,1,,,1,62,,2400,1,,,1,23,,2382,1,,,1,63,,2366,1,,,1,22,,2359,1,,,1,20,,2392,1,,,1,60,,2354,1,,,1,20,,2371,1,,,1,20,,2398,1,,,1,60,,2384,1,,,1,20,,2363,1,,,1,20,,2360,1,,,1,60,,2393,1,,,1,20,,2355,1,,,1,20,,2406,1,,,1
700,'MASaturday',348,,2464,1,,,1,64,,2463,1,,,1,24,,2462,1,,,1,64,,2461,1,,,1,22,,2460,1,,,1,22,,2459,1,,,1,62,,2458,1,,,1,23,,2457,1,,,1,23,,2456,1,,,1,64,,2455,1,,,1,26,,2454,1,,,1,66,,2453,1,,,1,26,,2447,1,,,1,24,,2446,1,,,1,64,,2444,1,,,1,24,,2441,1,,,1,64,,2442,1,,,1,25,,2443,1,,,1,67,,2448,1,,,1,27,,2440,1,,,1,28,,2439,1,,,1,68,,2433,1,,,1,27,,2438,1,,,1,67,,2432,1,,,1,21,,2431,1,,,1,61,,2450,1,,,1,21,,2437,1,,,1,21,,2430,1,,,1,61,,2427,1,,,1,20,,2425,1,,,1,20,,2428,1,,,1,60,,2423,1,,,1,22,,2422,1,,,1,22,,2449,1,,,1,62,,2434,1,,,1,22,,2421,1,,,1,22,,2419,1,,,1,62,,2420,1,,,1,20,,2426,1,,,1,20,,2417,1,,,1,59,,2415,1,,,1,19,,2451,1,,,1,19,,2435,1,,,1,59,,2418,1,,,1,20,,2412,1,,,1,20,,2411,1,,,1,60,,2429,1,,,1,20,,2416,1,,,1,20,,2410,1,,,1,60,,2452,1,,,1,19,,2436,1,,,1,20,,2413,1,,,1,58,,2408,1,,,1,19,,2409,1,,,1,19,,2424,1,,,1,59,,2414,1,,,1,19,,2407,1,,,1,17,,2445,1,,,1,58,,2465,1,,,1
700,'MASunday',420,,2502,1,,,1,21,,2516,1,,,1,61,,2498,1,,,1,21,,2493,1,,,1,21,,2492,1,,,1,63,,2508,1,,,1,23,,2491,1,,,1,23,,2518,1,,,1,63,,2499,1,,,1,23,,2490,1,,,1,63,,2487,1,,,1,23,,2509,1,,,1,23,,2488,1,,,1,63,,2517,1,,,1,24,,2500,1,,,1,24,,2482,1,,,1,64,,2481,1,,,1,24,,2510,1,,,1,64,,2489,1,,,1,24,,2515,1,,,1,24,,2501,1,,,1,64,,2480,1,,,1,25,,2475,1,,,1,65,,2507,1,,,1,22,,2474,1,,,1,21,,2486,1,,,1,61,,2514,1,,,1,21,,2494,1,,,1,21,,2477,1,,,1,62,,2471,1,,,1,22,,2504,1,,,1,62,,2469,1,,,1,22,,2483,1,,,1,22,,2512,1,,,1,62,,2496,1,,,1,20,,2478,1,,,1,20,,2470,1,,,1,61,,2503,1,,,1,21,,2466,1,,,1,22,,2485,1,,,1,62,,2513,1,,,1,23,,2495,1,,,1,63,,2479,1,,,1,22,,2472,1,,,1,20,,2505,1,,,1,60,,2467,1,,,1,20,,2484,1,,,1,20,,2511,1,,,1,60,,2497,1,,,1,20,,2476,1,,,1,20,,2473,1,,,1,60,,2506,1,,,1,20,,2468,1,,,1,20,,2519,1,,,1
700,'MAWeekday',449,,2520,1,,,1,63,,2521,1,,,1,23,,2522,1,,,1,23,,2523,1,,,1,62,,2524,1,,,1,20,,2525,1,,,1,60,,2526,1,,,1,24,,2527,1,,,1,24,,2528,1,,,1,66,,2529,1,,,1,26,,2530,1,,,1,68,,2531,1,,,1,30,,2532,1,,,1,70,,2533,1,,,1,25,,2534,1,,,1,25,,2535,1,,,1,65,,2536,1,,,1,25,,2537,1,,,1,65,,2538,1,,,1,20,,2539,1,,,1,20,,2540,1,,,1,62,,2541,1,,,1,24,,2542,1,,,1,64,,2543,1,,,1,25,,2544,1,,,1,25,,2545,1,,,1,65,,2546,1,,,1,25,,2547,1,,,1,65,,2548,1,,,1,25,,2549,1,,,1,25,,2550,1,,,1,66,,2551,1,,,1,26,,2552,1,,,1,66,,2553,1,,,1,26,,2554,1,,,1,66,,2555,1,,,1,24,,2556,1,,,1,24,,2557,1,,,1,62,,2558,1,,,1,22,,2559,1,,,1,65,,2560,1,,,1,35,,2561,1,,,1,68,,2562,1,,,1,26,,2563,1,,,1,68,,2564,1,,,1,35,,2565,1,,,1,75,,2566,1,,,1,32,,2567,1,,,1,72,,2568,1,,,1,30,,2569,1,,,1
2000,'CPHoliday1',730,,5091,1,,,1,25,,5092,1,,,1,65,,5093,1,,,1,26,,5094,1,,,1,68,,5095,1,,,1,28,,5096,1,,,1,68,,5097,1,,,1,28,,5098,1,,,1,70,,5099,1,,,1,30,,5100,1,,,1,72,,5101,1,,,1,32,,5102,1,,,1,72,,5103,1,,,1,32,,5104,1,,,1,72,,5105,1,,,1,32,,5106,1,,,1,72,,5107,1,,,1,32,,5108,1,,,1,72,,5109,1,,,1,32,,5110,1,,,1,72,,5111,1,,,1,70,,5112,1,,,1,30,,5113,1,,,1,70,,5114,1,,,1,28,,5115,1,,,1,28,,5116,1,,,1,68,,5117,1,,,1
2000,'CPSaturday',615,,5129,1,,,1,25,,5130,1,,,1,65,,5141,1,,,1,28,,5128,1,,,1,68,,5126,1,,,1,30,,5124,1,,,1,70,,5142,1,,,1,30,,5127,1,,,1,70,,5125,1,,,1,32,,5143,1,,,1,72,,5123,1,,,1,32,,5122,1,,,1,72,,5144,1,,,1,32,,5121,1,,,1,72,,5120,1,,,1,32,,5145,1,,,1,72,,5119,1,,,1,32,,5118,1,,,1,72,,5140,1,,,1,32,,5146,1,,,1,72,,5137,1,,,1,32,,5138,1,,,1,72,,5150,1,,,1,72,,5139,1,,,1,32,,5134,1,,,1,72,,5149,1,,,1,32,,5135,1,,,1,72,,5136,1,,,1,32,,5148,1,,,1,72,,5131,1,,,1,30,,5132,1,,,1,70,,5133,1,,,1,37,,5147,1,,,1
2000,'CPSunday',730,,5151,1,,,1,25,,5152,1,,,1,65,,5153,1,,,1,26,,5154,1,,,1,68,,5155,1,,,1,28,,5156,1,,,1,68,,5157,1,,,1,28,,5158,1,,,1,70,,5159,1,,,1,30,,5160,1,,,1,72,,5161,1,,,1,32,,5162,1,,,1,72,,5163,1,,,1,32,,5164,1,,,1,72,,5165,1,,,1,32,,5166,1,,,1,72,,5167,1,,,1,32,,5168,1,,,1,72,,5169,1,,,1,32,,5170,1,,,1,72,,5171,1,,,1,70,,5172,1,,,1,30,,5173,1,,,1,70,,5174,1,,,1,28,,5175,1,,,1,28,,5176,1,,,1,68,,5177,1,,,1
2000,'CPWeekday',439,,5219,1,,,1,20,,5218,1,,,1,60,,5224,1,,,1,22,,5217,1,,,1,62,,5216,1,,,1,22,,5209,1,,,1,22,,5225,1,,,1,64,,5212,1,,,1,24,,5206,1,,,1,18,,5179,1,,,1,47,,5205,1,,,1,23,,5220,1,,,1,24,,5208,1,,,1,64,,5204,1,,,1,24,,5201,1,,,1,24,,5222,1,,,1,64,,5210,1,,,1,24,,5192,1,,,1,64,,5194,1,,,1,24,,5221,1,,,1,24,,5207,1,,,1,64,,5195,1,,,1,24,,5191,1,,,1,64,,5223,1,,,1,25,,5211,1,,,1,65,,5196,1,,,1,16,,5178,1,,,1,9,,5189,1,,,1,25,,5228,1,,,1,60,,5190,1,,,1,20,,5215,1,,,1,20,,5197,1,,,1,62,,5186,1,,,1,22,,5226,1,,,1,22,,5185,1,,,1,62,,5213,1,,,1,22,,5193,1,,,1,62,,5187,1,,,1,20,,5227,1,,,1,20,,5184,1,,,1,58,,5214,1,,,1,18,,5202,1,,,1,18,,5188,1,,,1,78,,5183,1,,,1,40,,5198,1,,,1,80,,5182,1,,,1,80,,5199,1,,,1,40,,5181,1,,,1,80,,5203,1,,,1,76,,5180,1,,,1,36,,5200,1,,,1
31500,'CPWeekday',759,2,13852,1,,,1
