601,'CPHoliday1',833,,2242,3,,,1,80,,2243,3,,,1,42,,2244,3,,,1,84,,2245,3,,,1,86,,2246,3,,,1,86,,2247,3,,,1,46,,2248,3,,,1,86,,2249,3,,,1,88,,2250,3,,,1,88,,2251,3,,,1,88,,2252,3,,,1,48,,2253,3,,,1,88,,2254,3,,,1,86,,2255,3,,,1,84,,2256,3,,,1,42,,2257,3,,,1,80,,2258,3,,,1,80,,2259,3,,,1
601,'CPSaturday',559,,2260,3,,,1,79,,2261,3,,,1,80,,2262,3,,,1,40,,2263,3,,,1,80,,2264,3,,,1,82,,2265,3,,,1,82,,2266,3,,,1,44,,2267,3,,,1,85,,2268,3,,,1,85,,2269,3,,,1,85,,2270,3,,,1,45,,2271,3,,,1,85,,2272,3,,,1,85,,2273,3,,,1,85,,2274,3,,,1,45,,2275,3,,,1,85,,2276,3,,,1,85,,2277,3,,,1,85,,2278,3,,,1,44,,2279,3,,,1,84,,2280,3,,,1,84,,2281,3,,,1,42,,2282,3,,,1,82,,2283,3,,,1,80,,2284,3,,,1,40,,2285,3,,,1
601,'CPSunday',833,,2286,3,,,1,80,,2287,3,,,1,42,,2288,3,,,1,84,,2289,3,,,1,86,,2290,3,,,1,86,,2291,3,,,1,46,,2292,3,,,1,86,,2293,3,,,1,88,,2294,3,,,1,88,,2295,3,,,1,88,,2296,3,,,1,48,,2297,3,,,1,88,,2298,3,,,1,86,,2299,3,,,1,84,,2300,3,,,1,42,,2301,3,,,1,80,,2302,3,,,1,80,,2303,3,,,1
601,'CPWeekday',517,,2347,3,,,1,29,,2343,3,,,1,70,,2337,3,,,1,30,,2336,3,,,1,70,,2340,3,,,1,17,,2304,3,,,1,13,,2335,3,,,1,70,,2334,3,,,1,30,,2341,3,,,1,70,,2333,3,,,1,30,,2332,3,,,1,70,,2342,3,,,1,30,,2322,3,,,1,70,,2320,3,,,1,30,,2339,3,,,1,70,,2321,3,,,1,30,,2319,3,,,1,70,,2344,3,,,1,30,,2323,3,,,1,70,,2318,3,,,1,30,,2338,3,,,1,70,,2314,3,,,1,28,,2324,3,,,1,66,,2312,3,,,1,24,,2345,3,,,1,24,,2311,3,,,1,64,,2325,3,,,1,24,,2313,3,,,1,64,,2346,3,,,1,26,,2310,3,,,1,66,,2330,3,,,1,30,,2316,3,,,1,70,,2309,3,,,1,30,,2327,3,,,1,68,,2315,3,,,1,28,,2308,3,,,1,28,,2329,3,,,1,66,,2317,3,,,1,26,,2307,3,,,1,78,,2328,3,,,1,77,,2306,3,,,1,38,,2326,3,,,1,76,,2305,3,,,1,35,,2331,3,,,1
801,'CPSaturday',555,,2862,3,,,1,82,,2856,3,,,1,81,,2863,3,,,1,41,,2851,3,,,1,85,,2864,3,,,1,85,,2854,3,,,1,86,,2865,3,,,1,89,,2853,3,,,1,50,,2866,3,,,1,91,,2860,3,,,1,92,,2867,3,,,1,93,,2852,3,,,1,93,,2861,3,,,1,93,,2857,3,,,1,93,,2869,3,,,1,93,,2850,3,,,1,52,,2871,3,,,1,90,,2859,3,,,1,89,,2872,3,,,1,86,,2855,3,,,1,85,,2868,3,,,1,46,,2858,3,,,1,87,,2870,3,,,1
801,'CPWeekday',537,,2907,3,,,1,71,,2906,3,,,1,33,,2902,3,,,1,73,,2905,3,,,1,14,,2873,3,,,1,12,,2875,3,,,1,3,,2876,3,,,1,60,,2904,3,,,1,25,,2903,3,,,1,78,,2901,3,,,1,37,,2900,3,,,1,77,,2898,3,,,1,34,,2899,3,,,1,75,,2897,3,,,1,75,,2895,3,,,1,35,,2896,3,,,1,76,,2894,3,,,1,38,,2893,3,,,1,57,,2877,3,,,1,21,,2874,3,,,1,2,,2892,3,,,1,84,,2891,3,,,1,83,,2890,3,,,1,39,,2886,3,,,1,79,,2884,3,,,1,39,,2883,3,,,1,77,,2888,3,,,1,73,,2879,3,,,1,33,,2878,3,,,1,73,,2885,3,,,1,40,,2880,3,,,1,80,,2889,3,,,1,82,,2882,3,,,1,42,,2887,3,,,1,83,,2881,3,,,1
2601,'CPHoliday1',704,,6233,48,,,1,26,,6234,48,,,1,26,,6235,48,,,1,65,,6236,48,,,1,26,,6237,48,,,1,66,,6238,48,,,1,26,,6239,48,,,1,69,,6240,48,,,1,29,,6241,48,,,1,69,,6242,48,,,1,28,,6243,48,,,1,68,,6244,48,,,1,29,,6245,48,,,1,20,,6246,48,,,1,61,,6247,48,,,1,22,,6248,48,,,1,22,,6249,48,,,1,64,,6250,48,,,1,24,,6251,48,,,1,64,,6252,48,,,1,24,,6253,48,,,1,24,,6254,48,,,1,64,,6255,48,,,1,22,,6256,48,,,1,62,,6257,48,,,1,22,,6258,48,,,1,22,,6259,48,,,1,63,,6260,48,,,1,24,,6261,48,,,1,22,,6262,48,,,1,61,,6263,48,,,1,22,,6264,48,,,1,62,,6265,48,,,1,21,,6266,48,,,1,27,,6267,48,,,1,67,,6268,48,,,1,28,,6269,48,,,1,68,,6270,48,,,1,28,,6271,48,,,1,67,,6272,48,,,1,26,,6273,48,,,1,66,,6274,48,,,1,25,,6275,48,,,1,23,,6276,48,,,1,62,,6277,48,,,1,22,,6278,48,,,1,24,,6279,48,,,1
2601,'CPSaturday',529,,6280,3,,,1,20,,6348,3,,,1,62,,6281,48,,,1,21,,6282,48,,,1,26,,6283,48,,,1,60,,6284,48,,,1,20,,6285,48,,,1,62,,6286,48,,,1,22,,6287,48,,,1,22,,6288,48,,,1,63,,6289,48,,,1,25,,6290,48,,,1,24,,6291,48,,,1,64,,6292,48,,,1,24,,6293,48,,,1,65,,6294,48,,,1,24,,6295,48,,,1,25,,6296,48,,,1,64,,6297,48,,,1,20,,6298,48,,,1,60,,6299,48,,,1,20,,6300,48,,,1,20,,6301,48,,,1,60,,6302,48,,,1,21,,6303,48,,,1,18,,6304,48,,,1,18,,6305,48,,,1,57,,6306,48,,,1,16,,6307,48,,,1,16,,6308,48,,,1,56,,6309,48,,,1,14,,6310,48,,,1,14,,6311,48,,,1,14,,6312,48,,,1,54,,6313,48,,,1,14,,6314,48,,,1,13,,6315,48,,,1,14,,6316,48,,,1,14,,6317,48,,,1,54,,6318,48,,,1,14,,6319,48,,,1,14,,6320,48,,,1,15,,6321,48,,,1,55,,6322,48,,,1,15,,6323,48,,,1,15,,6324,48,,,1,14,,6325,48,,,1,54,,6326,48,,,1,15,,6327,48,,,1,15,,6328,48,,,1,20,,6329,48,,,1,58,,6330,48,,,1,20,,6331,48,,,1,19,,6332,48,,,1,62,,6333,48,,,1,22,,6334,48,,,1,22,,6335,48,,,1,62,,6336,48,,,1,18,,6337,48,,,1,17,,6338,48,,,1,58,,6339,48,,,1,18,,6340,48,,,1,16,,6341,48,,,1,61,,6342,48,,,1,22,,6343,48,,,1,28,,6344,48,,,1,67,,6345,48,,,1,28,,6346,48,,,1,68,,6347,48,,,1
2601,'CPSunday',704,,6349,48,,,1,26,,6350,48,,,1,26,,6351,48,,,1,65,,6352,48,,,1,26,,6353,48,,,1,66,,6354,48,,,1,26,,6355,48,,,1,69,,6356,48,,,1,29,,6357,48,,,1,69,,6358,48,,,1,28,,6359,48,,,1,68,,6360,48,,,1,29,,6361,48,,,1,20,,6362,48,,,1,61,,6363,48,,,1,22,,6364,48,,,1,22,,6365,48,,,1,64,,6366,48,,,1,24,,6367,48,,,1,64,,6368,48,,,1,24,,6369,48,,,1,24,,6370,48,,,1,64,,6371,48,,,1,22,,6372,48,,,1,62,,6373,48,,,1,22,,6374,48,,,1,22,,6375,48,,,1,63,,6376,48,,,1,24,,6377,48,,,1,22,,6378,48,,,1,61,,6379,48,,,1,22,,6380,48,,,1,62,,6381,48,,,1,21,,6382,48,,,1,27,,6383,48,,,1,67,,6384,48,,,1,28,,6385,48,,,1,68,,6386,48,,,1,28,,6387,48,,,1,67,,6388,48,,,1,26,,6389,48,,,1,66,,6390,48,,,1,25,,6391,48,,,1,23,,6392,48,,,1,62,,6393,48,,,1,22,,6394,48,,,1,24,,6395,48,,,1
31200,'CPWeekday',753,,13845,3,,,1
