701,'CPWeekday',234,,30425,29,,,1,77,,30426,29,,,1,47,,30427,29,,,1,81,,30428,29,,,1,66,,30438,29,,,1,24,,30435,29,,,1,174,,30429,29,,,1,43,,30437,29,,,1,63,,30436,29,,,1,132,,30430,29,,,1,278,,30431,29,,,1,283,,30432,29,,,1,299,,30433,29,,,1,241,,30434,29,,,1
701,'MAHoliday1',434,,30439,29,,,1,79,,30440,29,,,1,23,,30441,29,,,1,22,,30442,29,,,1,61,,30443,29,,,1,24,,30444,29,,,1,62,,30445,29,,,1,23,,30446,29,,,1,22,,30447,29,,,1,62,,30448,29,,,1,23,,30449,29,,,1,21,,30450,29,,,1,62,,30451,29,,,1,23,,30452,29,,,1,62,,30453,29,,,1,22,,30454,29,,,1,21,,30455,29,,,1,62,,30456,29,,,1,21,,30457,29,,,1,24,,30458,29,,,1,65,,30459,29,,,1,24,,30460,29,,,1,64,,30461,29,,,1,24,,30462,29,,,1,24,,30463,29,,,1,65,,30464,29,,,1,24,,30465,29,,,1,64,,30466,29,,,1,24,,30467,29,,,1,23,,30468,29,,,1,64,,30469,29,,,1,24,,30470,29,,,1,64,,30471,29,,,1,24,,30472,29,,,1,24,,30473,29,,,1,63,,30474,29,,,1,24,,30475,29,,,1,64,,30476,29,,,1,23,,30477,29,,,1,24,,30478,29,,,1,61,,30479,29,,,1,22,,30480,29,,,1,22,,30481,29,,,1,63,,30482,29,,,1,23,,30483,29,,,1,62,,30484,29,,,1,22,,30485,29,,,1,22,,30486,29,,,1,61,,30487,29,,,1,22,,30488,29,,,1,20,,30489,29,,,1,59,,30490,29,,,1
701,'MASaturday',427,,30491,29,,,1,20,,30492,29,,,1,60,,30493,29,,,1,22,,30494,29,,,1,21,,30495,29,,,1,62,,30496,29,,,1,23,,30497,29,,,1,23,,30498,29,,,1,63,,30499,29,,,1,22,,30500,29,,,1,62,,30501,29,,,1,21,,30502,29,,,1,23,,30503,29,,,1,65,,30504,29,,,1,24,,30505,29,,,1,65,,30506,29,,,1,27,,30507,29,,,1,25,,30508,29,,,1,63,,30509,29,,,1,25,,30510,29,,,1,65,,30511,29,,,1,24,,30512,29,,,1,25,,30513,29,,,1,67,,30514,29,,,1,25,,30515,29,,,1,64,,30516,29,,,1,24,,30517,29,,,1,66,,30518,29,,,1,26,,30519,29,,,1,25,,30520,29,,,1,65,,30521,29,,,1,25,,30522,29,,,1,64,,30523,29,,,1,24,,30524,29,,,1,23,,30525,29,,,1,64,,30526,29,,,1,25,,30527,29,,,1,66,,30528,29,,,1,24,,30529,29,,,1,22,,30530,29,,,1,62,,30531,29,,,1,22,,30532,29,,,1,60,,30533,29,,,1,21,,30534,29,,,1,23,,30535,29,,,1,63,,30536,29,,,1,23,,30537,29,,,1,22,,30538,29,,,1,61,,30539,29,,,1,20,,30540,29,,,1,20,,30541,29,,,1,60,,30542,29,,,1,21,,30543,29,,,1,21,,30544,29,,,1,60,,30545,29,,,1
701,'MASunday',434,,30546,29,,,1,79,,30547,29,,,1,23,,30548,29,,,1,22,,30549,29,,,1,61,,30550,29,,,1,24,,30551,29,,,1,62,,30552,29,,,1,23,,30553,29,,,1,22,,30554,29,,,1,62,,30555,29,,,1,23,,30556,29,,,1,21,,30557,29,,,1,62,,30558,29,,,1,23,,30559,29,,,1,62,,30560,29,,,1,22,,30561,29,,,1,21,,30562,29,,,1,62,,30563,29,,,1,21,,30564,29,,,1,24,,30565,29,,,1,65,,30566,29,,,1,24,,30567,29,,,1,64,,30568,29,,,1,24,,30569,29,,,1,24,,30570,29,,,1,65,,30571,29,,,1,24,,30572,29,,,1,64,,30573,29,,,1,24,,30574,29,,,1,23,,30575,29,,,1,64,,30576,29,,,1,24,,30577,29,,,1,64,,30578,29,,,1,24,,30579,29,,,1,24,,30580,29,,,1,63,,30581,29,,,1,24,,30582,29,,,1,64,,30583,29,,,1,23,,30584,29,,,1,24,,30585,29,,,1,61,,30586,29,,,1,22,,30587,29,,,1,22,,30588,29,,,1,63,,30589,29,,,1,23,,30590,29,,,1,62,,30591,29,,,1,22,,30592,29,,,1,22,,30593,29,,,1,61,,30594,29,,,1,22,,30595,29,,,1,20,,30596,29,,,1,59,,30597,29,,,1
701,'MAWeekday',551,,30598,29,,,1,64,,30599,29,,,1,26,,30635,29,,,1,83,,30600,29,,,1,107,,30601,29,,,1,24,,30602,29,,,1,63,,30634,29,,,1,92,,30603,29,,,1,28,,30636,29,,,1,65,,30604,29,,,1,26,,30605,29,,,1,25,,30606,29,,,1,91,,30607,29,,,1,63,,30608,29,,,1,19,,30637,29,,,1,20,,30609,29,,,1,64,,30610,29,,,1,25,,30611,29,,,1,91,,30612,29,,,1,28,,30613,29,,,1,67,,30614,29,,,1,25,,30615,29,,,1,65,,30616,29,,,1,26,,30617,29,,,1,88,,30618,29,,,1,23,,30619,29,,,1,65,,30620,29,,,1,23,,30621,29,,,1,22,,30622,29,,,1,60,,30623,29,,,1,86,,30624,29,,,1,22,,30625,29,,,1,22,,30626,29,,,1,75,,30627,29,,,1,34,,30628,29,,,1,73,,30629,29,,,1,76,,30630,29,,,1,37,,30631,29,,,1,72,,30632,29,,,1,38,,30633,29,,,1
3901,'CPHoliday1',707,,36282,3,,,1,40,,36277,3,,,1,80,,36271,3,,,1,80,,36268,3,,,1,42,,36283,3,,,1,82,,36280,3,,,1,84,,36272,3,,,1,85,,36267,3,,,1,45,,36284,3,,,1,85,,36278,3,,,1,85,,36273,3,,,1,85,,36266,3,,,1,45,,36285,3,,,1,85,,36279,3,,,1,85,,36274,3,,,1,85,,36265,3,,,1,45,,36286,3,,,1,84,,36275,3,,,1,82,,36270,3,,,1,42,,36264,3,,,1,80,,36281,3,,,1,80,,36276,3,,,1,36,,36269,3,,,1,70,,36263,3,,,1
3901,'CPSaturday',918,,36291,3,,,1,288,,36290,3,,,1,229,,36292,3,,,1,70,,36289,3,,,1,229,,36293,3,,,1,70,,36288,3,,,1,228,,36294,3,,,1,26,,36287,3,,,1
3901,'CPSunday',707,,36314,3,,,1,40,,36309,3,,,1,80,,36303,3,,,1,80,,36300,3,,,1,42,,36315,3,,,1,82,,36312,3,,,1,84,,36304,3,,,1,85,,36299,3,,,1,45,,36316,3,,,1,85,,36310,3,,,1,85,,36305,3,,,1,85,,36298,3,,,1,45,,36317,3,,,1,85,,36311,3,,,1,85,,36306,3,,,1,85,,36297,3,,,1,45,,36318,3,,,1,84,,36307,3,,,1,82,,36302,3,,,1,42,,36296,3,,,1,80,,36313,3,,,1,80,,36308,3,,,1,36,,36301,3,,,1,70,,36295,3,,,1
3901,'MASaturday',704,,36339,3,,,1,26,,36335,3,,,1,26,,36334,3,,,1,66,,36328,3,,,1,28,,36343,3,,,1,96,,36336,3,,,1,68,,36331,3,,,1,28,,36327,3,,,1,68,,36325,3,,,1,28,,36342,3,,,1,96,,36337,3,,,1,70,,36332,3,,,1,30,,36323,3,,,1,71,,36319,3,,,1,129,,36338,3,,,1,70,,36329,3,,,1,30,,36324,3,,,1,70,,36320,3,,,1,130,,36340,3,,,1,70,,36330,3,,,1,30,,36322,3,,,1,70,,36321,3,,,1,120,,36341,3,,,1,24,,36333,3,,,1,60,,36326,3,,,1
3901,'MAWeekday',437,,36344,3,,,1,15,,36345,3,,,1,55,,36346,3,,,1,15,,36347,3,,,1,16,,36348,3,,,1,18,,36349,3,,,1,59,,36350,3,,,1,22,,36351,3,,,1,63,,36352,3,,,1,24,,36353,3,,,1,23,,36354,3,,,1,60,,36355,3,,,1,19,,36356,3,,,1,19,,36357,3,,,1,62,,36358,3,,,1,24,,36359,3,,,1,76,,36360,3,,,1,36,,36361,3,,,1,76,,36362,3,,,1,36,,36363,3,,,1,76,,36364,3,,,1,75,,36365,3,,,1,36,,36366,3,,,1,61,,36367,3,,,1,22,,36368,3,,,1,20,,36369,3,,,1,60,,36370,3,,,1,21,,36371,3,,,1,21,,36372,3,,,1,62,,36373,3,,,1,22,,36374,3,,,1,22,,36375,3,,,1,59,,36376,3,,,1,17,,36377,3,,,1,18,,36378,3,,,1,59,,36379,3,,,1,20,,36380,3,,,1,20,,36381,3,,,1,61,,36382,3,,,1,22,,36383,3,,,1,23,,36384,3,,,1,73,,36385,3,,,1,79,,36386,3,,,1,39,,36387,3,,,1,78,,36388,3,,,1,38,,36389,3,,,1,78,,36390,3,,,1,78,,36391,3,,,1,38,,36392,3,,,1
4300,'CPWeekday',452,,36936,4,,,1,80,,36943,4,,,1,80,,36939,4,,,1,40,,36941,4,,,1,80,,36937,4,,,1,80,,36944,4,,,1,40,,36940,4,,,1,80,,36942,4,,,1,80,,36938,4,,,1
