101,1661,1,0
101,1656,2,0
101,1662,3,0
101,1663,4,0
101,1664,5,0
101,1047,6,0
101,548,7,0
101,501,8,0
101,675,9,0
101,522,10,0
101,523,11,0
101,524,12,0
101,534,13,0
101,535,14,0
101,536,15,0
101,537,16,0
101,1099,17,0
101,964,18,0
101,968,19,0
101,1030,20,0
101,1054,21,0
101,1055,22,0
101,910,23,0
101,1003,24,0
101,992,25,0
101,520,26,0
101,629,27,0
101,639,28,0
101,640,29,0
101,670,30,0
101,641,31,0
101,642,32,0
101,643,33,0
101,644,34,0
101,645,35,0
101,4000,36,0
101,3026,37,0
101,646,38,0
101,747,39,0
101,748,40,0
101,749,41,0
101,750,42,0
101,751,43,0
101,752,44,0
101,753,45,0
101,754,46,0
101,855,47,0
101,856,48,0
101,857,49,0
101,826,50,0
101,858,51,0
101,859,52,0
101,860,53,0
101,861,54,0
101,862,55,0
101,831,56,0
101,863,57,0
101,1191,58,0
101,864,59,0
101,865,60,0
101,866,61,0
101,867,62,0
101,868,63,0
101,869,64,0
101,9160,65,0
101,9026,66,0
101,9001,67,0
101,9002,68,0
101,9003,69,0
101,9004,70,0
101,9005,71,0
101,9006,72,0
101,9007,73,0
101,9008,74,0
101,9009,75,0
101,9010,76,0
101,9011,77,0
101,9014,78,0
101,9098,79,0
101,9080,80,0
101,9000,81,0
101,801,82,1
102,801,1,0
102,310,2,0
102,9013,3,0
102,811,4,0
102,9015,5,0
102,9016,6,0
102,9017,7,0
102,9018,8,0
102,9019,9,0
102,815,10,0
102,9020,11,0
102,871,12,0
102,872,13,0
102,873,14,0
102,874,15,0
102,875,16,0
102,3536,17,0
102,876,18,0
102,877,19,0
102,1192,20,0
102,878,21,0
102,1354,22,0
102,1377,23,0
102,1378,24,0
102,1379,25,0
102,1380,26,0
102,1302,27,0
102,1381,28,0
102,827,29,0
102,1382,30,0
102,1283,31,0
102,784,32,0
102,785,33,0
102,786,34,0
102,787,35,0
102,788,36,0
102,1189,37,0
102,1190,38,0
102,1152,39,0
102,1153,40,0
102,149,41,0
102,3139,42,0
102,1194,43,0
102,3169,44,0
102,1195,45,0
102,1196,46,0
102,1197,47,0
102,1198,48,0
102,1199,49,0
102,1101,50,0
102,1100,51,0
102,1102,52,0
102,993,53,0
102,914,54,0
102,991,55,0
102,1629,56,0
102,1087,57,0
102,1072,58,0
102,1094,59,0
102,1071,60,0
102,1069,61,0
102,1049,62,0
102,1029,63,0
102,1099,64,0
102,1035,65,0
102,1036,66,0
102,1037,67,0
102,1678,68,0
102,1006,69,0
102,1665,70,0
102,1666,71,0
102,1095,72,0
102,1002,73,0
102,1667,74,0
102,1141,75,0
102,1660,76,0
102,958,77,0
102,1661,78,1
301,1403,1,0
301,480,2,0
301,481,3,0
301,3013,4,0
301,1425,5,0
301,74,6,0
301,75,7,0
301,76,8,0
301,77,9,0
301,66,10,0
301,78,11,0
301,1215,12,0
301,1216,13,0
301,1217,14,0
301,1218,15,0
301,1219,16,0
301,1220,17,0
301,1221,18,0
301,1222,19,0
301,1223,20,0
301,1224,21,0
301,1225,22,0
301,1326,23,0
301,1327,24,0
301,1325,25,0
301,1328,26,0
301,1329,27,0
301,1330,28,0
301,1331,29,0
301,1332,30,0
301,1333,31,0
301,1334,32,0
301,1335,33,0
301,1336,34,0
301,1337,35,0
301,1339,36,0
301,9161,37,0
301,9022,38,0
301,9023,39,0
301,9024,40,0
301,9025,41,0
301,2892,42,0
301,9027,43,0
301,9028,44,0
301,9029,45,0
301,9030,46,0
301,9031,47,0
301,9052,48,0
301,9162,49,0
301,9008,50,0
301,9009,51,0
301,9010,52,0
301,9011,53,0
301,9014,54,0
301,9098,55,0
301,9080,56,0
301,9000,57,0
301,1303,58,1
302,1303,1,0
302,310,2,0
302,9013,3,0
302,1304,4,0
302,9034,5,0
302,9035,6,0
302,9036,7,0
302,9037,8,0
302,9038,9,0
302,2955,10,0
302,9040,11,0
302,9041,12,0
302,9042,13,0
302,9043,14,0
302,9044,15,0
302,1305,16,0
302,1340,17,0
302,1341,18,0
302,1342,19,0
302,1343,20,0
302,1344,21,0
302,1345,22,0
302,1346,23,0
302,1347,24,0
302,1348,25,0
302,1349,26,0
302,1350,27,0
302,1351,28,0
302,1352,29,0
302,1353,30,0
302,2268,31,0
302,1255,32,0
302,1256,33,0
302,1257,34,0
302,1258,35,0
302,1259,36,0
302,1260,37,0
302,1261,38,0
302,1262,39,0
302,1263,40,0
302,1264,41,0
302,59,42,0
302,68,43,0
302,69,44,0
302,70,45,0
302,2140,46,0
302,1975,47,0
302,813,48,0
302,578,49,0
302,1821,50,0
302,666,51,0
302,1403,52,1
401,600,1,0
401,672,2,0
401,671,3,0
401,644,4,0
401,645,5,0
401,3168,6,0
401,620,7,0
401,630,8,0
401,628,9,0
401,621,10,0
401,604,11,0
401,631,12,0
401,607,13,0
401,608,14,0
401,609,15,0
401,610,16,0
401,611,17,0
401,612,18,0
401,613,19,0
401,676,20,0
401,2142,21,0
401,703,22,0
401,756,23,0
401,704,24,0
401,760,25,0
401,705,26,0
401,706,27,0
401,707,28,0
401,710,29,0
401,711,30,0
401,712,31,0
401,713,32,0
401,714,33,0
401,716,34,0
401,729,35,0
401,730,36,0
401,400,37,0
401,402,38,0
401,403,39,0
401,405,40,0
401,426,41,0
401,407,42,0
401,9097,43,0
401,9058,44,0
401,9000,45,1
402,9058,1,0
402,9060,2,0
402,422,3,0
402,1399,4,0
402,423,5,0
402,424,6,0
402,409,7,0
402,410,8,0
402,411,9,0
402,412,10,0
402,413,11,0
402,414,12,0
402,415,13,0
402,731,14,0
402,732,15,0
402,733,16,0
402,734,17,0
402,735,18,0
402,736,19,0
402,737,20,0
402,738,21,0
402,739,22,0
402,740,23,0
402,741,24,0
402,742,25,0
402,761,26,0
402,743,27,0
402,744,28,0
402,745,29,0
402,746,30,0
402,723,31,0
402,3198,32,0
402,614,33,0
402,615,34,0
402,616,35,0
402,617,36,0
402,618,37,0
402,619,38,0
402,620,39,0
402,630,40,0
402,628,41,0
402,621,42,0
402,604,43,0
402,631,44,0
402,607,45,0
402,3169,46,0
402,1195,47,0
402,1196,48,0
402,600,49,1
503,446,1,0
503,471,2,0
503,447,3,0
503,448,4,0
503,408,5,0
503,450,6,0
503,451,7,0
503,2745,8,0
503,452,9,0
503,469,10,0
503,468,11,0
503,467,12,0
503,449,13,0
503,466,14,0
503,465,15,0
503,464,16,0
503,463,17,0
503,462,18,0
503,470,19,0
503,461,20,0
503,459,21,0
503,458,22,0
503,879,23,0
503,880,24,0
503,1091,25,0
503,1355,26,0
503,1364,27,0
503,1356,28,0
503,1357,29,0
503,1358,30,0
503,1359,31,0
503,1550,32,0
503,1549,33,0
503,1548,34,0
503,3122,35,0
503,2047,36,0
503,2046,37,0
503,2045,38,0
503,2043,39,0
503,2042,40,0
503,2041,41,0
503,2040,42,0
503,2638,43,0
503,2637,44,0
503,2501,45,0
503,2655,46,0
503,2502,47,0
503,2503,48,0
503,2504,49,0
503,886,50,0
503,1004,51,0
503,925,52,0
503,941,53,0
503,942,54,0
503,966,55,0
503,967,56,0
503,2493,57,0
503,2509,58,0
503,2591,59,0
503,5100,60,1
504,967,1,0
504,802,2,0
504,1010,3,0
504,1065,4,0
504,5100,5,0
504,2481,6,0
504,2482,7,0
504,2492,8,0
504,1832,9,0
504,1890,10,0
504,1891,11,0
504,978,12,0
504,1892,13,0
504,1893,14,0
504,999,15,0
504,1894,16,0
504,1895,17,0
504,309,18,0
504,2520,19,0
504,2521,20,0
504,2687,21,0
504,2522,22,0
504,2606,23,0
504,2605,24,0
504,2003,25,0
504,2004,26,0
504,2005,27,0
504,2007,28,0
504,2008,29,0
504,2010,30,0
504,2011,31,0
504,3144,32,0
504,1512,33,0
504,1513,34,0
504,1514,35,0
504,1315,36,0
504,1316,37,0
504,1317,38,0
504,1318,39,0
504,1300,40,0
504,1319,41,0
504,820,42,0
504,821,43,0
504,822,44,0
504,423,45,0
504,424,46,0
504,426,47,0
504,428,48,0
504,427,49,0
504,429,50,0
504,430,51,0
504,431,52,0
504,420,53,0
504,432,54,0
504,433,55,0
504,434,56,0
504,440,57,0
504,2744,58,0
504,441,59,0
504,442,60,0
504,443,61,0
504,444,62,0
504,445,63,0
504,472,64,0
504,446,65,1
601,1106,1,0
601,1198,2,0
601,1199,3,0
601,1174,4,0
601,1108,5,0
601,1173,6,0
601,1110,7,0
601,1172,8,0
601,1112,9,0
601,1114,10,0
601,1134,11,0
601,1116,12,0
601,1117,13,0
601,1118,14,0
601,1119,15,0
601,1120,16,0
601,1121,17,0
601,1794,18,0
601,1122,19,0
601,1123,20,0
601,1124,21,0
601,1795,22,0
601,1125,23,0
601,1126,24,0
601,1127,25,0
601,1167,26,0
601,1165,27,0
601,1128,28,0
601,3039,29,0
601,3125,30,0
601,661,31,0
601,662,32,0
601,663,33,0
601,3040,34,0
601,3041,35,0
601,3042,36,0
601,1876,37,0
601,1668,38,0
601,1625,39,0
601,1626,40,0
601,1627,41,0
601,3043,42,0
601,1498,43,0
601,3033,44,0
601,1428,45,0
601,1446,46,0
601,4030,47,0
601,1456,48,0
601,766,49,0
601,6000,50,1
602,766,1,0
602,4020,2,0
602,4021,3,0
602,1511,4,0
602,1641,5,0
602,1642,6,0
602,1643,7,0
602,1644,8,0
602,1861,9,0
602,1862,10,0
602,3044,11,0
602,3045,12,0
602,3160,13,0
602,648,14,0
602,649,15,0
602,650,16,0
602,651,17,0
602,3046,18,0
602,1474,19,0
602,1166,20,0
602,1168,21,0
602,1175,22,0
602,1176,23,0
602,1177,24,0
602,1178,25,0
602,1447,26,0
602,1179,27,0
602,1180,28,0
602,1181,29,0
602,1182,30,0
602,1183,31,0
602,1144,32,0
602,1145,33,0
602,1169,34,0
602,1146,35,0
602,1147,36,0
602,1188,37,0
602,1171,38,0
602,1106,39,1
703,766,1,0
703,480,2,0
703,1582,3,0
703,1588,4,0
703,2213,5,0
703,1593,6,0
703,322,7,0
703,1992,8,0
703,2304,9,0
703,1471,10,0
703,2048,11,0
703,2002,12,0
703,2012,13,0
703,2013,14,0
703,2014,15,0
703,2015,16,0
703,2016,17,0
703,3214,18,0
703,1437,19,0
703,1438,20,0
703,1439,21,0
703,2017,22,0
703,3249,23,0
703,2689,24,0
703,2144,25,0
703,43,26,0
703,44,27,0
703,2061,28,0
703,3258,29,0
703,3090,30,0
703,2018,31,0
703,2904,32,0
703,9970,33,0
703,9971,34,0
703,2956,35,0
703,9972,36,0
703,3197,37,0
703,2910,38,0
703,2995,39,0
703,2911,40,0
703,3553,41,0
703,2913,42,0
703,2934,43,0
703,2915,44,0
703,2916,45,0
703,2917,46,0
703,2918,47,0
703,2891,48,0
703,2919,49,0
703,2920,50,0
703,2933,51,0
703,2320,52,0
703,2321,53,0
703,2322,54,0
703,2323,55,0
703,2324,56,0
703,2360,57,0
703,2361,58,0
703,1835,59,0
703,3347,60,0
703,2747,61,0
703,2853,62,1
704,2853,1,0
704,2748,2,0
704,1836,3,0
704,2362,4,0
704,2363,5,0
704,2364,6,0
704,1681,7,0
704,2365,8,0
704,2366,9,0
704,2367,10,0
704,2368,11,0
704,2925,12,0
704,2927,13,0
704,2928,14,0
704,2953,15,0
704,2932,16,0
704,3815,17,0
704,2908,18,0
704,2909,19,0
704,2901,20,0
704,9960,21,0
704,9961,22,0
704,9962,23,0
704,3300,24,0
704,3301,25,0
704,2905,26,0
704,2001,27,0
704,2032,28,0
704,3272,29,0
704,2147,30,0
704,20,31,0
704,21,32,0
704,2343,33,0
704,2344,34,0
704,1290,35,0
704,1291,36,0
704,1292,37,0
704,1599,38,0
704,2034,39,0
704,2035,40,0
704,2036,41,0
704,2039,42,0
704,2037,43,0
704,1068,44,0
704,2083,45,0
704,2031,46,0
704,2289,47,0
704,1988,48,0
704,340,49,0
704,1594,50,0
704,1595,51,0
704,899,52,0
704,766,53,1
803,348,1,0
803,345,2,0
803,311,3,0
803,326,4,0
803,336,5,0
803,324,6,0
803,334,7,0
803,380,8,0
803,381,9,0
803,382,10,0
803,383,11,0
803,384,12,0
803,385,13,0
803,386,14,0
803,387,15,0
803,416,16,0
803,493,17,0
803,495,18,0
803,797,19,0
803,496,20,0
803,497,21,0
803,498,22,0
803,499,23,0
803,491,24,0
803,894,25,0
803,895,26,0
803,1296,27,0
803,2221,28,0
803,2267,29,0
803,2268,30,0
803,2269,31,0
803,1238,32,0
803,1239,33,0
803,1240,34,0
803,1241,35,0
803,1242,36,0
803,1227,37,0
803,68,38,0
803,69,39,0
803,70,40,0
803,2140,41,0
803,1975,42,0
803,3270,43,0
803,3271,44,0
803,1400,45,0
803,460,46,0
803,19,47,0
803,597,48,0
803,6000,49,1
804,597,1,0
804,417,2,0
804,1427,3,0
804,3315,4,0
804,3316,5,0
804,74,6,0
804,75,7,0
804,76,8,0
804,77,9,0
804,66,10,0
804,1243,11,0
804,1228,12,0
804,1229,13,0
804,1230,14,0
804,1231,15,0
804,1232,16,0
804,2217,17,0
804,1225,18,0
804,2219,19,0
804,2220,20,0
804,1237,21,0
804,838,22,0
804,839,23,0
804,762,24,0
804,763,25,0
804,764,26,0
804,365,27,0
804,799,28,0
804,488,29,0
804,366,30,0
804,367,31,0
804,368,32,0
804,854,33,0
804,369,34,0
804,370,35,0
804,371,36,0
804,372,37,0
804,373,38,0
804,374,39,0
804,375,40,0
804,376,41,0
804,335,42,0
804,337,43,0
804,339,44,0
804,300,45,0
804,348,46,1
903,364,1,0
903,1838,2,0
903,3192,3,0
903,849,4,0
903,1404,5,0
903,1405,6,0
903,1415,7,0
903,1480,8,0
903,1481,9,0
903,837,10,0
903,1482,11,0
903,1483,12,0
903,1495,13,0
903,1484,14,0
903,1485,15,0
903,1468,16,0
903,1410,17,0
903,1478,18,0
903,1479,19,0
903,1486,20,0
903,1633,21,0
903,1808,22,0
903,3308,23,0
903,1700,24,0
903,1752,25,0
903,1702,26,0
903,1800,27,0
903,1703,28,0
903,2452,29,0
903,2400,30,0
903,2401,31,0
903,2451,32,0
903,3231,33,0
903,2437,34,0
903,2438,35,0
903,2439,36,0
903,2440,37,0
903,2441,38,0
903,2442,39,0
903,2443,40,0
903,1760,41,0
903,2058,42,0
903,2245,43,0
903,2246,44,0
903,2247,45,0
903,2248,46,0
903,2249,47,0
903,2250,48,0
903,2325,49,0
903,72,50,0
903,73,51,0
903,778,52,0
903,94,53,0
903,2152,54,0
903,2153,55,0
903,2154,56,0
903,1294,57,0
903,3306,58,0
903,1295,59,0
903,2342,60,0
903,2266,61,1
904,3231,1,0
904,2266,2,0
904,2290,3,0
904,346,4,0
904,3307,5,0
904,1783,6,0
904,352,7,0
904,1694,8,0
904,2394,9,0
904,2393,10,0
904,22,11,0
904,830,12,0
904,23,13,0
904,24,14,0
904,2238,15,0
904,2239,16,0
904,2240,17,0
904,2241,18,0
904,2242,19,0
904,2243,20,0
904,2454,21,0
904,2126,22,0
904,2444,23,0
904,2445,24,0
904,2446,25,0
904,2447,26,0
904,2448,27,0
904,4918,28,0
904,2450,29,0
904,2435,30,0
904,2436,31,0
904,2453,32,0
904,1704,33,0
904,1801,34,0
904,1705,35,0
904,1751,36,0
904,1707,37,0
904,3504,38,0
904,1807,39,0
904,1487,40,0
904,2335,41,0
904,1496,42,0
904,1497,43,0
904,1412,44,0
904,1488,45,0
904,1489,46,0
904,1494,47,0
904,1490,48,0
904,1491,49,0
904,840,50,0
904,1492,51,0
904,1493,52,0
904,1416,53,0
904,1424,54,0
904,851,55,0
904,2585,56,0
904,1456,57,0
904,364,58,0
904,6000,59,1
1003,364,1,0
1003,480,2,0
1003,1916,3,0
1003,1900,4,0
1003,1901,5,0
1003,2608,6,0
1003,2663,7,0
1003,3406,8,0
1003,3407,9,0
1003,3408,10,0
1003,3409,11,0
1003,3410,12,0
1003,3411,13,0
1003,3412,14,0
1003,3413,15,0
1003,3414,16,0
1003,3415,17,0
1003,1848,18,0
1003,1854,19,0
1003,2105,20,0
1003,3015,21,0
1003,2106,22,0
1003,2111,23,0
1003,1459,24,0
1003,1461,25,0
1003,1462,26,0
1003,1463,27,0
1003,1464,28,0
1003,1465,29,0
1003,1398,30,0
1003,1466,31,0
1003,783,32,0
1003,67,33,0
1003,789,34,0
1003,1883,35,0
1003,2466,36,0
1003,2467,37,0
1003,2468,38,0
1003,2063,39,0
1003,1886,40,0
1003,1887,41,0
1003,2469,42,0
1003,2471,43,0
1003,2470,44,0
1003,790,45,0
1003,887,46,0
1003,3065,47,0
1003,392,48,0
1003,870,49,0
1003,393,50,0
1003,819,51,0
1003,394,52,0
1003,395,53,0
1003,396,54,0
1003,397,55,0
1003,841,56,0
1003,398,57,0
1003,800,58,0
1003,2587,59,0
1003,2588,60,0
1003,2589,61,0
1003,2342,62,0
1003,1458,63,0
1003,1374,64,1
1004,1374,1,0
1004,2290,2,0
1004,2581,3,0
1004,2582,4,0
1004,2584,5,0
1004,1267,6,0
1004,1268,7,0
1004,1269,8,0
1004,842,9,0
1004,1298,10,0
1004,1278,11,0
1004,1279,12,0
1004,1286,13,0
1004,3130,14,0
1004,1287,15,0
1004,1288,16,0
1004,1289,17,0
1004,1693,18,0
1004,399,19,0
1004,2458,20,0
1004,2472,21,0
1004,1881,22,0
1004,2459,23,0
1004,2572,24,0
1004,2460,25,0
1004,3011,26,0
1004,2461,27,0
1004,2462,28,0
1004,2463,29,0
1004,401,30,0
1004,54,31,0
1004,404,32,0
1004,1669,33,0
1004,1670,34,0
1004,1671,35,0
1004,1672,36,0
1004,1673,37,0
1004,1674,38,0
1004,1675,39,0
1004,1676,40,0
1004,3147,41,0
1004,2112,42,0
1004,2113,43,0
1004,2114,44,0
1004,2120,45,0
1004,2197,46,0
1004,3002,47,0
1004,3309,48,0
1004,3310,49,0
1004,3311,50,0
1004,3312,51,0
1004,3313,52,0
1004,1857,53,0
1004,2667,54,0
1004,1634,55,0
1004,1635,56,0
1004,2551,57,0
1004,1636,58,0
1004,1637,59,0
1004,1638,60,0
1004,1155,61,0
1004,1639,62,0
1004,1640,63,0
1004,1919,64,0
1004,1915,65,0
1004,364,66,1
1103,1312,1,0
1103,310,2,0
1103,9013,3,0
1103,811,4,0
1103,9015,5,0
1103,9016,6,0
1103,9017,7,0
1103,9018,8,0
1103,9019,9,0
1103,815,10,0
1103,9020,11,0
1103,2886,12,0
1103,2958,13,0
1103,2931,14,0
1103,2952,15,0
1103,2826,16,0
1103,893,17,0
1103,2827,18,0
1103,2828,19,0
1103,2829,20,0
1103,2844,21,0
1103,2843,22,0
1103,2842,23,0
1103,2819,24,0
1103,2870,25,0
1103,2989,26,0
1103,2987,27,0
1103,2900,28,0
1103,2935,29,0
1103,2936,30,0
1103,2937,31,0
1103,2963,32,0
1103,2964,33,0
1103,2965,34,0
1103,2800,35,0
1103,2801,36,0
1103,2802,37,0
1103,2897,38,0
1103,2848,39,1
1104,2848,1,0
1104,3009,2,0
1104,2771,3,0
1104,2772,4,0
1104,2707,5,0
1104,2986,6,0
1104,2711,7,0
1104,2735,8,0
1104,2736,9,0
1104,2737,10,0
1104,2738,11,0
1104,2704,12,0
1104,2988,13,0
1104,2860,14,0
1104,2883,15,0
1104,2847,16,0
1104,2846,17,0
1104,2845,18,0
1104,2811,19,0
1104,2812,20,0
1104,2899,21,0
1104,2813,22,0
1104,2116,23,0
1104,379,24,0
1104,2294,25,0
1104,2882,26,0
1104,9068,27,0
1104,9069,28,0
1104,9070,29,0
1104,9071,30,0
1104,9072,31,0
1104,9073,32,0
1104,9074,33,0
1104,9075,34,0
1104,9076,35,0
1104,9077,36,0
1104,9078,37,0
1104,9079,38,0
1104,9012,39,0
1104,9026,40,0
1104,9001,41,0
1104,9002,42,0
1104,9003,43,0
1104,9004,44,0
1104,9005,45,0
1104,9006,46,0
1104,9007,47,0
1104,9008,48,0
1104,9009,49,0
1104,9010,50,0
1104,9011,51,0
1104,9014,52,0
1104,9098,53,0
1104,9080,54,0
1104,9000,55,0
1104,1312,56,1
1201,2850,1,0
1201,3009,2,0
1201,2771,3,0
1201,2772,4,0
1201,2707,5,0
1201,2712,6,0
1201,2709,7,0
1201,2902,8,0
1201,2710,9,0
1201,2924,10,0
1201,2954,11,0
1201,2986,12,0
1201,2988,13,0
1201,379,14,0
1201,2294,15,0
1201,2882,16,0
1201,2880,17,0
1201,9107,18,0
1201,9108,19,0
1201,9109,20,0
1201,9110,21,0
1201,9111,22,0
1201,9150,23,0
1201,9112,24,0
1201,9113,25,0
1201,9114,26,0
1201,9115,27,0
1201,9116,28,0
1201,2862,29,1
1202,2862,1,0
1202,2863,2,0
1202,9119,3,0
1202,9120,4,0
1202,9121,5,0
1202,9122,6,0
1202,9123,7,0
1202,9124,8,0
1202,9125,9,0
1202,2879,10,0
1202,2886,11,0
1202,2958,12,0
1202,2989,13,0
1202,2987,14,0
1202,2712,15,0
1202,2709,16,0
1202,2902,17,0
1202,2710,18,0
1202,2924,19,0
1202,2800,20,0
1202,2801,21,0
1202,2802,22,0
1202,2897,23,0
1202,2850,24,1
1303,101,1,0
1303,283,2,0
1303,244,3,0
1303,245,4,0
1303,288,5,0
1303,566,6,0
1303,503,7,0
1303,504,8,0
1303,1,9,0
1303,2887,10,0
1303,1038,11,0
1303,580,12,0
1303,1039,13,0
1303,198,14,0
1303,1040,15,0
1303,1041,16,0
1303,1090,17,0
1303,1029,18,0
1303,1014,19,0
1303,1151,20,0
1303,146,21,0
1303,147,22,0
1303,148,23,0
1303,2678,24,0
1303,2506,25,0
1303,2508,26,0
1303,2560,27,0
1303,2561,28,0
1303,2170,29,0
1303,58,30,0
1303,1757,31,0
1303,1758,32,0
1303,313,33,0
1303,153,34,0
1303,154,35,0
1303,155,36,0
1303,156,37,0
1303,1712,38,0
1303,157,39,0
1303,3034,40,0
1303,519,41,0
1303,521,42,0
1303,2636,43,0
1303,2194,44,0
1303,2568,45,0
1303,2569,46,0
1303,2253,47,0
1303,2254,48,0
1303,2255,49,0
1303,2256,50,0
1303,2257,51,0
1303,2258,52,0
1303,3184,53,0
1303,2293,54,0
1303,780,55,1
1304,780,1,0
1304,2199,2,0
1304,2107,3,0
1304,2196,4,0
1304,2570,5,0
1304,2232,6,0
1304,2233,7,0
1304,2234,8,0
1304,2235,9,0
1304,2236,10,0
1304,2571,11,0
1304,2193,12,0
1304,532,13,0
1304,2640,14,0
1304,540,15,0
1304,541,16,0
1304,1411,17,0
1304,546,18,0
1304,570,19,0
1304,571,20,0
1304,572,21,0
1304,573,22,0
1304,2170,23,0
1304,58,24,0
1304,3402,25,0
1304,3218,26,0
1304,3219,27,0
1304,3221,28,0
1304,3222,29,0
1304,3303,30,0
1304,3342,31,0
1304,3304,32,0
1304,2679,33,0
1304,160,34,0
1304,161,35,0
1304,162,36,0
1304,349,37,0
1304,350,38,0
1304,990,39,0
1304,1015,40,0
1304,1031,41,0
1304,1032,42,0
1304,199,43,0
1304,1033,44,0
1304,1034,45,0
1304,545,46,0
1304,2,47,0
1304,579,48,0
1304,564,49,0
1304,598,50,0
1304,565,51,0
1304,502,52,0
1304,103,53,0
1304,104,54,0
1304,105,55,0
1304,106,56,0
1304,101,57,1
1401,297,1,0
1401,283,2,0
1401,244,3,0
1401,245,4,0
1401,246,5,0
1401,247,6,0
1401,248,7,0
1401,249,8,0
1401,250,9,0
1401,1186,10,0
1401,1187,11,0
1401,251,12,0
1401,252,13,0
1401,253,14,0
1401,254,15,0
1401,255,16,0
1401,256,17,0
1401,257,18,0
1401,258,19,0
1401,259,20,0
1401,260,21,0
1401,289,22,0
1401,2104,23,0
1401,261,24,0
1401,262,25,0
1401,263,26,0
1401,264,27,0
1401,265,28,0
1401,224,29,0
1401,325,30,0
1401,326,31,0
1401,341,32,0
1401,314,33,1
1402,314,1,0
1402,301,2,0
1402,2896,3,0
1402,302,4,0
1402,377,5,0
1402,378,6,0
1402,303,7,0
1402,306,8,0
1402,226,9,0
1402,227,10,0
1402,228,11,0
1402,229,12,0
1402,2123,13,0
1402,290,14,0
1402,230,15,0
1402,231,16,0
1402,232,17,0
1402,233,18,0
1402,234,19,0
1402,235,20,0
1402,236,21,0
1402,3022,22,0
1402,237,23,0
1402,238,24,0
1402,1454,25,0
1402,239,26,0
1402,240,27,0
1402,241,28,0
1402,242,29,0
1402,243,30,0
1402,104,31,0
1402,105,32,0
1402,106,33,0
1402,3702,34,0
1402,287,35,0
1402,286,36,0
1402,212,37,0
1402,1556,38,0
1402,2117,39,0
1402,2333,40,0
1402,2348,41,0
1402,529,42,0
1402,2339,43,0
1402,2317,44,0
1402,1695,45,0
1402,2319,46,0
1402,3004,47,0
1402,2329,48,0
1402,3473,49,0
1402,3720,50,0
1402,2350,51,0
1402,1684,52,0
1402,2351,53,0
1402,2352,54,0
1402,2682,55,0
1402,2353,56,0
1402,2906,57,0
1402,297,58,1
1501,2320,1,0
1501,2321,2,0
1501,2322,3,0
1501,2182,4,0
1501,4213,5,0
1501,2518,6,0
1501,1912,7,0
1501,3132,8,0
1501,823,9,0
1501,668,10,0
1501,1430,11,0
1501,636,12,0
1501,681,13,0
1501,2209,14,0
1501,2514,15,0
1501,2515,16,0
1501,2516,17,0
1501,2623,18,0
1501,2615,19,0
1501,2632,20,0
1501,2187,21,0
1501,2188,22,0
1501,2189,23,0
1501,307,24,0
1501,2190,25,0
1501,2191,26,0
1501,2192,27,0
1501,2161,28,0
1501,2162,29,0
1501,2163,30,0
1501,2634,31,0
1501,2164,32,0
1501,2664,33,0
1501,2665,34,0
1501,2666,35,0
1501,2672,36,0
1501,2673,37,0
1501,2674,38,0
1501,2675,39,0
1501,2676,40,0
1501,2683,41,0
1501,2684,42,0
1501,2685,43,0
1501,2686,44,0
1501,2691,45,0
1501,2692,46,0
1501,2693,47,0
1501,2694,48,0
1501,2688,49,0
1501,2759,50,0
1501,2761,51,0
1501,2762,52,0
1501,2763,53,0
1501,2699,54,0
1501,2766,55,0
1501,2767,56,0
1501,2768,57,0
1501,2769,58,0
1501,2747,59,0
1501,7100,60,1
1502,7100,1,0
1502,2702,2,0
1502,2749,3,0
1502,2750,4,0
1502,2751,5,0
1502,2752,6,0
1502,2755,7,0
1502,2756,8,0
1502,2757,9,0
1502,2717,10,0
1502,2718,11,0
1502,2758,12,0
1502,2650,13,0
1502,2651,14,0
1502,2652,15,0
1502,2653,16,0
1502,2654,17,0
1502,2656,18,0
1502,2657,19,0
1502,2658,20,0
1502,2659,21,0
1502,3035,22,0
1502,1000,23,0
1502,2668,24,0
1502,2669,25,0
1502,1001,26,0
1502,2670,27,0
1502,2175,28,0
1502,2176,29,0
1502,2177,30,0
1502,2635,31,0
1502,2179,32,0
1502,2180,33,0
1502,920,34,0
1502,2139,35,0
1502,2149,36,0
1502,308,37,0
1502,2171,38,0
1502,2172,39,0
1502,2186,40,0
1502,2341,41,0
1502,2231,42,0
1502,2633,43,0
1502,2507,44,0
1502,2546,45,0
1502,2547,46,0
1502,2548,47,0
1502,2237,48,0
1502,347,49,0
1502,689,50,0
1502,690,51,0
1502,691,52,0
1502,3418,53,0
1502,679,54,0
1502,1907,55,0
1502,4006,56,0
1502,1908,57,0
1502,2182,58,1
1603,2708,1,0
1603,2854,2,0
1603,2840,3,0
1603,2855,4,0
1603,2856,5,0
1603,2857,6,0
1603,2858,7,0
1603,2805,8,0
1603,3251,9,0
1603,1983,10,0
1603,2806,11,0
1603,2807,12,0
1603,2808,13,0
1603,2809,14,0
1603,2866,15,0
1603,2847,16,0
1603,2846,17,0
1603,2845,18,0
1603,2811,19,0
1603,2812,20,0
1603,2899,21,0
1603,2813,22,0
1603,2116,23,0
1603,2900,24,0
1603,2959,25,0
1603,2960,26,0
1603,2961,27,0
1603,2903,28,0
1603,2962,29,0
1603,2963,30,0
1603,2964,31,0
1603,2965,32,0
1603,2966,33,0
1603,2957,34,0
1603,2952,35,0
1603,2826,36,0
1603,2814,37,0
1603,2815,38,0
1603,2864,39,0
1603,2816,40,0
1603,2817,41,0
1603,2818,42,0
1603,2870,43,1
1604,2708,1,0
1604,2860,2,0
1604,2821,3,0
1604,2822,4,0
1604,2823,5,0
1604,2824,6,0
1604,2839,7,0
1604,2825,8,0
1604,2813,9,0
1604,2116,10,0
1604,2900,11,0
1604,2959,12,0
1604,2960,13,0
1604,2961,14,0
1604,2903,15,0
1604,2962,16,0
1604,2963,17,0
1604,2964,18,0
1604,2965,19,0
1604,2966,20,0
1604,2957,21,0
1604,2952,22,0
1604,2826,23,0
1604,893,24,0
1604,2827,25,0
1604,2828,26,0
1604,2829,27,0
1604,2844,28,0
1604,2843,29,0
1604,2842,30,0
1604,2830,31,0
1604,2831,32,0
1604,2832,33,0
1604,985,34,0
1604,2888,35,0
1604,2833,36,0
1604,1984,37,0
1604,3460,38,0
1604,2834,39,0
1604,2835,40,0
1604,2836,41,0
1604,2837,42,0
1604,2890,43,0
1604,2838,44,0
1604,2739,45,0
1604,2740,46,1
1903,562,1,0
1903,342,2,0
1903,345,3,0
1903,311,4,0
1903,326,5,0
1903,336,6,0
1903,324,7,0
1903,334,8,0
1903,304,9,0
1903,332,10,0
1903,330,11,0
1903,709,12,0
1903,728,13,0
1903,726,14,0
1903,724,15,0
1903,722,16,0
1903,720,17,0
1903,1902,18,0
1903,718,19,0
1903,796,20,0
1903,769,21,0
1903,1212,22,0
1903,1210,23,0
1903,1208,24,0
1903,1206,25,0
1903,1204,26,0
1903,4003,27,0
1903,2577,28,0
1903,666,29,0
1903,6000,30,0
1903,1419,31,0
1903,480,32,0
1903,1916,33,0
1903,1900,34,0
1903,1901,35,0
1903,2608,36,0
1903,2663,37,0
1903,1950,38,0
1903,190,39,0
1903,1960,40,0
1903,1961,41,0
1903,1899,42,0
1903,1837,43,0
1903,1949,44,0
1903,1927,45,0
1903,1948,46,0
1903,1930,47,0
1903,1989,48,0
1903,1931,49,0
1903,152,50,0
1903,1932,51,0
1903,1933,52,0
1903,1855,53,0
1903,1856,54,0
1903,1869,55,0
1903,1880,56,0
1903,1926,57,0
1903,4703,58,0
1903,1905,59,0
1903,95,60,0
1903,96,61,0
1903,1906,62,0
1903,1888,63,0
1903,1698,64,0
1903,1907,65,0
1903,4006,66,0
1903,1908,67,0
1903,2182,68,0
1903,1802,69,0
1903,1804,70,0
1903,4700,71,0
1903,4701,72,0
1903,4702,73,0
1903,2713,74,0
1903,2714,75,0
1903,1817,76,0
1903,1809,77,0
1903,48,78,0
1903,1841,79,0
1903,63,80,0
1903,3012,81,0
1903,64,82,0
1903,1805,83,0
1903,1806,84,0
1903,673,85,0
1903,3027,86,0
1903,1816,87,0
1903,3060,88,0
1903,1968,89,0
1903,1823,90,0
1903,53,91,0
1903,1846,92,0
1903,13,93,1
1904,4700,1,0
1904,4701,2,0
1904,2182,3,0
1904,4213,4,0
1904,2518,5,0
1904,1912,6,0
1904,3132,7,0
1904,1889,8,0
1904,1913,9,0
1904,97,10,0
1904,98,11,0
1904,1914,12,0
1904,13,13,0
1904,3057,14,0
1904,3058,15,0
1904,3059,16,0
1904,1816,17,0
1904,3060,18,0
1904,1968,19,0
1904,1927,20,0
1904,1948,21,0
1904,1930,22,0
1904,1989,23,0
1904,1931,24,0
1904,152,25,0
1904,1932,26,0
1904,1933,27,0
1904,1855,28,0
1904,1856,29,0
1904,1869,30,0
1904,1880,31,0
1904,1926,32,0
1904,4703,33,0
1904,1898,34,0
1904,1969,35,0
1904,1980,36,0
1904,1917,37,0
1904,191,38,0
1904,1951,39,0
1904,1918,40,0
1904,2216,41,0
1904,1959,42,0
1904,1919,43,0
1904,1915,44,0
1904,1402,45,0
1904,480,46,0
1904,481,47,0
1904,1822,48,0
1904,4005,49,0
1904,1103,50,0
1904,1105,51,0
1904,1107,52,0
1904,2536,53,0
1904,1109,54,0
1904,1111,55,0
1904,1104,56,0
1904,1113,57,0
1904,1115,58,0
1904,717,59,0
1904,719,60,0
1904,792,61,0
1904,721,62,0
1904,723,63,0
1904,562,64,0
1904,725,65,0
1904,727,66,0
1904,329,67,0
1904,331,68,0
1904,305,69,0
1904,333,70,0
1904,335,71,0
1904,337,72,0
1904,339,73,0
1904,341,74,0
1904,342,75,1
2001,1460,1,0
2001,1488,2,0
2001,1489,3,0
2001,1494,4,0
2001,1490,5,0
2001,1491,6,0
2001,840,7,0
2001,1492,8,0
2001,1493,9,0
2001,1416,10,0
2001,1424,11,0
2001,851,12,0
2001,2585,13,0
2001,1456,14,0
2001,6,15,0
2001,480,16,0
2001,1589,17,0
2001,1501,18,0
2001,1502,19,0
2001,1503,20,0
2001,2681,21,0
2001,1504,22,0
2001,1518,23,0
2001,1516,24,0
2001,1505,25,0
2001,1506,26,0
2001,1507,27,0
2001,1524,28,0
2001,1525,29,0
2001,1585,30,0
2001,1526,31,0
2001,1527,32,0
2001,1528,33,0
2001,1529,34,0
2001,1530,35,0
2001,1531,36,0
2001,1532,37,0
2001,1533,38,0
2001,1590,39,0
2001,1393,40,0
2001,1394,41,0
2001,1395,42,0
2001,9163,43,0
2001,9063,44,0
2001,9064,45,0
2001,9065,46,0
2001,9066,47,0
2001,9067,48,0
2001,9068,49,0
2001,9069,50,0
2001,9070,51,0
2001,9071,52,0
2001,9072,53,0
2001,9073,54,0
2001,9074,55,0
2001,9075,56,0
2001,9076,57,0
2001,9077,58,0
2001,9078,59,0
2001,9079,60,0
2001,9012,61,0
2001,9000,62,0
2001,1632,63,1
2002,1632,1,0
2002,310,2,0
2002,9013,3,0
2002,1304,4,0
2002,9081,5,0
2002,9082,6,0
2002,9096,7,0
2002,9083,8,0
2002,9084,9,0
2002,9085,10,0
2002,9086,11,0
2002,9087,12,0
2002,9088,13,0
2002,9089,14,0
2002,9090,15,0
2002,9091,16,0
2002,9092,17,0
2002,9093,18,0
2002,9094,19,0
2002,9095,20,0
2002,1307,21,0
2002,1309,22,0
2002,1551,23,0
2002,2286,24,0
2002,1534,25,0
2002,1535,26,0
2002,1536,27,0
2002,1537,28,0
2002,1538,29,0
2002,1539,30,0
2002,1540,31,0
2002,1541,32,0
2002,1542,33,0
2002,1586,34,0
2002,1543,35,0
2002,1591,36,0
2002,1545,37,0
2002,1546,38,0
2002,1547,39,0
2002,1517,40,0
2002,1583,41,0
2002,1571,42,0
2002,1572,43,0
2002,1573,44,0
2002,1574,45,0
2002,1844,46,0
2002,1005,47,0
2002,6000,48,0
2002,1845,49,0
2002,1838,50,0
2002,3192,51,0
2002,849,52,0
2002,1404,53,0
2002,1405,54,0
2002,1415,55,0
2002,1480,56,0
2002,1481,57,0
2002,837,58,0
2002,1482,59,0
2002,1483,60,0
2002,1495,61,0
2002,1484,62,0
2002,1485,63,0
2002,1468,64,0
2002,1460,65,1
2101,664,1,0
2101,480,2,0
2101,1714,3,0
2101,1690,4,0
2101,2706,5,0
2101,3225,6,0
2101,3209,7,0
2101,478,8,0
2101,12,9,0
2101,3211,10,0
2101,2070,11,0
2101,38,12,0
2101,3084,13,0
2101,3085,14,0
2101,3240,15,0
2101,3087,16,0
2101,1769,17,0
2101,1787,18,0
2101,2618,19,0
2101,2059,20,0
2101,2118,21,0
2101,2061,22,0
2101,3258,23,1
2102,3272,1,0
2102,2147,2,0
2102,2390,3,0
2102,2136,4,0
2102,2119,5,0
2102,2619,6,0
2102,1730,7,0
2102,1732,8,0
2102,1727,9,0
2102,3241,10,0
2102,10,11,0
2102,3096,12,0
2102,3254,13,0
2102,47,14,0
2102,3097,15,0
2102,3212,16,0
2102,1749,17,0
2102,3213,18,0
2102,3214,19,0
2102,3091,20,0
2102,3220,21,0
2102,2703,22,0
2102,1726,23,0
2102,1716,24,0
2102,1005,25,0
2102,664,26,1
2201,2859,1,0
2201,2860,2,0
2201,2803,3,0
2201,2872,4,0
2201,2865,5,0
2201,2873,6,0
2201,2867,7,0
2201,2884,8,0
2201,2874,9,0
2201,9100,10,0
2201,2852,11,0
2201,2946,12,0
2201,7200,13,0
2201,2950,14,0
2201,2700,15,0
2201,9127,16,1
2202,9127,1,0
2202,9128,2,0
2202,9129,3,0
2202,2851,4,0
2202,9131,5,0
2202,9132,6,0
2202,9133,7,0
2202,9101,8,0
2202,9102,9,0
2202,9103,10,0
2202,2868,11,0
2202,2877,12,0
2202,2869,13,0
2202,2876,14,0
2202,2871,15,0
2202,2859,16,1
2301,563,1,0
2301,565,2,0
2301,502,3,0
2301,103,4,0
2301,104,5,0
2301,105,6,0
2301,106,7,0
2301,139,8,0
2301,208,9,0
2301,209,10,0
2301,210,11,0
2301,211,12,0
2301,581,13,0
2301,214,14,0
2301,215,15,0
2301,225,16,0
2301,909,17,0
2301,216,18,0
2301,217,19,0
2301,295,20,0
2301,296,21,0
2301,219,22,0
2301,218,23,0
2301,221,24,0
2301,222,25,0
2301,223,26,0
2301,224,27,0
2301,325,28,0
2301,326,29,0
2301,341,30,0
2301,348,31,0
2301,345,32,0
2301,311,33,0
2301,323,34,0
2301,353,35,0
2301,354,36,0
2301,355,37,0
2301,356,38,0
2301,357,39,0
2301,435,40,0
2301,436,41,0
2301,437,42,0
2301,1813,43,0
2301,438,44,0
2301,439,45,0
2301,440,46,0
2301,2744,47,0
2301,441,48,0
2301,442,49,0
2301,443,50,0
2301,444,51,0
2301,445,52,0
2301,472,53,0
2301,446,54,1
2302,446,1,0
2302,471,2,0
2302,447,3,0
2302,448,4,0
2302,408,5,0
2302,450,6,0
2302,451,7,0
2302,2745,8,0
2302,452,9,0
2302,453,10,0
2302,454,11,0
2302,1683,12,0
2302,455,13,0
2302,456,14,0
2302,457,15,0
2302,358,16,0
2302,359,17,0
2302,360,18,0
2302,361,19,0
2302,362,20,0
2302,881,21,0
2302,363,22,0
2302,300,23,0
2302,314,24,0
2302,301,25,0
2302,2896,26,0
2302,302,27,0
2302,377,28,0
2302,378,29,0
2302,267,30,0
2302,268,31,0
2302,637,32,0
2302,269,33,0
2302,270,34,0
2302,272,35,0
2302,291,36,0
2302,292,37,0
2302,274,38,0
2302,275,39,0
2302,843,40,0
2302,276,41,0
2302,277,42,0
2302,278,43,0
2302,266,44,0
2302,279,45,0
2302,280,46,0
2302,281,47,0
2302,282,48,0
2302,2649,49,0
2302,139,50,1
2403,3258,1,0
2403,2018,2,0
2403,2904,3,0
2403,9970,4,0
2403,9971,5,0
2403,2956,6,0
2403,9972,7,0
2403,3197,8,0
2403,2198,9,0
2403,1729,10,0
2403,1733,11,0
2403,2211,12,0
2403,1736,13,0
2403,543,14,0
2403,1764,15,0
2403,595,16,0
2403,936,17,0
2403,3246,18,0
2403,1755,19,0
2403,1765,20,0
2403,2730,21,0
2403,1786,22,0
2403,2741,23,0
2403,2898,24,0
2403,2967,25,0
2403,2968,26,0
2403,2971,27,0
2403,2985,28,0
2403,2990,29,0
2403,2991,30,0
2403,2992,31,0
2403,2994,32,0
2403,3120,33,0
2403,2997,34,0
2403,2998,35,0
2403,2999,36,0
2403,2920,37,0
2403,2933,38,0
2403,2784,39,0
2403,2781,40,0
2403,2705,41,0
2403,2788,42,0
2403,2789,43,0
2403,2790,44,0
2403,2791,45,0
2403,2725,46,0
2403,2792,47,0
2403,2793,48,0
2403,2794,49,0
2403,2795,50,0
2403,2796,51,0
2403,2897,52,0
2403,2804,53,1
2404,2804,1,0
2404,3009,2,0
2404,2771,3,0
2404,2772,4,0
2404,2773,5,0
2404,2774,6,0
2404,2775,7,0
2404,2776,8,0
2404,2777,9,0
2404,2778,10,0
2404,2779,11,0
2404,2780,12,0
2404,2798,13,0
2404,2786,14,0
2404,2797,15,0
2404,2782,16,0
2404,2783,17,0
2404,2925,18,0
2404,2940,19,0
2404,2941,20,0
2404,2942,21,0
2404,3003,22,0
2404,2943,23,0
2404,2944,24,0
2404,2945,25,0
2404,2982,26,0
2404,2983,27,0
2404,1396,28,0
2404,2984,29,0
2404,1397,30,0
2404,2981,31,0
2404,2980,32,0
2404,2979,33,0
2404,2978,34,0
2404,2977,35,0
2404,2976,36,0
2404,2975,37,0
2404,2974,38,0
2404,2973,39,0
2404,2972,40,0
2404,2230,41,0
2404,575,42,0
2404,1776,43,0
2404,2214,44,0
2404,1797,45,0
2404,9045,46,0
2404,2210,47,0
2404,9962,48,0
2404,3300,49,0
2404,3301,50,0
2404,2905,51,0
2404,3092,52,0
2404,3008,53,0
2404,3093,54,0
2404,3272,55,1
2500,1925,1,0
2500,1961,2,0
2500,3080,3,0
2500,1944,4,0
2500,1938,5,0
2500,1939,6,0
2500,1940,7,0
2500,1942,8,0
2500,1994,9,0
2500,2552,10,0
2500,1935,11,0
2500,1936,12,0
2500,1945,13,0
2500,1937,14,0
2500,1858,15,0
2500,1859,16,0
2500,1860,17,0
2500,1943,18,0
2500,1941,19,0
2500,3018,20,0
2500,1946,21,1
2601,1089,1,0
2601,1015,2,0
2601,1063,3,0
2601,1251,4,0
2601,1266,5,0
2601,981,6,0
2601,980,7,0
2601,904,8,0
2601,1127,9,0
2601,1167,10,0
2601,1165,11,0
2601,1128,12,0
2601,1129,13,0
2601,1130,14,0
2601,1131,15,0
2601,1132,16,0
2601,1135,17,0
2601,1745,18,0
2601,1400,19,0
2601,460,20,0
2601,19,21,0
2601,477,22,0
2601,480,23,0
2601,481,24,0
2601,3013,25,0
2601,1425,26,0
2601,2519,27,0
2601,1270,28,0
2601,1271,29,0
2601,1272,30,0
2601,1273,31,0
2601,1274,32,0
2601,1276,33,0
2601,1277,34,0
2601,1383,35,0
2601,1384,36,0
2601,1385,37,0
2601,1386,38,0
2601,1387,39,0
2601,1388,40,0
2601,1389,41,0
2601,1390,42,0
2601,1391,43,0
2601,1392,44,0
2601,1393,45,0
2601,1394,46,0
2601,1395,47,0
2601,9163,48,0
2601,9063,49,0
2601,9064,50,0
2601,9065,51,0
2601,9066,52,0
2601,9067,53,0
2601,9068,54,0
2601,9069,55,0
2601,9070,56,0
2601,9071,57,0
2601,9072,58,0
2601,9073,59,0
2601,9074,60,0
2601,9075,61,0
2601,9076,62,0
2601,9077,63,0
2601,9078,64,0
2601,9079,65,0
2601,9012,66,0
2601,9000,67,0
2601,1306,68,1
2602,1306,1,0
2602,310,2,0
2602,9013,3,0
2602,1304,4,0
2602,9081,5,0
2602,9082,6,0
2602,9096,7,0
2602,9083,8,0
2602,9084,9,0
2602,9085,10,0
2602,9086,11,0
2602,9087,12,0
2602,9088,13,0
2602,9089,14,0
2602,9090,15,0
2602,9091,16,0
2602,9092,17,0
2602,9093,18,0
2602,9094,19,0
2602,9095,20,0
2602,1307,21,0
2602,1309,22,0
2602,1551,23,0
2602,1552,24,0
2602,1553,25,0
2602,1554,26,0
2602,1555,27,0
2602,1557,28,0
2602,1558,29,0
2602,1559,30,0
2602,1560,31,0
2602,1561,32,0
2602,1563,33,0
2602,1564,34,0
2602,1565,35,0
2602,1566,36,0
2602,1567,37,0
2602,1568,38,0
2602,1569,39,0
2602,813,40,0
2602,578,41,0
2602,1821,42,0
2602,666,43,0
2602,1426,44,0
2602,417,45,0
2602,1427,46,0
2602,775,47,0
2602,1421,48,0
2602,1422,49,0
2602,3232,50,0
2602,1476,51,0
2602,1477,52,0
2602,1472,53,0
2602,1473,54,0
2602,1474,55,0
2602,1166,56,0
2602,1168,57,0
2602,1499,58,0
2602,903,59,0
2602,902,60,0
2602,971,61,0
2602,968,62,0
2602,969,63,0
2602,1069,64,0
2602,1049,65,0
2602,2601,66,0
2602,1016,67,0
2602,1017,68,0
2602,9,69,0
2602,793,70,0
2602,794,71,0
2602,795,72,0
2602,349,73,0
2602,350,74,0
2602,1089,75,1
2803,562,1,0
2803,700,2,0
2803,701,3,0
2803,1607,4,0
2803,1619,5,0
2803,1620,6,0
2803,1621,7,0
2803,1622,8,0
2803,1401,9,0
2803,1870,10,0
2803,1871,11,0
2803,1872,12,0
2803,1873,13,0
2803,1874,14,0
2803,1875,15,0
2803,1876,16,0
2803,1668,17,0
2803,1625,18,0
2803,1626,19,0
2803,1627,20,0
2803,3043,21,0
2803,3287,22,0
2803,3224,23,0
2803,3289,24,0
2803,2585,25,0
2803,1456,26,0
2803,597,27,1
2804,597,1,0
2804,1838,2,0
2804,3288,3,0
2804,3286,4,0
2804,1641,5,0
2804,1642,6,0
2804,1643,7,0
2804,1644,8,0
2804,1861,9,0
2804,1862,10,0
2804,1863,11,0
2804,1864,12,0
2804,1865,13,0
2804,1866,14,0
2804,1867,15,0
2804,1868,16,0
2804,1646,17,0
2804,1647,18,0
2804,1648,19,0
2804,1651,20,0
2804,1649,21,0
2804,71,22,0
2804,758,23,0
2804,759,24,0
2804,562,25,1
2903,100,1,0
2903,136,2,0
2903,135,3,0
2903,134,4,0
2903,141,5,0
2903,133,6,0
2903,3095,7,0
2903,132,8,0
2903,131,9,0
2903,130,10,0
2903,142,11,0
2903,129,12,0
2903,150,13,0
2903,144,14,0
2903,128,15,0
2903,127,16,0
2903,125,17,0
2903,126,18,0
2903,124,19,0
2903,123,20,0
2903,122,21,0
2903,288,22,0
2903,566,23,0
2903,503,24,0
2903,504,25,0
2903,1,26,0
2903,2887,27,0
2903,1038,28,0
2903,580,29,0
2903,1039,30,0
2903,198,31,0
2903,1040,32,0
2903,1041,33,0
2903,1090,34,0
2903,1029,35,0
2903,3199,36,0
2903,1151,37,0
2903,146,38,0
2903,147,39,0
2903,148,40,0
2903,2678,41,0
2903,1780,42,0
2903,1781,43,0
2903,1782,44,0
2903,2165,45,0
2903,1757,46,0
2903,505,47,0
2903,506,48,0
2903,507,49,0
2903,508,50,0
2903,509,51,0
2903,510,52,0
2903,511,53,0
2903,512,54,0
2903,513,55,0
2903,516,56,0
2903,517,57,0
2903,501,58,0
2903,1007,59,0
2903,1008,60,0
2903,1009,61,0
2903,793,62,0
2903,794,63,0
2903,795,64,0
2903,349,65,0
2903,350,66,0
2903,4008,67,1
2904,1757,1,0
2904,58,2,0
2904,715,3,0
2904,3366,4,0
2904,767,5,0
2904,768,6,0
2904,3433,7,0
2904,2679,8,0
2904,160,9,0
2904,161,10,0
2904,162,11,0
2904,349,12,0
2904,350,13,0
2904,4008,14,0
2904,1015,15,0
2904,1016,16,0
2904,1017,17,0
2904,9,18,0
2904,1018,19,0
2904,1020,20,0
2904,1021,21,0
2904,1150,22,0
2904,549,23,0
2904,550,24,0
2904,551,25,0
2904,552,26,0
2904,553,27,0
2904,554,28,0
2904,555,29,0
2904,556,30,0
2904,557,31,0
2904,558,32,0
2904,559,33,0
2904,1031,34,0
2904,1032,35,0
2904,199,36,0
2904,1033,37,0
2904,1034,38,0
2904,545,39,0
2904,2,40,0
2904,579,41,0
2904,564,42,0
2904,563,43,0
2904,565,44,0
2904,502,45,0
2904,103,46,0
2904,121,47,0
2904,120,48,0
2904,119,49,0
2904,118,50,0
2904,117,51,0
2904,116,52,0
2904,138,53,0
2904,137,54,0
2904,114,55,0
2904,143,56,0
2904,113,57,0
2904,112,58,0
2904,111,59,0
2904,110,60,0
2904,115,61,0
2904,109,62,0
2904,3420,63,0
2904,108,64,0
2904,140,65,0
2904,4508,66,0
2904,287,67,0
2904,286,68,0
2904,212,69,0
2904,1631,70,0
2904,208,71,0
2904,209,72,0
2904,210,73,0
2904,211,74,0
2904,200,75,0
2904,201,76,0
2904,202,77,0
2904,203,78,0
2904,204,79,0
2904,213,80,0
2904,205,81,0
2904,271,82,0
2904,1791,83,0
2904,284,84,0
2904,2359,85,0
2904,285,86,0
2904,2358,87,0
2904,2649,88,0
2904,100,89,1
3001,2850,1,0
3001,2702,2,0
3001,2749,3,0
3001,2750,4,0
3001,2751,5,0
3001,2752,6,0
3001,2755,7,0
3001,2756,8,0
3001,2757,9,0
3001,2717,10,0
3001,2718,11,0
3001,2719,12,0
3001,2720,13,0
3001,2721,14,0
3001,2722,15,0
3001,2324,16,0
3001,2723,17,0
3001,2724,18,0
3001,2777,19,0
3001,2778,20,0
3001,2779,21,0
3001,2780,22,0
3001,2798,23,0
3001,2786,24,0
3001,2797,25,0
3001,2782,26,0
3001,2783,27,0
3001,2938,28,0
3001,2939,29,0
3001,2924,30,0
3001,2954,31,0
3001,2986,32,0
3001,2988,33,0
3001,379,34,0
3001,2923,35,1
3002,2923,1,0
3002,2958,2,0
3002,2989,3,0
3002,2987,4,0
3002,2712,5,0
3002,2709,6,0
3002,2993,7,0
3002,2996,8,0
3002,2784,9,0
3002,2781,10,0
3002,2705,11,0
3002,2788,12,0
3002,2789,13,0
3002,2790,14,0
3002,2791,15,0
3002,2725,16,0
3002,2726,17,0
3002,2727,18,0
3002,2728,19,0
3002,2729,20,0
3002,2731,21,0
3002,2716,22,0
3002,2761,23,0
3002,2762,24,0
3002,2763,25,0
3002,2699,26,0
3002,2766,27,0
3002,2767,28,0
3002,2768,29,0
3002,2769,30,0
3002,2747,31,0
3002,2850,32,1
3103,547,1,0
3103,565,2,0
3103,503,3,0
3103,505,4,0
3103,506,5,0
3103,507,6,0
3103,508,7,0
3103,509,8,0
3103,510,9,0
3103,511,10,0
3103,512,11,0
3103,513,12,0
3103,516,13,0
3103,517,14,0
3103,501,15,0
3103,1007,16,0
3103,1008,17,0
3103,1009,18,0
3103,1026,19,0
3103,1027,20,0
3103,1028,21,0
3103,1029,22,0
3103,3199,23,0
3103,1151,24,0
3103,1074,25,0
3103,1075,26,0
3103,1076,27,0
3103,1077,28,0
3103,1078,29,0
3103,1079,30,0
3103,1080,31,0
3103,1081,32,0
3103,1082,33,0
3103,1092,34,0
3103,1083,35,0
3103,1084,36,0
3103,1085,37,0
3103,1086,38,0
3103,1050,39,0
3103,905,40,0
3103,906,41,0
3103,907,42,0
3103,908,43,0
3103,911,44,0
3103,912,45,0
3103,913,46,0
3103,3,47,0
3103,915,48,0
3103,916,49,0
3103,917,50,0
3103,918,51,0
3103,1718,52,0
3103,4008,53,1
3104,4008,1,0
3104,1015,2,0
3104,1016,3,0
3104,1017,4,0
3104,9,5,0
3104,1018,6,0
3104,1019,7,0
3104,1020,8,0
3104,1021,9,0
3104,1150,10,0
3104,549,11,0
3104,550,12,0
3104,551,13,0
3104,552,14,0
3104,553,15,0
3104,554,16,0
3104,555,17,0
3104,556,18,0
3104,557,19,0
3104,558,20,0
3104,559,21,0
3104,579,22,0
3104,564,23,0
3104,547,24,1
3203,1267,1,0
3203,1268,2,0
3203,1269,3,0
3203,842,4,0
3203,4010,5,0
3203,81,6,0
3203,418,7,0
3203,419,8,0
3203,49,9,0
3203,4530,10,0
3203,4531,11,0
3203,4532,12,0
3203,4533,13,0
3203,3295,14,0
3203,3296,15,0
3203,3298,16,1
3204,3298,1,0
3204,3297,2,0
3204,3294,3,0
3204,3293,4,0
3204,3292,5,0
3204,3291,6,0
3204,3290,7,0
3204,82,8,0
3204,83,9,0
3204,88,10,0
3204,1149,11,0
3204,4011,12,0
3204,398,13,0
3204,800,14,0
3204,2587,15,1
3401,3402,1,0
3401,1758,2,0
3401,313,3,0
3401,3403,4,0
3401,3404,5,0
3401,5747,6,0
3401,3336,7,0
3401,3341,8,0
3401,3335,9,0
3401,3352,10,0
3401,3532,11,0
3401,3518,12,0
3401,3510,13,0
3401,2212,14,0
3401,2203,15,0
3401,3500,16,0
3401,3509,17,0
3401,3516,18,0
3401,2128,19,0
3401,3517,20,0
3401,1725,21,0
3401,1799,22,0
3401,1707,23,0
3401,3504,24,0
3401,1807,25,0
3401,1911,26,0
3401,1896,27,0
3401,2270,28,0
3401,2151,29,0
3401,2271,30,0
3401,1966,31,0
3401,845,32,0
3401,1999,33,0
3401,1697,34,0
3401,1954,35,0
3401,836,36,0
3401,1957,37,0
3401,1967,38,0
3401,1956,39,0
3401,1976,40,0
3401,1977,41,0
3401,1978,42,0
3401,1979,43,0
3401,1985,44,0
3401,1986,45,0
3401,6000,46,1
3402,597,1,0
3402,480,2,0
3402,1970,3,0
3402,1971,4,0
3402,1972,5,0
3402,1973,6,0
3402,1974,7,0
3402,1630,8,0
3402,1955,9,0
3402,1962,10,0
3402,1952,11,0
3402,1449,12,0
3402,1953,13,0
3402,1696,14,0
3402,1998,15,0
3402,848,16,0
3402,2889,17,0
3402,1963,18,0
3402,1796,19,0
3402,1897,20,0
3402,4,21,0
3402,1964,22,0
3402,1633,23,0
3402,1808,24,0
3402,3308,25,0
3402,1700,26,0
3402,667,27,0
3402,3522,28,0
3402,3248,29,0
3402,1773,30,0
3402,3302,31,0
3402,3524,32,0
3402,3525,33,0
3402,3511,34,0
3402,2357,35,0
3402,773,36,0
3402,3526,37,0
3402,3527,38,0
3402,3528,39,0
3402,3529,40,0
3402,3531,41,0
3402,3530,42,0
3402,3508,43,0
3402,5751,44,0
3402,3399,45,0
3402,3401,46,0
3402,2170,47,0
3402,58,48,0
3402,3402,49,1
3501,3570,1,0
3501,3501,2,0
3501,3539,3,0
3501,3540,4,0
3501,3532,5,0
3501,3518,6,0
3501,3510,7,0
3501,3508,8,0
3501,2212,9,0
3501,2203,10,0
3501,3500,11,0
3501,3509,12,0
3501,3516,13,0
3501,599,14,0
3501,3517,15,0
3501,1725,16,0
3501,1799,17,0
3501,1707,18,0
3501,3504,19,0
3501,1807,20,0
3501,1911,21,0
3501,1896,22,0
3501,2270,23,0
3501,2151,24,0
3501,2271,25,0
3501,1966,26,0
3501,845,27,0
3501,1999,28,0
3501,1697,29,0
3501,1954,30,0
3501,836,31,0
3501,1957,32,0
3501,1967,33,0
3501,1956,34,0
3501,1976,35,0
3501,2291,36,0
3501,2283,37,0
3501,1991,38,0
3501,3519,39,0
3501,322,40,0
3501,1992,41,0
3501,2304,42,0
3501,1471,43,0
3501,2048,44,0
3501,2002,45,0
3501,2012,46,0
3501,2013,47,0
3501,2014,48,0
3501,2015,49,0
3501,2016,50,0
3501,3214,51,0
3501,1437,52,0
3501,1438,53,0
3501,1439,54,0
3501,2017,55,0
3501,3266,56,0
3501,2038,57,0
3501,3247,58,0
3501,1659,59,0
3501,43,60,0
3501,44,61,0
3501,2061,62,0
3501,3258,63,0
3501,3090,64,0
3501,9026,65,0
3501,9001,66,0
3501,9002,67,0
3501,9003,68,0
3501,9004,69,0
3501,9005,70,0
3501,9006,71,0
3501,9007,72,0
3501,9008,73,0
3501,9009,74,0
3501,9010,75,0
3501,9011,76,0
3501,9014,77,0
3501,9098,78,0
3501,9080,79,0
3501,9000,80,0
3501,3150,81,1
3502,3150,1,0
3502,310,2,0
3502,9013,3,0
3502,811,4,0
3502,9015,5,0
3502,9016,6,0
3502,9017,7,0
3502,9018,8,0
3502,9019,9,0
3502,815,10,0
3502,9020,11,0
3502,5009,12,0
3502,3008,13,0
3502,3093,14,0
3502,3272,15,0
3502,2147,16,0
3502,2145,17,0
3502,20,18,0
3502,3533,19,0
3502,2132,20,0
3502,3520,21,0
3502,3195,22,0
3502,2033,23,0
3502,1290,24,0
3502,1291,25,0
3502,1292,26,0
3502,1599,27,0
3502,2034,28,0
3502,2035,29,0
3502,2036,30,0
3502,2039,31,0
3502,2037,32,0
3502,1068,33,0
3502,2083,34,0
3502,2031,35,0
3502,2289,36,0
3502,1988,37,0
3502,340,38,0
3502,3521,39,0
3502,482,40,0
3502,3068,41,0
3502,1630,42,0
3502,1955,43,0
3502,1962,44,0
3502,1952,45,0
3502,1449,46,0
3502,1953,47,0
3502,1696,48,0
3502,1998,49,0
3502,848,50,0
3502,2889,51,0
3502,1963,52,0
3502,1796,53,0
3502,1897,54,0
3502,4,55,0
3502,1964,56,0
3502,1633,57,0
3502,1808,58,0
3502,3308,59,0
3502,1700,60,0
3502,667,61,0
3502,3522,62,0
3502,3523,63,0
3502,1772,64,0
3502,1773,65,0
3502,3302,66,0
3502,3524,67,0
3502,3525,68,0
3502,3511,69,0
3502,3526,70,0
3502,3527,71,0
3502,3528,72,0
3502,3529,73,0
3502,3531,74,0
3502,3530,75,0
3502,3508,76,0
3502,3534,77,0
3502,3502,78,0
3502,3538,79,0
3502,3535,80,0
3502,3566,81,0
3502,3537,82,0
3502,3570,83,1
3601,1073,1,0
3601,1151,2,0
3601,1074,3,0
3601,896,4,0
3601,924,5,0
3601,926,6,0
3601,1213,7,0
3601,927,8,0
3601,974,9,0
3601,975,10,0
3601,976,11,0
3601,977,12,0
3601,2746,13,0
3601,882,14,0
3601,1248,15,0
3601,1747,16,0
3601,1164,17,0
3601,1139,18,0
3601,897,19,0
3601,1170,20,0
3601,527,21,0
3601,1652,22,0
3601,1653,23,0
3601,1654,24,0
3601,1655,25,0
3601,2528,26,0
3601,1660,27,0
3601,958,28,0
3601,1661,29,0
3601,1656,30,0
3601,1662,31,0
3601,1657,32,0
3601,1658,33,0
3601,1280,34,0
3601,1281,35,0
3601,1282,36,0
3601,1376,37,0
3601,1284,38,0
3601,1285,39,0
3601,1048,40,0
3601,1025,41,0
3601,1026,42,0
3601,1027,43,0
3601,1028,44,0
3601,1029,45,1
3803,562,1,0
3803,700,2,0
3803,2332,3,0
3803,695,4,0
3803,696,5,0
3803,697,6,0
3803,698,7,0
3803,699,8,0
3803,702,9,0
3803,3169,10,0
3803,1195,11,0
3803,1142,12,0
3803,1143,13,0
3803,1185,14,0
3803,1200,15,0
3803,1233,16,0
3803,648,17,0
3803,649,18,0
3803,650,19,0
3803,651,20,0
3803,652,21,0
3803,653,22,0
3803,654,23,0
3803,655,24,0
3803,1410,25,0
3803,1478,26,0
3803,1479,27,0
3803,1486,28,0
3803,1469,29,0
3803,1413,30,0
3803,1414,31,0
3803,2318,32,0
3803,1417,33,0
3803,891,34,0
3803,3053,35,0
3803,892,36,0
3803,2421,37,0
3803,2895,38,0
3803,2912,39,0
3803,2495,40,0
3803,1250,41,0
3803,2841,42,0
3803,1699,43,0
3803,1713,44,0
3803,1731,45,0
3803,3014,46,0
3803,1738,47,0
3803,1739,48,0
3803,1740,49,0
3803,1741,50,0
3803,1441,51,0
3803,1442,52,0
3803,1443,53,0
3803,2417,54,0
3803,2378,55,0
3803,2300,56,0
3803,2301,57,0
3803,2302,58,0
3803,2371,59,0
3803,2372,60,0
3803,2373,61,0
3803,2374,62,0
3803,2375,63,0
3803,2158,64,0
3803,2159,65,0
3803,3019,66,0
3803,1011,67,0
3803,1012,68,0
3803,1051,69,0
3803,3689,70,0
3803,1053,71,0
3803,3121,72,0
3803,3020,73,0
3803,3021,74,0
3803,3840,75,0
3803,3841,76,0
3803,3843,77,0
3803,3842,78,0
3803,3146,79,0
3803,3145,80,0
3803,3298,81,0
3803,3812,82,0
3803,1850,83,0
3803,2573,84,0
3803,1597,85,0
3803,1598,86,0
3803,2334,87,0
3803,93,88,0
3803,2342,89,0
3803,665,90,1
3804,665,1,0
3804,2290,2,0
3804,2581,3,0
3804,3016,4,0
3804,3017,5,0
3804,2617,6,0
3804,2660,7,0
3804,2661,8,0
3804,2662,9,0
3804,3801,10,0
3804,3800,11,0
3804,3298,12,0
3804,3812,13,0
3804,2354,14,0
3804,3866,15,0
3804,3869,16,0
3804,3867,17,0
3804,3868,18,0
3804,3075,19,0
3804,3076,20,0
3804,1056,21,0
3804,1057,22,0
3804,1058,23,0
3804,1059,24,0
3804,1060,25,0
3804,2110,26,0
3804,2109,27,0
3804,2379,28,0
3804,2380,29,0
3804,2381,30,0
3804,2382,31,0
3804,2383,32,0
3804,2314,33,0
3804,2315,34,0
3804,2316,35,0
3804,2554,36,0
3804,2418,37,0
3804,2377,38,0
3804,2496,39,0
3804,1444,40,0
3804,1445,41,0
3804,1743,42,0
3804,1744,43,0
3804,1748,44,0
3804,1750,45,0
3804,1754,46,0
3804,1763,47,0
3804,1829,48,0
3804,1830,49,0
3804,2881,50,0
3804,2885,51,0
3804,2259,52,0
3804,2260,53,0
3804,2227,54,0
3804,2229,55,0
3804,3023,56,0
3804,2173,57,0
3804,1451,58,0
3804,2517,59,0
3804,1452,60,0
3804,1453,61,0
3804,1487,62,0
3804,2335,63,0
3804,1496,64,0
3804,1497,65,0
3804,1412,66,0
3804,656,67,0
3804,658,68,0
3804,677,69,0
3804,659,70,0
3804,660,71,0
3804,661,72,0
3804,662,73,0
3804,663,74,0
3804,1234,75,0
3804,1235,76,0
3804,1742,77,0
3804,1753,78,0
3804,1831,79,0
3804,645,80,0
3804,686,81,0
3804,687,82,0
3804,688,83,0
3804,693,84,0
3804,694,85,0
3804,1650,86,0
3804,757,87,0
3804,765,88,0
3804,723,89,0
3804,562,90,1
3901,2127,1,0
3901,2290,2,0
3901,2581,3,0
3901,3016,4,0
3901,3017,5,0
3901,2328,6,0
3901,943,7,0
3901,2544,8,0
3901,3024,9,0
3901,82,10,0
3901,83,11,0
3901,88,12,0
3901,1149,13,0
3901,3047,14,0
3901,3048,15,0
3901,3049,16,0
3901,3907,17,0
3901,3908,18,0
3901,3054,19,0
3901,3503,20,0
3901,3507,21,0
3901,3055,22,0
3901,1693,23,0
3901,399,24,0
3901,2458,25,0
3901,2472,26,0
3901,1881,27,0
3901,2459,28,0
3901,2572,29,0
3901,2460,30,0
3901,3011,31,0
3901,2461,32,0
3901,2462,33,0
3901,2463,34,0
3901,401,35,0
3901,54,36,0
3901,404,37,0
3901,3056,38,0
3901,1250,39,0
3901,2841,40,0
3901,2181,41,0
3901,2252,42,0
3901,1613,43,0
3901,2103,44,0
3901,3057,45,0
3901,3058,46,0
3901,3059,47,0
3901,3060,48,0
3901,1927,49,0
3901,1948,50,0
3901,1930,51,0
3901,1989,52,0
3901,1931,53,0
3901,152,54,0
3901,1932,55,0
3901,1933,56,0
3901,3900,57,0
3901,2331,58,0
3901,3127,59,0
3901,3128,60,0
3901,51,61,0
3901,3543,62,0
3901,2133,63,0
3901,178,64,0
3901,1855,65,0
3901,1856,66,0
3901,1869,67,0
3901,1880,68,0
3901,1926,69,0
3901,3131,70,1
3902,3131,1,0
3902,1904,2,0
3902,3061,3,0
3902,3062,4,0
3902,3063,5,0
3902,1158,6,0
3902,1236,7,0
3902,2327,8,0
3902,2914,9,0
3902,2881,10,0
3902,2885,11,0
3902,3064,12,0
3902,783,13,0
3902,67,14,0
3902,789,15,0
3902,1883,16,0
3902,2466,17,0
3902,2467,18,0
3902,2468,19,0
3902,2063,20,0
3902,1886,21,0
3902,1887,22,0
3902,2469,23,0
3902,2471,24,0
3902,2470,25,0
3902,790,26,0
3902,887,27,0
3902,3065,28,0
3902,3066,29,0
3902,3067,30,0
3902,3069,31,0
3902,657,32,0
3902,3909,33,0
3902,3910,34,0
3902,3072,35,0
3902,3073,36,0
3902,3074,37,0
3902,81,38,0
3902,418,39,0
3902,419,40,0
3902,49,41,0
3902,3025,42,0
3902,91,43,0
3902,92,44,0
3902,2340,45,0
3902,3077,46,0
3902,93,47,0
3902,2342,48,0
3902,1458,49,0
3902,2127,50,1
4101,3570,1,0
4101,3501,2,0
4101,4121,3,0
4101,4120,4,0
4101,4111,5,0
4101,4123,6,0
4101,4112,7,0
4101,4115,8,0
4101,4116,9,0
4101,4117,10,0
4101,4910,11,0
4101,4911,12,0
4101,4912,13,0
4101,570,14,0
4101,571,15,0
4101,572,16,0
4101,573,17,0
4101,2170,18,0
4101,2174,19,0
4101,1689,20,0
4101,4114,21,0
4101,4913,22,0
4101,4914,23,0
4101,4915,24,0
4101,4916,25,0
4101,4917,26,0
4101,2448,27,0
4101,4918,28,0
4101,4920,29,1
4102,4114,1,0
4102,3402,2,0
4102,1758,3,0
4102,313,4,0
4102,153,5,0
4102,154,6,0
4102,155,7,0
4102,156,8,0
4102,4920,9,0
4102,2437,10,0
4102,2438,11,0
4102,4921,12,0
4102,4922,13,0
4102,4923,14,0
4102,4924,15,0
4102,4925,16,0
4102,4926,17,0
4102,4927,18,0
4102,4928,19,0
4102,4100,20,0
4102,4125,21,0
4102,4102,22,0
4102,4103,23,0
4102,4104,24,0
4102,4113,25,0
4102,4942,26,0
4102,4105,27,0
4102,4124,28,0
4102,4118,29,0
4102,4119,30,0
4102,4122,31,0
4102,3535,32,0
4102,3566,33,0
4102,3537,34,0
4102,3570,35,1
4201,2244,1,0
4201,888,2,0
4201,2385,3,0
4201,2386,4,0
4201,2387,5,0
4201,2388,6,0
4201,2389,7,0
4201,2108,8,0
4201,3200,9,0
4201,6111,10,0
4201,3201,11,0
4201,1156,12,0
4201,2158,13,0
4201,2159,14,0
4201,2160,15,0
4201,533,16,0
4201,351,17,0
4201,539,18,0
4201,828,19,0
4201,528,20,0
4201,1423,21,0
4201,3115,22,0
4201,6880,23,0
4201,2505,24,0
4201,2533,25,0
4201,6138,26,0
4201,4203,27,0
4201,188,28,0
4201,852,29,0
4201,2049,30,0
4201,2626,31,0
4201,2391,32,0
4201,847,33,0
4201,2392,34,0
4201,4001,35,0
4201,1093,36,0
4201,1137,37,0
4201,3082,38,0
4201,3140,39,0
4201,2395,40,0
4201,2396,41,0
4201,2397,42,0
4201,2497,43,0
4201,2483,44,0
4201,3346,45,0
4201,1519,46,0
4201,2498,47,0
4201,2514,48,0
4201,2515,49,0
4201,2516,50,0
4201,802,51,0
4201,2550,52,0
4201,2553,53,0
4201,3226,54,0
4201,2555,55,0
4201,2603,56,0
4201,2607,57,0
4201,2939,58,0
4201,2924,59,0
4201,2800,60,0
4201,2801,61,0
4201,2802,62,0
4201,2897,63,0
4201,2849,64,1
4202,2849,1,0
4202,3009,2,0
4202,2771,3,0
4202,2772,4,0
4202,2707,5,0
4202,2712,6,0
4202,2709,7,0
4202,2993,8,0
4202,2770,9,0
4202,2785,10,0
4202,2787,11,0
4202,327,12,0
4202,1815,13,0
4202,328,14,0
4202,2545,15,0
4202,2507,16,0
4202,2546,17,0
4202,2547,18,0
4202,2548,19,0
4202,2499,20,0
4202,1520,21,0
4202,3975,22,0
4202,2590,23,0
4202,2556,24,0
4202,2557,25,0
4202,2558,26,0
4202,2559,27,0
4202,1138,28,0
4202,6146,29,0
4202,3101,30,0
4202,1584,31,0
4202,1431,32,0
4202,1432,33,0
4202,1433,34,0
4202,2355,35,0
4202,1435,36,0
4202,2512,37,0
4202,1500,38,0
4202,206,39,0
4202,3116,40,0
4202,4205,41,0
4202,4204,42,0
4202,3117,43,0
4202,3118,44,0
4202,3051,45,0
4202,2562,46,0
4202,3052,47,0
4202,2384,48,0
4202,99,49,0
4202,829,50,0
4202,2376,51,0
4202,2609,52,0
4202,2131,53,0
4202,2110,54,0
4202,2109,55,0
4202,2134,56,0
4202,2135,57,0
4202,2564,58,0
4202,2565,59,0
4202,2566,60,0
4202,2567,61,0
4202,2282,62,0
4202,2244,63,1
4303,3272,1,0
4303,2145,2,0
4303,20,3,0
4303,21,4,0
4303,2343,5,0
4303,2344,6,0
4303,14,7,0
4303,37,8,0
4303,79,9,0
4303,3254,10,0
4303,3255,11,0
4303,2631,12,0
4303,3256,13,0
4303,2076,14,0
4303,2077,15,0
4303,2078,16,0
4303,45,17,0
4303,46,18,0
4303,50,19,0
4303,80,20,0
4303,3102,21,0
4303,51,22,0
4303,52,23,0
4303,1943,24,0
4303,1941,25,0
4303,3018,26,0
4303,1946,27,0
4303,1925,28,0
4303,1802,29,0
4303,1803,30,0
4303,1804,31,0
4303,1809,32,0
4303,48,33,0
4303,1823,34,0
4303,53,35,0
4303,776,36,0
4303,777,37,0
4303,1158,38,0
4303,1236,39,0
4303,2327,40,0
4303,2914,41,0
4303,2881,42,0
4303,2885,43,0
4303,3064,44,0
4303,783,45,0
4303,67,46,0
4303,789,47,0
4303,2407,48,0
4303,2415,49,0
4303,2419,50,0
4303,2430,51,0
4303,2465,52,0
4303,2301,53,0
4303,2302,54,0
4303,2371,55,0
4303,2372,56,0
4303,2373,57,0
4303,2374,58,0
4303,2375,59,0
4303,3840,60,0
4303,3841,61,0
4303,3843,62,0
4303,3842,63,0
4303,2573,64,0
4303,1597,65,0
4303,1598,66,0
4303,2334,67,0
4303,93,68,0
4303,2342,69,0
4303,1458,70,0
4303,1374,71,1
4304,1374,1,0
4304,2290,2,0
4304,2581,3,0
4304,3016,4,0
4304,3017,5,0
4304,2617,6,0
4304,2660,7,0
4304,2661,8,0
4304,2662,9,0
4304,3866,10,0
4304,3869,11,0
4304,3867,12,0
4304,3868,13,0
4304,2379,14,0
4304,2380,15,0
4304,2382,16,0
4304,2383,17,0
4304,2314,18,0
4304,2315,19,0
4304,2316,20,0
4304,2347,21,0
4304,2592,22,0
4304,2599,23,0
4304,2429,24,0
4304,401,25,0
4304,54,26,0
4304,404,27,0
4304,3056,28,0
4304,1250,29,0
4304,2841,30,0
4304,2181,31,0
4304,2252,32,0
4304,1613,33,0
4304,2103,34,0
4304,25,35,0
4304,781,36,0
4304,1839,37,0
4304,1840,38,0
4304,1847,39,0
4304,1818,40,0
4304,1819,41,0
4304,1820,42,0
4304,1920,43,0
4304,26,44,0
4304,27,45,0
4304,28,46,0
4304,29,47,0
4304,30,48,0
4304,3005,49,0
4304,31,50,0
4304,2085,51,0
4304,2084,52,0
4304,2055,53,0
4304,2095,54,0
4304,32,55,0
4304,33,56,0
4304,34,57,0
4304,2575,58,0
4304,3261,59,0
4304,39,60,0
4304,40,61,0
4304,41,62,0
4304,42,63,0
4304,2689,64,0
4304,2144,65,0
4304,43,66,0
4304,44,67,0
4304,2061,68,0
4304,3258,69,1
4403,600,1,0
4403,672,2,0
4403,671,3,0
4403,1197,4,0
4403,1198,5,0
4403,1199,6,0
4403,1101,7,0
4403,1100,8,0
4403,1102,9,0
4403,993,10,0
4403,914,11,0
4403,910,12,0
4403,994,13,0
4403,901,14,0
4403,989,15,0
4403,996,16,0
4403,997,17,0
4403,986,18,0
4403,1708,19,0
4403,1728,20,0
4403,1711,21,0
4403,1701,22,0
4403,1752,23,0
4403,1702,24,0
4403,1800,25,0
4403,1703,26,0
4403,2452,27,0
4403,2400,28,0
4403,2401,29,0
4403,4101,30,0
4403,2402,31,0
4403,2403,32,0
4403,2456,33,0
4403,2404,34,0
4403,2405,35,0
4403,2406,36,0
4403,2407,37,0
4403,2408,38,0
4403,2169,39,0
4403,2409,40,0
4403,782,41,0
4403,2410,42,0
4403,2457,43,0
4403,2411,44,0
4403,2412,45,0
4403,2413,46,0
4403,2414,47,0
4403,2417,48,0
4403,2378,49,0
4403,2300,50,0
4403,2301,51,0
4403,2302,52,0
4403,2303,53,0
4403,2305,54,0
4403,2306,55,0
4403,2307,56,0
4403,2369,57,0
4403,2308,58,0
4403,2398,59,0
4403,2326,60,0
4403,2200,61,0
4403,2201,62,0
4403,2264,63,0
4403,2296,64,0
4403,2265,65,0
4403,919,66,1
4404,919,1,0
4404,2223,2,0
4404,2297,3,0
4404,2224,4,0
4404,2284,5,0
4404,2336,6,0
4404,1226,7,0
4404,2330,8,0
4404,2309,9,0
4404,2310,10,0
4404,2311,11,0
4404,2312,12,0
4404,2338,13,0
4404,2313,14,0
4404,883,15,0
4404,2314,16,0
4404,2315,17,0
4404,2316,18,0
4404,2554,19,0
4404,2418,20,0
4404,2422,21,0
4404,2423,22,0
4404,2424,23,0
4404,2425,24,0
4404,2426,25,0
4404,2490,26,0
4404,2427,27,0
4404,2168,28,0
4404,2428,29,0
4404,2429,30,0
4404,2464,31,0
4404,2431,32,0
4404,2432,33,0
4404,2455,34,0
4404,2433,35,0
4404,2434,36,0
4404,2435,37,0
4404,2436,38,0
4404,2453,39,0
4404,1704,40,0
4404,1801,41,0
4404,1705,42,0
4404,1751,43,0
4404,1706,44,0
4404,1710,45,0
4404,1722,46,0
4404,1709,47,0
4404,2356,48,0
4404,983,49,0
4404,987,50,0
4404,988,51,0
4404,995,52,0
4404,900,53,0
4404,984,54,0
4404,991,55,0
4404,1003,56,0
4404,992,57,0
4404,520,58,0
4404,629,59,0
4404,639,60,0
4404,640,61,0
4404,670,62,0
4404,641,63,0
4404,600,64,1
4503,89,1,0
4503,283,2,0
4503,244,3,0
4503,245,4,0
4503,288,5,0
4503,500,6,0
4503,531,7,0
4503,567,8,0
4503,515,9,0
4503,484,10,0
4503,485,11,0
4503,530,12,0
4503,683,13,0
4503,2922,14,0
4503,514,15,0
4503,489,16,0
4503,1136,17,0
4503,3141,18,0
4503,3114,19,0
4503,3143,20,0
4503,3142,21,0
4503,4540,22,0
4503,4500,23,0
4503,4501,24,0
4503,129,25,0
4503,150,26,0
4503,144,27,0
4503,4502,28,0
4503,320,29,0
4503,4549,30,0
4503,4526,31,0
4503,4536,32,0
4503,4527,33,0
4503,4538,34,0
4503,4509,35,0
4503,4541,36,0
4503,4545,37,0
4503,583,38,0
4503,1253,39,0
4503,998,40,0
4503,1023,41,0
4503,1024,42,0
4503,1096,43,0
4503,4519,44,0
4503,4505,45,0
4503,4506,46,0
4503,4507,47,0
4503,772,48,0
4503,2357,49,0
4503,773,50,0
4503,3512,51,0
4503,774,52,0
4503,3513,53,0
4503,3514,54,0
4503,3515,55,0
4503,2820,56,0
4503,1766,57,0
4503,1767,58,0
4503,3306,59,0
4503,1295,60,0
4503,2342,61,0
4503,2228,62,1
4504,2228,1,0
4504,4524,2,0
4504,346,3,0
4504,3307,4,0
4504,1783,5,0
4504,1784,6,0
4504,1785,7,0
4504,3086,8,0
4504,3305,9,0
4504,4002,10,0
4504,1788,11,0
4504,4550,12,0
4504,1790,13,0
4504,2212,14,0
4504,4512,15,0
4504,3353,16,0
4504,4513,17,0
4504,4514,18,0
4504,4515,19,0
4504,4529,20,0
4504,4516,21,0
4504,1097,22,0
4504,1046,23,0
4504,1098,24,0
4504,1047,25,0
4504,1252,26,0
4504,669,27,0
4504,678,28,0
4504,4518,29,0
4504,4526,30,0
4504,4536,31,0
4504,4527,32,0
4504,4538,33,0
4504,4509,34,0
4504,4542,35,0
4504,4546,36,0
4504,4547,37,0
4504,338,38,0
4504,4520,39,0
4504,4521,40,0
4504,114,41,0
4504,143,42,0
4504,4522,43,0
4504,2351,44,0
4504,2352,45,0
4504,2682,46,0
4504,2353,47,0
4504,2906,48,0
4504,680,49,0
4504,486,50,0
4504,487,51,0
4504,525,52,0
4504,682,53,0
4504,596,54,0
4504,518,55,0
4504,684,56,0
4504,685,57,0
4504,568,58,0
4504,569,59,0
4504,502,60,0
4504,103,61,0
4504,104,62,0
4504,105,63,0
4504,106,64,0
4504,89,65,1
4603,4114,1,0
4603,3402,2,0
4603,1758,3,0
4603,313,4,0
4603,3403,5,0
4603,3404,6,0
4603,5747,7,0
4603,3336,8,0
4603,3341,9,0
4603,3335,10,0
4603,5711,11,0
4603,5712,12,0
4603,5713,13,0
4603,5723,14,0
4603,5733,15,0
4603,5745,16,0
4603,5746,17,0
4603,5600,18,0
4603,5601,19,0
4603,5602,20,0
4603,5603,21,0
4603,5604,22,0
4603,5605,23,0
4603,5606,24,0
4603,5607,25,0
4603,5608,26,0
4603,5609,27,0
4603,3298,28,1
4604,3298,1,0
4604,3297,2,0
4604,5613,3,0
4604,5614,4,0
4604,5615,5,0
4604,5616,6,0
4604,5617,7,0
4604,5618,8,0
4604,5619,9,0
4604,5620,10,0
4604,5621,11,0
4604,5622,12,0
4604,5623,13,0
4604,5624,14,0
4604,5625,15,0
4604,5626,16,0
4604,5627,17,0
4604,5628,18,0
4604,5629,19,0
4604,5630,20,0
4604,3531,21,0
4604,3530,22,0
4604,3508,23,0
4604,5751,24,0
4604,3399,25,0
4604,3401,26,0
4604,2170,27,0
4604,2174,28,0
4604,1689,29,0
4604,4114,30,1
4700,1089,1,0
4700,1015,2,0
4700,1016,3,0
4700,1017,4,0
4700,9,5,0
4700,1043,6,0
4700,1044,7,0
4700,1045,8,0
4700,937,9,0
4700,946,10,0
4700,947,11,0
4700,948,12,0
4700,949,13,0
4700,950,14,0
4700,951,15,0
4700,952,16,0
4700,953,17,0
4700,965,18,0
4700,954,19,0
4700,955,20,0
4700,956,21,0
4700,973,22,0
4700,957,23,0
4700,898,24,0
4700,959,25,0
4700,960,26,0
4700,961,27,0
4700,929,28,0
4700,930,29,0
4700,944,30,0
4700,945,31,0
4700,931,32,0
4700,932,33,0
4700,933,34,0
4700,934,35,0
4700,935,36,0
4700,928,37,0
4700,962,38,0
4700,963,39,0
4700,938,40,0
4700,939,41,0
4700,940,42,0
4700,349,43,0
4700,350,44,1
4803,1013,1,0
4803,1719,2,0
4803,1720,3,0
4803,1721,4,0
4803,2128,5,0
4803,1772,6,0
4803,1757,7,0
4803,1758,8,0
4803,58,9,0
4803,192,10,0
4803,298,11,0
4803,1759,12,0
4803,1760,13,0
4803,2058,14,0
4803,2101,15,0
4803,2671,16,0
4803,2644,17,0
4803,2261,18,0
4803,2262,19,0
4803,2298,20,0
4803,2263,21,0
4803,2264,22,0
4803,2296,23,0
4803,2265,24,0
4803,780,25,1
4804,780,1,0
4804,2223,2,0
4804,2297,3,0
4804,2224,4,0
4804,2225,5,0
4804,2251,6,0
4804,2226,7,0
4804,2645,8,0
4804,2648,9,0
4804,2125,10,0
4804,2126,11,0
4804,1761,12,0
4804,1762,13,0
4804,299,14,0
4804,2420,15,0
4804,57,16,0
4804,2174,17,0
4804,1689,18,0
4804,599,19,0
4804,3248,20,0
4804,3366,21,0
4804,1717,22,0
4804,1718,23,0
4804,1049,24,0
4804,1029,25,0
4804,1013,26,1
4901,5749,1,0
4901,4902,2,0
4901,4903,3,0
4901,889,4,0
4901,3203,5,0
4901,3204,6,0
4901,4906,7,0
4901,4907,8,0
4901,4909,9,0
4901,4002,10,0
4901,1788,11,0
4901,4550,12,0
4901,5751,13,0
4901,3399,14,0
4901,3401,15,0
4901,2170,16,0
4901,3402,17,0
4901,4910,18,0
4901,4911,19,0
4901,4912,20,0
4901,4913,21,0
4901,4914,22,0
4901,4915,23,0
4901,4916,24,0
4901,4917,25,0
4901,2448,26,0
4901,4918,27,0
4901,4920,28,1
4902,3402,1,0
4902,1758,2,0
4902,313,3,0
4902,3403,4,0
4902,3404,5,0
4902,5747,6,0
4902,3512,7,0
4902,774,8,0
4902,4920,9,0
4902,2437,10,0
4902,2438,11,0
4902,4921,12,0
4902,4922,13,0
4902,4923,14,0
4902,4924,15,0
4902,4925,16,0
4902,4926,17,0
4902,4927,18,0
4902,4928,19,0
4902,3513,20,0
4902,4929,21,0
4902,4930,22,0
4902,4931,23,0
4902,4932,24,0
4902,3205,25,0
4902,3206,26,0
4902,5750,27,0
4902,5748,28,0
4902,5752,29,0
4902,5749,30,1
5103,885,1,0
5103,1301,2,0
5103,1313,3,0
5103,1314,4,0
5103,1320,5,0
5103,1321,6,0
5103,1322,7,0
5103,1308,8,0
5103,1576,9,0
5103,1577,10,0
5103,1578,11,0
5103,2760,12,0
5103,2701,13,0
5103,1570,14,0
5103,2019,15,0
5103,2184,16,0
5103,2020,17,0
5103,2021,18,0
5103,2022,19,0
5103,2094,20,0
5103,2641,21,0
5103,2023,22,0
5103,2155,23,0
5103,2156,24,0
5103,2697,25,0
5103,2642,26,0
5103,2643,27,0
5103,2473,28,0
5103,2474,29,0
5103,2475,30,0
5103,2476,31,0
5103,2477,32,0
5103,2478,33,0
5103,2479,34,0
5103,2480,35,0
5103,5100,36,0
5103,2481,37,0
5103,2482,38,0
5103,2492,39,0
5103,2493,40,0
5103,2509,41,0
5103,2591,42,0
5103,2510,43,1
5104,2510,1,0
5104,2513,2,0
5104,2494,3,0
5104,922,4,0
5104,2484,5,0
5104,2485,6,0
5104,2486,7,0
5104,2487,8,0
5104,2488,9,0
5104,2489,10,0
5104,2698,11,0
5104,2690,12,0
5104,2157,13,0
5104,2024,14,0
5104,2051,15,0
5104,2185,16,0
5104,2025,17,0
5104,2052,18,0
5104,2026,19,0
5104,2027,20,0
5104,2006,21,0
5104,2028,22,0
5104,1515,23,0
5104,273,24,0
5104,1579,25,0
5104,1580,26,0
5104,1581,27,0
5104,1310,28,0
5104,1323,29,0
5104,1324,30,0
5104,1360,31,0
5104,1361,32,0
5104,1362,33,0
5104,1311,34,0
5104,810,35,0
5104,809,36,0
5104,808,37,0
5104,921,38,0
5104,807,39,0
5104,806,40,0
5104,805,41,0
5104,885,42,1
5200,2473,1,0
5200,2121,2,0
5200,2530,3,0
5200,2733,4,0
5200,2742,5,0
5200,2743,6,0
5200,2647,7,0
5200,2521,8,0
5200,2531,9,0
5200,2624,10,0
5200,2532,11,0
5200,2586,12,0
5200,2534,13,0
5200,2578,14,0
5200,2579,15,0
5200,2524,16,0
5200,2525,17,0
5200,2526,18,0
5200,2527,19,0
5200,1849,20,0
5200,2115,21,1
5303,766,1,0
5303,480,2,0
5303,481,3,0
5303,1822,4,0
5303,1508,5,0
5303,1509,6,0
5303,1510,7,0
5303,1061,8,0
5303,1600,9,0
5303,1601,10,0
5303,1798,11,0
5303,1603,12,0
5303,1604,13,0
5303,1605,14,0
5303,1606,15,0
5303,1993,16,0
5303,1995,17,0
5303,635,18,0
5303,634,19,0
5303,177,20,0
5303,3543,21,0
5303,2133,22,0
5303,178,23,0
5303,5300,24,0
5303,5301,25,0
5303,2215,26,0
5303,3180,27,0
5303,3107,28,0
5303,179,29,0
5303,180,30,0
5303,3700,31,0
5303,181,32,0
5303,3000,33,0
5303,182,34,0
5303,183,35,0
5303,184,36,0
5303,185,37,0
5303,186,38,0
5303,187,39,0
5303,3163,40,0
5303,5302,41,0
5303,5729,42,0
5303,5303,43,0
5303,5304,44,0
5303,1906,45,0
5303,1888,46,0
5303,1698,47,0
5303,1907,48,0
5303,2483,49,0
5303,3346,50,0
5303,1519,51,0
5303,2498,52,1
5304,2498,1,0
5304,2237,2,0
5304,347,3,0
5304,689,4,0
5304,690,5,0
5304,691,6,0
5304,692,7,0
5304,816,8,0
5304,3260,9,0
5304,817,10,0
5304,884,11,0
5304,818,12,0
5304,193,13,0
5304,3137,14,0
5304,3001,15,0
5304,194,16,0
5304,3701,17,0
5304,195,18,0
5304,196,19,0
5304,1933,20,0
5304,1934,21,0
5304,2552,22,0
5304,3550,23,0
5304,197,24,0
5304,3900,25,0
5304,2331,26,0
5304,3127,27,0
5304,3128,28,0
5304,3110,29,0
5304,633,30,0
5304,632,31,0
5304,1981,32,0
5304,1987,33,0
5304,1608,34,0
5304,1616,35,0
5304,1609,36,0
5304,1610,37,0
5304,1878,38,0
5304,1612,39,0
5304,1614,40,0
5304,1066,41,0
5304,1521,42,0
5304,1522,43,0
5304,1523,44,0
5304,2577,45,0
5304,666,46,0
5304,766,47,1
5501,5709,1,0
5501,1677,2,0
5501,1685,3,0
5501,2502,4,0
5501,2537,7,0
5501,2370,8,0
5501,2538,9,0
5501,2539,10,0
5501,2529,11,0
5501,2540,12,0
5501,2630,13,0
5501,2629,14,0
5501,2628,15,0
5501,2600,16,0
5501,2627,17,0
5501,2511,18,0
5501,2541,19,0
5501,2542,20,0
5501,2695,21,0
5501,2543,22,0
5501,2563,23,0
5501,2595,24,0
5501,2500,25,0
5501,2596,26,0
5501,2597,27,0
5501,2598,28,0
5501,2894,29,1
5703,1303,1,0
5703,310,2,0
5703,9013,3,0
5703,811,4,0
5703,9015,5,0
5703,9016,6,0
5703,9017,7,0
5703,9018,8,0
5703,9019,9,0
5703,815,10,0
5703,5009,11,0
5703,2018,12,0
5703,5701,13,0
5703,5702,14,0
5703,5703,15,0
5703,5704,16,0
5703,5007,17,0
5703,5705,18,0
5703,5706,19,0
5703,5707,20,0
5703,5724,21,0
5703,2538,22,0
5703,2539,23,0
5703,2529,24,0
5703,2540,25,0
5703,2595,26,0
5703,2500,27,0
5703,2596,28,0
5703,2597,29,0
5703,2598,30,0
5703,2894,31,0
5703,5709,32,0
5703,5725,33,0
5703,5726,34,0
5703,5727,35,0
5703,5728,36,0
5703,5744,37,0
5703,3163,38,0
5703,5302,39,0
5703,5729,40,0
5703,5303,41,0
5703,5304,42,0
5703,5770,43,0
5703,5771,44,0
5703,5772,45,0
5703,5773,46,0
5703,5774,47,0
5703,3104,48,0
5703,6133,49,0
5703,3082,50,0
5703,3191,51,0
5703,3135,52,0
5703,3100,53,0
5703,3133,54,0
5703,6134,55,0
5703,1418,56,0
5703,1423,57,0
5703,3050,58,0
5703,3051,59,0
5703,2562,60,0
5703,3052,61,0
5703,2134,62,0
5703,5781,63,0
5703,5782,64,0
5703,2200,65,0
5703,2201,66,0
5703,2264,67,0
5703,2296,68,0
5703,2265,69,0
5703,2127,70,1
5704,2127,1,0
5704,2223,2,0
5704,2297,3,0
5704,2224,4,0
5704,2284,5,0
5704,5783,6,0
5704,5784,7,0
5704,2108,8,0
5704,3200,9,0
5704,6111,10,0
5704,3201,11,0
5704,1156,12,0
5704,3202,13,0
5704,6120,14,0
5704,3134,15,0
5704,3136,16,0
5704,1138,17,0
5704,6146,18,0
5704,6112,19,0
5704,5775,20,0
5704,5776,21,0
5704,5777,22,0
5704,5778,23,0
5704,5779,24,0
5704,5780,25,0
5704,5730,26,0
5704,5731,27,0
5704,5732,28,0
5704,5734,29,0
5704,5735,30,0
5704,2121,31,0
5704,5736,32,0
5704,5737,33,0
5704,5738,34,0
5704,2647,35,0
5704,5714,36,0
5704,5715,37,0
5704,5716,38,0
5704,5717,39,0
5704,5718,40,0
5704,5739,41,0
5704,5740,42,0
5704,5741,43,0
5704,5742,44,0
5704,5743,45,0
5704,5007,46,0
5704,5016,47,0
5704,5017,48,0
5704,5018,49,0
5704,5719,50,0
5704,5720,51,0
5704,5721,52,0
5704,5722,53,0
5704,9026,54,0
5704,9001,55,0
5704,9002,56,0
5704,9003,57,0
5704,9004,58,0
5704,9005,59,0
5704,9006,60,0
5704,9007,61,0
5704,9008,62,0
5704,9009,63,0
5704,9010,64,0
5704,9011,65,0
5704,9014,66,0
5704,9098,67,0
5704,9080,68,0
5704,9000,69,0
5704,1303,70,1
5904,2849,1,0
5904,3009,2,0
5904,2771,3,0
5904,2772,4,0
5904,2707,5,0
5904,2712,6,0
5904,2709,7,0
5904,2993,8,0
5904,2770,9,0
5904,2785,10,0
5904,2787,11,0
5904,327,12,0
5904,1815,13,0
5904,328,14,0
5904,2545,15,0
5904,1010,16,0
5904,1065,17,0
5904,309,18,0
5904,5714,19,0
5904,5715,20,0
5904,5716,21,0
5904,5717,22,0
5904,5718,23,0
5904,5739,24,0
5904,5740,25,0
5904,5741,26,0
5904,5742,27,0
5904,5743,28,0
5904,5010,29,0
5904,5016,30,0
5904,5017,31,0
5904,5018,32,1
6103,664,1,0
6103,1838,2,0
6103,3192,3,0
6103,849,4,0
6103,1404,5,0
6103,1405,6,0
6103,1415,7,0
6103,833,8,0
6103,834,9,0
6103,1193,10,0
6103,1246,11,0
6103,1247,12,0
6103,6105,13,0
6103,3556,14,0
6103,6106,15,0
6103,2580,16,0
6103,6107,17,0
6103,6108,18,0
6103,6109,19,0
6103,6110,20,0
6103,2416,21,0
6103,3108,22,0
6103,6124,23,0
6103,87,24,0
6103,3104,25,0
6103,6133,26,0
6103,3082,27,0
6103,6164,28,0
6103,6165,29,0
6103,6169,30,0
6103,6166,31,0
6103,6670,32,0
6103,6610,33,0
6103,6611,34,0
6103,6612,35,0
6103,6613,36,0
6103,6614,37,0
6103,6624,38,0
6103,3191,39,0
6103,3135,40,0
6103,3100,41,0
6103,3133,42,0
6103,6134,43,0
6103,6135,44,0
6103,6136,45,0
6103,6172,46,0
6103,6156,47,0
6103,170,48,0
6103,62,49,0
6103,3115,50,0
6103,6880,51,1
6104,6624,1,0
6104,6615,2,0
6104,6609,3,0
6104,6616,4,0
6104,6617,5,0
6104,6618,6,0
6104,6619,7,0
6104,6182,8,0
6104,6183,9,0
6104,6184,10,0
6104,6880,11,0
6104,2505,12,0
6104,2533,13,0
6104,6138,14,0
6104,6139,15,0
6104,6120,16,0
6104,3134,17,0
6104,3136,18,0
6104,1138,19,0
6104,6146,20,0
6104,6112,21,0
6104,2969,22,0
6104,3037,23,0
6104,6113,24,0
6104,6125,25,0
6104,6114,26,0
6104,6115,27,0
6104,6116,28,0
6104,6117,29,0
6104,2602,30,0
6104,6118,31,0
6104,3555,32,0
6104,6119,33,0
6104,2137,34,0
6104,1184,35,0
6104,832,36,0
6104,1140,37,0
6104,1416,38,0
6104,1424,39,0
6104,851,40,0
6104,2585,41,0
6104,1456,42,0
6104,6000,43,1
6203,6126,1,0
6203,1212,2,0
6203,6207,3,0
6203,6200,4,0
6203,6208,5,0
6203,1871,6,0
6203,1873,7,0
6203,1874,8,0
6203,6201,9,0
6203,6205,10,0
6203,6202,11,0
6203,1746,12,0
6203,1692,13,1
6204,1645,1,0
6204,1691,2,0
6204,6203,3,0
6204,6206,4,0
6204,6204,5,0
6204,1863,6,0
6204,1864,7,0
6204,1866,8,0
6204,6209,9,0
6204,1370,10,0
6204,1371,11,0
6204,1111,12,0
6204,6126,13,1
6401,2582,1,0
6401,3170,2,0
6401,3171,3,0
6401,3172,4,0
6401,3173,5,0
6401,3174,6,0
6401,1688,7,0
6401,3175,8,0
6401,23,9,0
6401,3176,10,0
6401,2234,11,0
6401,2235,12,0
6401,3177,13,0
6401,3178,14,0
6401,3179,15,0
6401,3181,16,0
6401,3182,17,0
6401,3183,18,0
6401,3184,19,0
6401,2293,20,0
6401,2297,21,0
6401,2326,22,1
6402,2326,1,0
6402,2200,2,0
6402,2201,3,0
6402,2264,4,0
6402,2296,5,0
6402,2265,6,0
6402,2290,7,0
6402,2581,8,0
6402,2582,9,0
6402,3170,10,0
6402,3171,11,0
6402,3172,12,0
6402,3173,13,0
6402,3174,14,0
6402,1688,15,0
6402,3175,16,0
6402,23,17,0
6402,3176,18,0
6402,2234,19,0
6402,2235,20,0
6402,3177,21,0
6402,3178,22,0
6402,3179,23,0
6402,3181,24,0
6402,3182,25,0
6402,3183,26,0
6402,3184,27,0
6402,3185,28,1
6500,364,1,0
6500,480,2,0
6500,1589,3,0
6500,1501,4,0
6500,1502,5,0
6500,1798,6,0
6500,1603,7,0
6500,1604,8,0
6500,1605,9,0
6500,1606,10,0
6500,1993,11,0
6500,2138,12,0
6500,163,13,0
6500,164,14,0
6500,165,15,0
6500,166,16,0
6500,321,17,0
6500,167,18,0
6500,168,19,0
6500,1950,20,0
6500,190,21,0
6500,1996,22,0
6500,1997,23,0
6500,2000,24,0
6500,2054,25,0
6500,2056,26,0
6500,2057,27,0
6500,2092,28,0
6500,2093,29,0
6500,2100,30,0
6500,3030,31,0
6500,171,32,0
6500,172,33,0
6500,173,34,0
6500,2102,35,0
6500,318,36,0
6500,174,37,0
6500,175,38,0
6500,319,39,0
6500,176,40,0
6500,1987,41,0
6500,1608,42,0
6500,1616,43,0
6500,1609,44,0
6500,1610,45,0
6500,1878,46,0
6500,1573,47,0
6500,1574,48,0
6500,1844,49,1
6603,6,1,0
6603,3192,2,0
6603,2926,3,0
6603,2907,4,0
6603,1958,5,0
6603,11,6,0
6603,3028,7,0
6603,3010,8,0
6603,1244,9,0
6603,3029,10,0
6603,1293,11,0
6603,1450,12,0
6603,3031,13,0
6603,1592,14,0
6603,776,15,0
6603,777,16,0
6603,3119,17,0
6603,3126,18,0
6603,6602,19,0
6603,6603,20,0
6603,6604,21,0
6603,6605,22,0
6603,6606,23,0
6603,6607,24,0
6603,6608,25,0
6603,6670,26,0
6603,6610,27,0
6603,6611,28,0
6603,6612,29,0
6603,6613,30,0
6603,6614,31,0
6603,6600,32,1
6604,6600,1,0
6604,6615,2,0
6604,6609,3,0
6604,6616,4,0
6604,6617,5,0
6604,6618,6,0
6604,6619,7,0
6604,6167,8,0
6604,6168,9,0
6604,6620,10,0
6604,6621,11,0
6604,6622,12,0
6604,6623,13,0
6604,3905,14,0
6604,6627,15,0
6604,3906,16,0
6604,25,17,0
6604,781,18,0
6604,2167,19,0
6604,1824,20,0
6604,2166,21,0
6604,1825,22,0
6604,1826,23,0
6604,844,24,0
6604,1827,25,0
6604,1828,26,0
6604,1877,27,0
6604,3032,28,0
6604,1879,29,0
6604,1965,30,0
6604,2921,31,0
6604,2970,32,0
6604,2585,33,0
6604,1456,34,0
6604,6,35,1
6703,3325,1,0
6703,3326,2,0
6703,3340,3,0
6703,3337,4,0
6703,3332,5,0
6703,3334,6,0
6703,1777,7,0
6703,1778,8,0
6703,1779,9,0
6703,1780,10,0
6703,1781,11,0
6703,1782,12,0
6703,2165,13,0
6703,1756,14,0
6703,192,15,0
6703,298,16,0
6703,4915,17,0
6703,4916,18,0
6703,4917,19,0
6703,2448,20,0
6703,4918,21,0
6703,4920,22,1
6704,4920,1,0
6704,2437,2,0
6704,2438,3,0
6704,4921,4,0
6704,1762,5,0
6704,299,6,0
6704,293,7,0
6704,2420,8,0
6704,715,9,0
6704,3366,10,0
6704,767,11,0
6704,768,12,0
6704,3433,13,0
6704,770,14,0
6704,771,15,0
6704,3314,16,0
6704,3317,17,0
6704,3338,18,0
6704,3339,19,0
6704,3322,20,0
6704,3323,21,0
6704,3324,22,0
6704,3518,23,1
6800,664,1,0
6800,480,2,0
6800,1970,3,0
6800,1971,4,0
6800,1972,5,0
6800,1973,6,0
6800,1974,7,0
6800,1630,8,0
6800,1955,9,0
6800,1962,10,0
6800,1952,11,0
6800,1833,12,0
6800,2680,13,0
6800,1834,14,0
6800,6810,15,0
6800,494,16,0
6800,1249,17,0
6800,1429,18,0
6800,1440,19,0
6800,6815,20,0
6800,6811,21,0
6800,2197,22,0
6800,3002,23,0
6800,1159,24,0
6800,1160,25,0
6800,1161,26,0
6800,1162,27,0
6800,1157,28,0
6800,6812,29,0
6800,6813,30,0
6800,6814,31,0
6800,1967,32,0
6800,1956,33,0
6800,1976,34,0
6800,1977,35,0
6800,1978,36,0
6800,1979,37,0
6800,1985,38,0
6800,1986,39,1
7001,1802,1,0
7001,1803,2,0
7001,1804,3,0
7001,1809,4,0
7001,1810,5,0
7001,1811,6,0
7001,850,7,0
7001,1812,8,0
7001,1841,9,0
7001,63,10,0
7001,3012,11,0
7001,64,12,0
7001,3063,13,0
7001,3119,14,0
7001,3126,15,0
7001,3079,16,0
7001,647,17,0
7001,673,18,0
7001,3027,19,0
7001,835,20,0
7001,2574,21,0
7001,2713,22,0
7001,2714,23,0
7001,1851,24,0
7001,3080,25,0
7001,1944,26,0
7001,1929,27,0
7001,3131,28,0
7001,1904,29,0
7001,9068,30,0
7001,9069,31,0
7001,9070,32,0
7001,9071,33,0
7001,9072,34,0
7001,9073,35,0
7001,9074,36,0
7001,9075,37,0
7001,9076,38,0
7001,9077,39,0
7001,9078,40,0
7001,9079,41,0
7001,9012,42,0
7001,9000,43,0
7001,1632,44,1
7002,1632,1,0
7002,310,2,0
7002,9013,3,0
7002,811,4,0
7002,9015,5,0
7002,9016,6,0
7002,9017,7,0
7002,9018,8,0
7002,9019,9,0
7002,815,10,0
7002,1927,11,0
7002,1948,12,0
7002,1928,13,0
7002,1947,14,0
7002,3252,15,0
7002,1923,16,0
7002,3081,17,0
7002,1980,18,0
7002,1802,19,0
7002,1803,20,0
7002,1804,21,0
7002,1809,22,0
7002,1810,23,0
7002,1811,24,0
7002,850,25,0
7002,1812,26,0
7002,1841,27,0
7002,63,28,0
7002,3012,29,0
7002,64,30,0
7002,3063,31,0
7002,3119,32,0
7002,3126,33,0
7002,3079,34,0
7002,647,35,0
7002,673,36,0
7002,3027,37,0
7002,835,38,0
7002,2574,39,0
7002,2713,40,0
7002,2714,41,0
7002,1851,42,1
7101,680,1,0
7101,486,2,0
7101,487,3,0
7101,525,4,0
7101,682,5,0
7101,596,6,0
7101,518,7,0
7101,684,8,0
7101,685,9,0
7101,568,10,0
7101,569,11,0
7101,503,12,0
7101,504,13,0
7101,579,14,0
7101,564,15,0
7101,1682,16,0
7101,565,17,0
7101,9000,18,0
7101,1632,19,1
7102,1632,1,0
7102,3423,2,0
7102,1682,3,0
7102,565,4,0
7102,531,5,0
7102,567,6,0
7102,515,7,0
7102,484,8,0
7102,485,9,0
7102,530,10,0
7102,683,11,0
7102,2922,12,0
7102,514,13,0
7102,489,14,0
7102,1136,15,1
7201,2084,1,0
7201,2055,2,0
7201,2095,3,0
7201,2065,4,0
7201,2096,5,0
7201,2097,6,0
7201,2098,7,0
7201,2099,8,0
7201,2009,9,0
7201,2060,10,0
7201,2067,11,0
7201,5003,12,0
7201,2068,13,0
7201,2064,14,0
7201,2069,15,0
7201,3212,16,0
7201,1749,17,0
7201,3213,18,0
7201,3214,19,0
7201,1437,20,0
7201,1438,21,0
7201,1439,22,0
7201,2017,23,0
7201,3249,24,0
7201,3257,25,0
7201,3253,26,0
7201,3258,27,1
7202,3272,1,0
7202,2147,2,0
7202,3098,3,0
7202,3099,4,0
7202,3106,5,0
7202,2033,6,0
7202,1290,7,0
7202,1291,8,0
7202,1292,9,0
7202,1599,10,0
7202,12,11,0
7202,3211,12,0
7202,3228,13,0
7202,3250,14,0
7202,3229,15,0
7202,3234,16,0
7202,3235,17,0
7202,3236,18,0
7202,3237,19,0
7202,3238,20,0
7202,3239,21,0
7202,3242,22,0
7202,3245,23,0
7202,2052,24,0
7202,2026,25,0
7202,2053,26,0
7202,2091,27,0
7202,2090,28,0
7202,2062,29,0
7202,2089,30,0
7202,2088,31,0
7202,2087,32,0
7202,2086,33,0
7202,2085,34,0
7202,2084,35,1
7301,3265,1,0
7301,3267,2,0
7301,3268,3,0
7301,3273,4,0
7301,33,5,0
7301,34,6,0
7301,3070,7,0
7301,3071,8,0
7301,3078,9,0
7301,38,10,0
7301,39,11,0
7301,40,12,0
7301,41,13,0
7301,1768,14,0
7301,2345,15,0
7301,2346,16,0
7301,1769,17,0
7301,1787,18,0
7301,2620,19,0
7301,3094,20,0
7301,43,21,0
7301,44,22,0
7301,2061,23,0
7301,3258,24,1
7302,3272,1,0
7302,2147,2,0
7302,2145,3,0
7302,20,4,0
7302,3088,5,0
7302,3089,6,0
7302,1732,7,0
7302,2625,8,0
7302,2646,9,0
7302,14,10,0
7302,37,11,0
7302,79,12,0
7302,3254,13,0
7302,47,14,0
7302,2071,15,0
7302,2072,16,0
7302,2073,17,0
7302,2074,18,0
7302,2075,19,0
7302,2076,20,0
7302,2077,21,0
7302,2078,22,0
7302,2079,23,0
7302,2080,24,0
7302,2081,25,0
7302,2082,26,0
7302,2549,27,0
7302,3262,28,0
7302,3263,29,0
7302,3264,30,0
7302,3265,31,1
7601,477,1,0
7601,480,2,0
7601,481,3,0
7601,1822,4,0
7601,1508,5,0
7601,158,6,0
7601,1273,7,0
7601,1274,8,0
7601,1276,9,0
7601,1277,10,0
7601,1383,11,0
7601,1384,12,0
7601,1385,13,0
7601,1386,14,0
7601,1387,15,0
7601,1388,16,0
7601,1389,17,0
7601,1390,18,0
7601,1391,19,0
7601,1392,20,0
7601,1393,21,0
7601,1394,22,0
7601,1395,23,0
7601,9163,24,0
7601,9063,25,0
7601,9064,26,0
7601,9065,27,0
7601,9066,28,0
7601,9067,29,0
7601,9026,30,0
7601,9001,31,0
7601,9002,32,0
7601,9003,33,0
7601,9004,34,0
7601,9005,35,0
7601,9006,36,0
7601,9007,37,0
7601,9008,38,0
7601,9009,39,0
7601,9010,40,0
7601,9011,41,0
7601,9014,42,0
7601,9098,43,0
7601,9080,44,0
7601,9000,45,0
7601,1306,46,1
7602,1306,1,0
7602,310,2,0
7602,9013,3,0
7602,811,4,0
7602,9015,5,0
7602,9016,6,0
7602,9017,7,0
7602,9018,8,0
7602,9019,9,0
7602,815,10,0
7602,9091,11,0
7602,9092,12,0
7602,9093,13,0
7602,9094,14,0
7602,9095,15,0
7602,1307,16,0
7602,1309,17,0
7602,1551,18,0
7602,1552,19,0
7602,1553,20,0
7602,1554,21,0
7602,1555,22,0
7602,1557,23,0
7602,1558,24,0
7602,1559,25,0
7602,1560,26,0
7602,1561,27,0
7602,1563,28,0
7602,1564,29,0
7602,1565,30,0
7602,1566,31,0
7602,2593,32,0
7602,1523,33,0
7602,2577,34,0
7602,666,35,0
7602,477,36,1
8703,3272,1,0
8703,1618,2,0
8703,2033,3,0
8703,1290,4,0
8703,1599,5,0
8703,2034,6,0
8703,2036,7,0
8703,2037,8,0
8703,2083,9,0
8703,2031,10,0
8703,340,11,0
8703,482,12,0
8703,1955,13,0
8703,1962,14,0
8703,1952,15,0
8703,1953,16,0
8703,1998,17,0
8703,1897,18,0
8703,1964,19,0
8703,891,20,0
8703,892,21,0
8703,2895,22,0
8703,3064,23,0
8703,783,24,0
8703,789,25,0
8703,2468,26,0
8703,1887,27,0
8703,2470,28,0
8703,2820,29,0
8703,1766,30,0
8703,1767,31,0
8703,1295,32,0
8703,1374,33,1
8704,1374,1,0
8704,346,2,0
8704,1783,3,0
8704,1784,4,0
8704,1785,5,0
8704,2458,6,0
8704,2459,7,0
8704,3011,8,0
8704,401,9,0
8704,404,10,0
8704,3056,11,0
8704,2260,12,0
8704,2229,13,0
8704,2173,14,0
8704,1896,15,0
8704,2270,16,0
8704,1999,17,0
8704,1954,18,0
8704,1957,19,0
8704,1967,20,0
8704,1956,21,0
8704,1991,22,0
8704,322,23,0
8704,1471,24,0
8704,2048,25,0
8704,2012,26,0
8704,2014,27,0
8704,2016,28,0
8704,1437,29,0
8704,1439,30,0
8704,2017,31,0
8704,2029,32,0
8704,9104,33,0
8704,3258,34,1
9001,812,1,0
9001,2223,2,0
9001,2297,3,0
9001,2224,4,0
9001,2326,5,0
9001,2200,6,0
9001,2201,7,0
9001,2202,8,0
9001,2208,9,0
9001,2204,10,0
9001,2205,11,0
9001,2206,12,0
9001,2207,13,0
9001,2292,14,0
9001,2295,15,0
9001,2715,16,0
9001,2734,17,0
9001,2753,18,0
9001,2754,19,0
9001,2565,20,0
9001,2566,21,0
9001,2567,22,0
9001,2282,23,0
9001,888,24,0
9001,2385,25,0
9001,2386,26,0
9001,2387,27,0
9001,2732,28,0
9001,4510,29,0
9001,2272,30,0
9001,2273,31,0
9001,2274,32,0
9001,2275,33,0
9001,2276,34,0
9001,2277,35,0
9001,2278,36,0
9001,2279,37,0
9001,2280,38,0
9001,2281,39,0
9001,1299,40,0
9001,1226,41,0
9001,2264,42,0
9001,2296,43,0
9001,2265,44,1
9002,812,1,0
9002,2290,2,0
9002,2581,3,0
9002,3016,4,0
9002,3017,5,0
9002,2328,6,0
9002,943,7,0
9002,2544,8,0
9002,3024,9,0
9002,4530,10,0
9002,4531,11,0
9002,4532,12,0
9002,4533,13,0
9002,4543,14,0
9002,4534,15,0
9002,4544,16,0
9002,4535,17,0
9002,92,18,0
9002,2340,19,0
9002,3077,20,0
9002,93,21,0
9002,2342,22,0
9002,1458,23,1
9103,6126,1,0
9103,3123,2,0
9103,6127,3,0
9103,6128,4,0
9103,6129,5,0
9103,6137,6,0
9103,6130,7,0
9103,6131,8,0
9103,6132,9,0
9103,6101,10,0
9103,982,11,0
9103,6102,12,0
9103,6158,13,0
9103,6159,14,0
9103,6160,15,0
9103,6202,16,0
9103,1746,17,0
9103,1692,18,0
9103,1745,19,0
9103,1400,20,0
9103,460,21,0
9103,19,22,0
9103,6171,23,1
9104,6171,1,0
9104,417,2,0
9104,1427,3,0
9104,775,4,0
9104,1645,5,0
9104,1691,6,0
9104,6203,7,0
9104,6161,8,0
9104,6162,9,0
9104,6163,10,0
9104,90,11,0
9104,6123,12,0
9104,6140,13,0
9104,6141,14,0
9104,6142,15,0
9104,6170,16,0
9104,6143,17,0
9104,6144,18,0
9104,6145,19,0
9104,6126,20,1
10101,1661,1,0
10101,548,2,0
10101,501,3,0
10101,4300,4,0
10101,1033,5,0
10101,535,6,0
10101,910,7,0
10101,642,8,0
10101,644,9,0
10101,645,10,0
10101,748,11,0
10101,749,12,0
10101,856,13,0
10101,858,14,0
10101,862,15,0
10101,831,16,0
10101,9001,17,0
10101,9007,18,0
10101,9000,19,0
10101,804,20,1
10102,804,1,0
10102,310,2,0
10102,811,3,0
10102,815,4,0
10102,1354,5,0
10102,1377,6,0
10102,1381,7,0
10102,1283,8,0
10102,1189,9,0
10102,1190,10,0
10102,1194,11,0
10102,1195,12,0
10102,1197,13,0
10102,991,14,0
10102,1037,15,0
10102,1039,16,0
10102,4300,17,0
10102,1666,18,0
10102,1002,19,0
10102,1660,20,0
10102,1661,21,1
10303,344,1,0
10303,326,2,0
10303,336,3,0
10303,334,4,0
10303,728,5,0
10303,724,6,0
10303,722,7,0
10303,718,8,0
10303,769,9,0
10303,1208,10,0
10303,1206,11,0
10303,4003,12,0
10303,3280,13,0
10303,1900,14,0
10303,1950,15,0
10303,1960,16,0
10303,1949,17,0
10303,96,18,0
10303,1907,19,0
10303,1909,20,0
10303,2614,21,0
10303,2616,22,1
10304,2616,1,0
10304,2612,2,0
10304,2613,3,0
10304,2518,4,0
10304,97,5,0
10304,1968,6,0
10304,1980,7,0
10304,1951,8,0
10304,1919,9,0
10304,3497,10,0
10304,4005,11,0
10304,1105,12,0
10304,1107,13,0
10304,1104,14,0
10304,717,15,0
10304,721,16,0
10304,723,17,0
10304,727,18,0
10304,333,19,0
10304,339,20,0
10304,344,21,1
10703,3333,1,0
10703,1714,2,0
10703,1690,3,0
10703,2706,4,0
10703,3225,5,0
10703,478,6,0
10703,12,7,0
10703,40,8,0
10703,2144,9,0
10703,3258,10,0
10703,2018,11,0
10703,2956,12,0
10703,2198,13,0
10703,2211,14,0
10703,543,15,0
10703,2218,16,0
10703,2968,17,0
10703,2985,18,0
10703,2800,19,0
10703,2875,20,0
10703,1687,21,0
10703,7200,22,1
10704,7200,1,0
10704,2875,2,0
10704,2711,3,0
10704,1396,4,0
10704,1397,5,0
10704,2230,6,0
10704,575,7,0
10704,2214,8,0
10704,2210,9,0
10704,3300,10,0
10704,3272,11,0
10704,21,12,0
10704,37,13,0
10704,3213,14,0
10704,3091,15,0
10704,3220,16,0
10704,2703,17,0
10704,1726,18,0
10704,1716,19,0
10704,3333,20,1
10803,804,1,0
10803,310,2,0
10803,811,3,0
10803,815,4,0
10803,3083,5,0
10803,1156,6,0
10803,6880,7,0
10803,2505,8,0
10803,2533,9,0
10803,6138,10,0
10803,6139,11,0
10803,2384,12,0
10803,99,13,0
10803,829,14,0
10803,2376,15,0
10803,2609,16,0
10803,2131,17,0
10803,2110,18,0
10803,2109,19,0
10803,2379,20,0
10803,2380,21,0
10803,2381,22,0
10803,2382,23,0
10803,2383,24,0
10803,2314,25,0
10803,2315,26,0
10803,2316,27,0
10803,2554,28,0
10803,2418,29,0
10803,2377,30,0
10803,2496,31,1
10804,1443,1,0
10804,2417,2,0
10804,2378,3,0
10804,2300,4,0
10804,2301,5,0
10804,2302,6,0
10804,2371,7,0
10804,2372,8,0
10804,2373,9,0
10804,2374,10,0
10804,2375,11,0
10804,2158,12,0
10804,2159,13,0
10804,2160,14,0
10804,533,15,0
10804,351,16,0
10804,539,17,0
10804,62,18,0
10804,6880,19,0
10804,2505,20,0
10804,2533,21,0
10804,6138,22,0
10804,1575,23,0
10804,1423,24,0
10804,3050,25,0
10804,4517,26,0
10804,9001,27,0
10804,9007,28,0
10804,9000,29,0
10804,804,30,1
10903,3150,1,0
10903,310,2,0
10903,811,3,0
10903,815,4,0
10903,3272,5,0
10903,3520,6,0
10903,1290,7,0
10903,1599,8,0
10903,3220,9,0
10903,2703,10,0
10903,1726,11,0
10903,1716,12,0
10903,1408,13,0
10903,2165,14,0
10903,313,15,0
10903,5747,16,0
10903,774,17,0
10903,3515,18,0
10903,2266,19,1
10904,2266,1,0
10904,3086,2,0
10904,1788,3,0
10904,5751,4,0
10904,2170,5,0
10904,715,6,0
10904,3333,7,0
10904,1714,8,0
10904,1690,9,0
10904,2706,10,0
10904,3225,11,0
10904,478,12,0
10904,1437,13,0
10904,1439,14,0
10904,3247,15,0
10904,3258,16,0
10904,9001,17,0
10904,9007,18,0
10904,9000,19,0
10904,3150,20,1
11003,4009,1,0
11003,283,2,0
11003,245,3,0
11003,566,4,0
11003,535,5,0
11003,910,6,0
11003,4007,7,0
11003,1720,8,0
11003,6,9,1
11004,3333,1,0
11004,1717,2,0
11004,1062,3,0
11004,991,4,0
11004,545,5,0
11004,526,6,0
11004,104,7,0
11004,106,8,0
11004,4009,9,1
30202,1515,1,0
30202,1579,2,0
30202,1580,3,0
30202,1581,4,0
30202,1310,5,0
30202,1323,6,0
30202,1324,7,0
30202,1352,8,0
30202,1353,9,0
30202,2268,10,0
30202,1255,11,0
30202,1256,12,0
30202,1257,13,0
30202,1258,14,0
30202,1259,15,0
30202,1260,16,0
30202,1261,17,0
30202,1262,18,0
30202,1263,19,0
30202,1264,20,0
30202,1265,21,0
30202,1206,22,0
30202,1204,23,0
30202,3270,24,0
30202,3271,25,0
30202,1400,26,0
30202,19,27,0
30202,6000,28,1
30401,1373,1,0
30401,1370,2,0
30401,1371,3,0
30401,1372,4,0
30401,1375,5,0
30401,1264,6,0
30401,1243,7,0
30401,1228,8,0
30401,1229,9,0
30401,1230,10,0
30401,1365,11,0
30401,1366,12,0
30401,1367,13,0
30401,1368,14,0
30401,1255,15,0
30401,1256,16,0
30401,1257,17,0
30401,1258,18,0
30401,1259,19,0
30401,1260,20,0
30401,1261,21,0
30401,1262,22,0
30401,1263,23,0
30401,1265,25,1
30402,1214,1,0
30402,1243,2,0
30402,1228,3,0
30402,1229,4,0
30402,1230,5,0
30402,1365,6,0
30402,1366,7,0
30402,1367,8,0
30402,1368,9,0
30402,1255,10,0
30402,1256,11,0
30402,1257,12,0
30402,1258,13,0
30402,1259,14,0
30402,1260,15,0
30402,1261,16,0
30402,1262,17,0
30402,1263,18,0
30402,1264,19,0
30402,1265,20,0
30402,1207,21,0
30402,1209,22,0
30402,1211,23,0
30402,1373,24,1
30503,3231,1,0
30503,2450,2,0
30503,2435,3,0
30503,2436,4,0
30503,2453,5,0
30503,1704,6,0
30503,1801,7,0
30503,1705,8,0
30503,1751,9,0
30503,1707,10,0
30503,3504,11,0
30503,1807,12,0
30503,1413,13,0
30503,1414,14,0
30503,2318,15,0
30503,1417,16,0
30503,1459,17,0
30503,1461,18,0
30503,1462,19,0
30503,1463,20,0
30503,1464,21,0
30503,1465,22,0
30503,1398,23,0
30503,1466,24,0
30503,3056,25,0
30503,1250,26,0
30503,2841,27,0
30503,1699,28,0
30503,1713,29,0
30503,1731,30,0
30503,3014,31,0
30503,1738,32,0
30503,1739,33,0
30503,1740,34,0
30503,1741,35,0
30503,1441,36,0
30503,1442,37,0
30503,3006,38,0
30503,2423,39,0
30503,2424,40,0
30503,2425,41,0
30503,2426,42,0
30503,2490,43,1
30504,782,1,0
30504,2410,2,0
30504,2457,3,0
30504,2411,4,0
30504,2412,5,0
30504,2413,6,0
30504,2414,7,0
30504,1445,8,0
30504,1743,9,0
30504,1744,10,0
30504,1748,11,0
30504,1750,12,0
30504,1754,13,0
30504,1763,14,0
30504,1829,15,0
30504,1830,16,0
30504,2881,17,0
30504,2885,18,0
30504,3064,19,0
30504,1669,20,0
30504,1670,21,0
30504,1671,22,0
30504,1672,23,0
30504,1673,24,0
30504,1674,25,0
30504,3231,26,1
30701,1515,1,0
30701,1579,2,0
30701,1580,3,0
30701,1581,4,0
30701,1310,5,0
30701,1323,6,0
30701,1328,7,0
30701,1329,8,0
30701,1330,9,0
30701,1331,10,0
30701,1332,11,0
30701,1333,12,0
30701,1334,13,0
30701,1335,14,0
30701,1336,15,0
30701,1337,16,0
30701,1339,17,0
30701,9161,18,0
30701,9022,19,0
30701,9023,20,0
30701,9024,21,0
30701,9025,22,0
30701,2892,23,0
30701,9027,24,0
30701,9028,25,0
30701,9029,26,0
30701,9030,27,0
30701,9031,28,0
30701,9052,29,0
30701,9162,30,0
30701,9008,31,0
30701,9009,32,0
30701,9010,33,0
30701,9011,34,0
30701,9014,35,0
30701,9098,36,0
30701,9080,37,0
30701,9000,38,1
30803,1833,1,0
30803,2680,2,0
30803,1834,3,0
30803,6810,4,0
30803,494,5,0
30803,1249,6,0
30803,1429,7,0
30803,1440,8,0
30803,1848,9,0
30803,1854,10,0
30803,2105,11,0
30803,3015,12,0
30803,2106,13,0
30803,2111,14,0
30803,3053,15,0
30803,892,16,1
30804,3023,1,0
30804,3147,2,0
30804,2112,3,0
30804,2113,4,0
30804,2114,5,0
30804,2120,6,0
30804,2197,7,0
30804,3002,8,0
30804,1159,9,0
30804,1160,10,0
30804,1161,11,0
30804,1162,12,0
30804,1157,13,0
30804,6812,14,0
30804,6813,15,0
30804,6814,16,1
30904,3023,1,0
30904,2173,2,0
30904,1451,3,0
30904,2517,4,0
30904,1452,5,0
30904,1453,6,0
30904,1487,7,0
30904,2335,8,0
30904,1496,9,0
30904,1497,10,0
30904,1412,11,0
30904,1488,12,0
30904,1489,13,0
30904,1494,14,0
30904,1490,15,0
30904,1491,16,0
30904,840,17,0
30904,1492,18,0
30904,1493,19,0
30904,1416,20,0
30904,1424,21,0
30904,851,22,0
30904,1456,23,0
30904,6000,24,1
31003,131,1,0
31003,130,2,0
31003,142,3,0
31003,129,4,0
31003,150,5,0
31003,144,6,0
31003,4502,7,0
31003,1253,8,0
31003,998,9,0
31003,1023,10,0
31003,1024,11,0
31003,1096,12,0
31003,1048,13,0
31003,1025,14,0
31003,1026,15,0
31003,1027,16,0
31003,1028,17,0
31003,1029,18,0
31003,1073,19,1
31203,430,1,0
31203,431,2,0
31203,420,3,0
31203,432,4,0
31203,315,5,0
31203,387,6,0
31203,416,7,0
31203,493,8,0
31203,496,9,0
31203,497,10,0
31203,498,11,0
31203,499,12,0
31203,491,13,0
31203,894,14,0
31203,895,15,0
31203,1296,16,0
31203,2221,17,0
31203,2267,18,0
31203,1564,19,0
31203,1565,20,0
31203,1566,21,0
31203,1567,22,0
31203,1568,23,0
31203,1569,24,0
31203,1400,25,0
31203,19,26,0
31203,6,27,1
31403,2129,1,0
31403,853,2,0
31403,1434,3,0
31403,479,4,0
31403,2122,5,0
31403,3282,6,0
31403,1699,7,0
31403,1713,8,0
31403,1731,9,0
31403,1470,10,0
31403,1297,11,0
31403,2148,12,0
31403,2150,13,0
31403,1363,14,0
31403,1738,15,0
31403,1739,16,0
31403,1740,17,0
31403,1741,18,0
31403,2173,19,1
31404,891,1,0
31404,2349,2,0
31404,1743,3,0
31404,1744,4,0
31404,1748,5,0
31404,1750,6,0
31404,1369,7,0
31404,1338,8,0
31404,2178,9,0
31404,2183,10,0
31404,1409,11,0
31404,1448,12,0
31404,1763,13,0
31404,1829,14,0
31404,1830,15,0
31404,3440,16,0
31404,2195,17,0
31404,483,18,0
31404,1467,19,0
31404,923,20,0
31404,1159,21,0
31404,814,22,1
31503,766,1,0
31503,480,2,0
31503,1970,3,0
31503,1971,4,0
31503,1972,5,0
31503,1973,6,0
31503,1974,7,0
31503,1067,8,0
31503,824,9,0
31503,1990,10,0
31503,494,11,0
31503,1249,12,0
31503,1429,13,0
31503,1440,14,0
31503,814,15,1
31504,2129,1,0
31504,1160,2,0
31504,1161,3,0
31504,1162,4,0
31504,1157,5,0
31504,2130,6,0
31504,791,7,0
31504,825,8,0
31504,1977,9,0
31504,1978,10,0
31504,1979,11,0
31504,1985,12,0
31504,1986,13,0
31504,6000,14,1
32103,3314,1,0
32103,3317,2,0
32103,3338,3,0
32103,3339,4,0
32103,3322,5,0
32103,3323,6,0
32103,3324,7,0
32103,3528,8,0
32103,3529,9,0
32103,5711,10,0
32103,5712,11,0
32103,5713,12,0
32103,5723,13,0
32103,4102,14,0
32103,4103,15,0
32103,4104,16,1
32104,4103,1,0
32104,4104,2,0
32104,3204,3,0
32104,4906,4,0
32104,5625,5,0
32104,5626,6,0
32104,5627,7,0
32104,5628,8,0
32104,5629,9,0
32104,3352,10,0
32104,3532,11,0
32104,3325,12,0
32104,3326,13,0
32104,3340,14,0
32104,3337,15,0
32104,3332,16,0
32104,3334,17,1
33404,3023,1,0
33404,2173,2,0
33404,1451,3,0
33404,2517,4,0
33404,1452,5,0
33404,1453,6,0
33404,1896,7,0
33404,2270,8,0
33404,2151,9,0
33404,2271,10,0
33404,1966,11,0
33404,845,12,0
33404,1999,13,0
33404,1697,14,0
33404,1954,15,0
33404,836,16,0
33404,1957,17,0
33404,1967,18,0
33404,1956,19,0
33404,1976,20,0
33404,1977,21,0
33404,1978,22,0
33404,1979,23,0
33404,1985,24,0
33404,1986,25,0
33404,1005,26,0
33404,6000,27,1
33502,430,1,0
33502,431,2,0
33502,420,3,0
33502,432,4,0
33502,315,5,0
33502,367,6,0
33502,368,7,0
33502,854,8,0
33502,369,9,0
33502,370,10,0
33502,371,11,0
33502,372,12,0
33502,373,13,0
33502,374,14,0
33502,375,15,0
33502,376,16,0
33502,335,17,0
33502,337,18,0
33502,339,19,0
33502,377,20,0
33502,378,21,0
33502,267,22,0
33502,268,23,0
33502,637,24,0
33502,269,25,0
33502,270,26,0
33502,272,27,0
33502,291,28,0
33502,292,29,0
33502,274,30,0
33502,275,31,0
33502,237,32,0
33502,238,33,0
33502,1454,34,0
33502,239,35,0
33502,240,36,0
33502,241,37,0
33502,242,38,0
33502,243,39,0
33502,104,40,0
33502,105,41,0
33502,106,42,0
33502,297,43,1
34701,972,1,0
34701,932,2,0
34701,933,3,0
34701,934,4,0
34701,935,5,0
34701,928,6,0
34701,962,7,0
34701,963,8,0
34701,938,9,0
34701,939,10,0
34701,940,11,0
34701,349,12,0
34701,350,13,0
34701,1089,14,1
34702,1013,1,0
34702,1151,2,0
34702,1074,3,0
34702,896,4,0
34702,924,5,0
34702,926,6,0
34702,1213,7,0
34702,927,8,0
34702,974,9,0
34702,975,10,0
34702,976,11,0
34702,977,12,0
34702,2746,13,0
34702,970,14,1
